ENM/Final_Models/M_1_F_lqp_Set_1_EC/Gustavia_santanderiensis_0_Choco.asc
ncols         367
nrows         963
xllcorner     -78.6
yllcorner     0.65
cellsize      0.00833333333333323
NODATA_value  -9999
[rows 120 to 149 of 963, columns 201 to 267 of 367]
1.00956E-1 2.76452E-1 2.35273E-1 2.23136E-1 1.39564E-1 1.38059E-1 1.4695E-1 7.77933E-2 1.1999E-1 1.96419E-1 2.14268E-1 1.2739E-1 9.953E-2 1.68316E-1 1.54437E-1 2.6929E-1 2.74143E-1 3.58146E-1 2.61492E-1 3.27275E-1 3.82901E-1 3.20299E-1 4.201E-1 4.92417E-1 4.06943E-1 3.74835E-1 4.57822E-1 6.66989E-1 3.59927E-1 1.67912E-1 6.64747E-1 8.92841E-1 8.07778E-1 7.46259E-1 7.27672E-1 7.38473E-1 8.10445E-1 7.6501E-1 8.06605E-1 7.34854E-1 7.39722E-1 6.52599E-1 6.21748E-1 4.35365E-1 5.44066E-1 5.69494E-1 4.4345E-1 3.53264E-1 1.98418E-1 2.43806E-1 2.45751E-1 1.13455E-1 5.79628E-2 1.04048E-1 1.09258E-1 1.25682E-1 2.24497E-1 2.81306E-1 4.19267E-1 -9999 -9999 -9999 -9999 -9999 -9999 -9999 3.05874E-1
1.60444E-1 3.03756E-1 1.95657E-1 2.40373E-1 1.98504E-1 1.32342E-1 1.7788E-1 1.21199E-1 8.59873E-2 2.16861E-1 2.22882E-1 2.38514E-1 1.02477E-1 1.5965E-1 1.74662E-1 1.38106E-1 1.9431E-1 1.45706E-1 2.5357E-1 2.52978E-1 3.03941E-1 3.45451E-1 2.63629E-1 3.9514E-1 4.04656E-1 5.45184E-1 4.04183E-1 7.74338E-1 2.37824E-1 1.85582E-1 3.40444E-1 7.35478E-1 8.34132E-1 6.85854E-1 5.93237E-1 6.72457E-1 6.65198E-1 8.11883E-1 7.69897E-1 8.40407E-1 6.85673E-1 5.51175E-1 7.08047E-1 6.16214E-1 5.74708E-1 5.18571E-1 2.9172E-1 3.0214E-1 1.73671E-1 1.42942E-1 1.25922E-1 3.48171E-2 4.51779E-2 5.40892E-2 1.79187E-1 2.21339E-1 3.12614E-1 4.58499E-1 3.25644E-1 2.3411E-1 -9999 -9999 -9999 -9999 -9999 -9999 3.74013E-1
1.74801E-1 1.54263E-1 1.49251E-1 1.54793E-1 2.39742E-1 7.43055E-2 1.23572E-1 1.60984E-1 1.04802E-1 9.77194E-2 1.33079E-1 2.02618E-1 1.2309E-1 8.77615E-2 1.54365E-1 1.96733E-1 1.76604E-1 1.79352E-1 2.11648E-1 1.72033E-1 2.94343E-1 3.99232E-1 3.31399E-1 5.2587E-1 4.18424E-1 4.33101E-1 3.63744E-1 5.9257E-1 6.61025E-1 4.8869E-1 5.66117E-1 9.19372E-1 8.4703E-1 7.14471E-1 5.67757E-1 5.7763E-1 6.89299E-1 7.57988E-1 6.71244E-1 7.19357E-1 6.00466E-1 8.10346E-1 7.35183E-1 6.14139E-1 5.2727E-1 4.04362E-1 2.09215E-1 1.95883E-1 2.45172E-1 1.84455E-1 1.54523E-1 5.43209E-2 7.91817E-3 7.24964E-2 9.13497E-2 3.61684E-1 3.58586E-1 4.37267E-1 2.26713E-1 1.14058E-1 -9999 -9999 -9999 -9999 -9999 -9999 5.46589E-1
1.82202E-1 2.18397E-1 9.50526E-2 1.18219E-1 1.29044E-1 6.91446E-2 1.66604E-1 1.73763E-1 2.0083E-1 1.29054E-1 1.66864E-1 1.66062E-1 9.19145E-2 9.28337E-2 1.74106E-1 2.90386E-1 2.04104E-1 1.76167E-1 1.51067E-1 1.79538E-1 3.92922E-1 4.88334E-1 3.04591E-1 4.3082E-1 3.85477E-1 3.67304E-1 3.14348E-1 5.64512E-1 7.1919E-1 6.2726E-1 7.32935E-1 7.68555E-1 7.24352E-1 7.42883E-1 7.96541E-1 4.94538E-1 5.4883E-1 7.01875E-1 7.0398E-1 7.40284E-1 6.16275E-1 7.98114E-1 6.88001E-1 5.71936E-1 5.24636E-1 2.21668E-1 1.09306E-1 1.84451E-1 2.3575E-1 1.46599E-1 1.4552E-1 6.44885E-2 2.68745E-2 1.43866E-1 1.94337E-1 3.12352E-1 4.60297E-1 2.77141E-1 2.40516E-1 9.31571E-2 1.17618E-1 -9999 -9999 -9999 -9999 -9999 4.47594E-1
1.68161E-1 1.87503E-1 1.76504E-1 9.9664E-2 1.38863E-1 1.23053E-1 9.06821E-2 2.01622E-1 1.21734E-1 1.38734E-1 1.24498E-1 2.00695E-1 1.25777E-1 2.3344E-1 2.43797E-1 2.58147E-1 1.82153E-1 1.83582E-1 1.93567E-1 3.56814E-1 3.88956E-1 3.94104E-1 2.00214E-1 2.75914E-1 4.58643E-1 4.60605E-1 4.57211E-1 4.53912E-1 5.73289E-1 4.93027E-1 4.92935E-1 6.4497E-1 8.5544E-1 7.42413E-1 7.78078E-1 4.76824E-1 4.19915E-1 3.92491E-1 5.45696E-1 7.59115E-1 6.98086E-1 6.52766E-1 6.2849E-1 5.22524E-1 5.66413E-1 2.3387E-1 1.31651E-1 1.71695E-1 1.64969E-1 9.62091E-2 3.88461E-2 1.62009E-2 2.74441E-2 1.00158E-1 2.46779E-1 3.43608E-1 6.68342E-1 3.15514E-1 1.98654E-1 2.08619E-1 3.39225E-1 -9999 -9999 -9999 -9999 -9999 4.69113E-1
1.34003E-1 2.79089E-1 1.01671E-1 1.45105E-1 1.23759E-1 8.39381E-2 1.58901E-1 1.01746E-1 1.26506E-1 4.76202E-2 1.38508E-1 1.58102E-1 2.36448E-1 2.33692E-1 2.62712E-1 3.82423E-1 1.39879E-1 1.47263E-1 1.24007E-1 2.65579E-1 3.85814E-1 3.35039E-1 2.78357E-1 2.92015E-1 4.19953E-1 5.67113E-1 4.60234E-1 5.25586E-1 5.06271E-1 4.52922E-1 5.13723E-1 7.22834E-1 7.88821E-1 8.07772E-1 9.00318E-1 6.85686E-1 5.25923E-1 4.2293E-1 5.9534E-1 7.0768E-1 6.89481E-1 6.58749E-1 5.02002E-1 4.59793E-1 5.82676E-1 5.26633E-1 1.49007E-1 1.23143E-1 1.27933E-1 5.20728E-2 7.69133E-2 3.78673E-2 1.45773E-1 5.8939E-2 3.25337E-1 7.04501E-1 4.24895E-1 3.4935E-1 2.93217E-1 1.63185E-1 2.27631E-1 2.46495E-1 -9999 -9999 -9999 -9999 5.27707E-1
1.98327E-1 2.37201E-1 1.08249E-1 1.38609E-1 1.31973E-1 9.27515E-2 2.00216E-1 1.82602E-1 1.69232E-1 2.712E-1 2.29042E-1 2.36969E-1 4.2277E-1 4.06547E-1 4.28297E-1 3.88289E-1 1.58406E-1 1.72653E-1 1.60891E-1 1.50903E-1 3.52507E-1 3.83089E-1 3.13725E-1 3.3685E-1 3.45669E-1 3.33824E-1 3.62009E-1 3.82152E-1 4.18719E-1 7.61013E-1 7.48638E-1 8.02747E-1 7.83277E-1 8.78503E-1 8.99932E-1 6.82289E-1 6.3984E-1 4.21381E-1 4.81077E-1 6.51888E-1 6.61466E-1 4.81122E-1 4.40893E-1 4.73315E-1 6.29147E-1 3.25529E-1 2.26085E-1 2.81224E-1 1.27931E-1 8.14868E-2 5.43558E-2 1.48621E-1 1.59151E-1 2.462E-1 4.359E-1 5.8176E-1 2.42594E-1 2.25058E-1 3.92876E-1 2.56135E-1 3.1445E-1 3.23393E-1 -9999 -9999 -9999 5.92115E-1 4.79041E-1
4.11103E-1 2.96078E-1 1.94077E-1 1.49949E-1 1.30741E-1 1.3348E-1 1.48772E-1 1.97617E-1 1.65256E-1 2.50942E-1 3.68824E-1 3.24025E-1 4.19521E-1 3.91486E-1 5.42699E-1 4.77348E-1 3.34787E-1 4.10479E-1 1.89282E-1 1.08609E-1 3.27188E-1 3.72637E-1 4.25564E-1 3.69394E-1 3.84404E-1 3.94337E-1 2.7384E-1 2.99458E-1 3.62181E-1 5.61584E-1 6.45002E-1 8.15806E-1 6.81472E-1 9.04057E-1 9.20008E-1 7.18953E-1 6.29319E-1 5.73264E-1 4.16203E-1 4.30911E-1 4.65517E-1 6.48337E-1 6.02676E-1 4.57079E-1 4.49895E-1 4.58108E-1 3.30868E-1 2.40359E-1 1.19538E-1 8.72331E-2 6.93264E-2 1.58415E-1 1.56658E-1 2.00725E-1 4.11121E-1 5.96942E-1 5.89283E-1 4.82288E-1 3.41781E-1 2.54636E-1 2.83288E-1 3.27266E-1 2.42983E-1 -9999 -9999 6.25155E-1 4.85978E-1
3.57941E-1 2.83461E-1 1.66974E-1 1.22472E-1 1.49871E-1 1.50665E-1 1.25146E-1 2.13892E-1 2.22625E-1 2.83345E-1 2.66854E-1 2.93039E-1 3.28517E-1 3.58671E-1 2.53457E-1 5.93563E-1 4.56112E-1 3.43382E-1 2.63032E-1 1.61715E-1 2.00221E-1 3.56607E-1 2.56271E-1 3.74023E-1 2.34541E-1 3.07746E-1 2.60509E-1 3.15864E-1 3.37132E-1 5.07208E-1 4.82737E-1 5.79962E-1 8.67111E-1 9.05705E-1 9.236E-1 7.7841E-1 6.4478E-1 5.4988E-1 4.62834E-1 4.18702E-1 4.9077E-1 4.74904E-1 5.49541E-1 3.94981E-1 5.56422E-1 5.11357E-1 1.87347E-1 2.11965E-1 1.40335E-1 5.41302E-2 5.46847E-2 1.14318E-1 1.16996E-1 2.44027E-1 3.55177E-1 4.55324E-1 5.56082E-1 5.31167E-1 5.59103E-1 4.66721E-1 3.24859E-1 3.25176E-1 2.19183E-1 -9999 -9999 2.95717E-1 4.55242E-1
2.66492E-1 3.89451E-1 2.9965E-1 2.34301E-1 2.07316E-1 1.6411E-1 2.21233E-1 2.23514E-1 2.52549E-1 2.67244E-1 4.87119E-1 4.22745E-1 3.17239E-1 4.55695E-1 4.28181E-1 4.24245E-1 4.08014E-1 5.13902E-1 4.06198E-1 2.24418E-1 2.13388E-1 2.28864E-1 3.39942E-1 2.41222E-1 2.42178E-1 2.81167E-1 3.49924E-1 4.56096E-1 4.6725E-1 5.36937E-1 6.36657E-1 6.75238E-1 6.65412E-1 6.55074E-1 9.0778E-1 6.8537E-1 7.39999E-1 7.18443E-1 5.01649E-1 5.11961E-1 4.22562E-1 4.65856E-1 5.5271E-1 4.55519E-1 6.31093E-1 6.04094E-1 2.9681E-1 2.07024E-1 1.54694E-1 9.89179E-2 1.12384E-1 1.11628E-1 2.45214E-1 2.60248E-1 1.86232E-1 2.8147E-1 4.45108E-1 3.76117E-1 4.2408E-1 4.95524E-1 5.34091E-1 3.80881E-1 2.59173E-1 -9999 -9999 2.76303E-1 3.28852E-1
2.86859E-1 3.7859E-1 1.28253E-1 3.32568E-1 1.83612E-1 2.50673E-1 1.68553E-1 4.6679E-1 4.61532E-1 5.46328E-1 5.0158E-1 3.95225E-1 3.50219E-1 5.00731E-1 3.91083E-1 4.39017E-1 3.7879E-1 3.9578E-1 3.73551E-1 2.99342E-1 4.17339E-1 2.76285E-1 2.43239E-1 1.68554E-1 1.71272E-1 1.7669E-1 2.86591E-1 3.95753E-1 6.14449E-1 6.26103E-1 4.51354E-1 6.61685E-1 6.81431E-1 8.18799E-1 9.13983E-1 7.53991E-1 7.1489E-1 6.97851E-1 5.47437E-1 4.95553E-1 6.01704E-1 5.66001E-1 5.66369E-1 4.77395E-1 6.05837E-1 4.84072E-1 2.92716E-1 1.59087E-1 1.08082E-1 4.48713E-2 6.51572E-2 7.88012E-2 2.90994E-1 2.9492E-1 1.53564E-1 1.45397E-1 2.56963E-1 3.33156E-1 4.73283E-1 4.93053E-1 5.23107E-1 4.068E-1 3.20204E-1 2.35887E-1 -9999 1.8067E-1 2.68266E-1
3.70043E-1 3.43286E-1 2.59269E-1 1.75966E-1 3.47494E-1 3.65432E-1 1.88797E-1 2.77461E-1 1.919E-1 4.27518E-1 3.2301E-1 4.70986E-1 4.63459E-1 3.30792E-1 3.29357E-1 4.55134E-1 3.85247E-1 2.85171E-1 3.04479E-1 3.77161E-1 3.69391E-1 2.07842E-1 3.51163E-1 3.29219E-1 2.83191E-1 1.47393E-1 1.70198E-1 3.61897E-1 5.2192E-1 6.958E-1 6.17224E-1 5.81233E-1 8.08511E-1 8.27343E-1 7.8755E-1 8.57982E-1 9.01374E-1 7.55377E-1 5.92491E-1 4.66587E-1 4.11309E-1 5.02092E-1 6.46334E-1 5.90474E-1 6.7779E-1 5.68364E-1 4.08153E-1 1.60595E-1 1.81832E-1 9.60983E-2 7.1647E-2 1.00343E-1 1.6155E-1 1.29616E-1 2.11507E-1 2.2396E-1 2.10514E-1 1.31085E-1 3.22346E-1 4.97231E-1 4.91354E-1 4.07228E-1 3.15494E-1 3.56129E-1 -9999 -9999 3.34258E-1
3.94762E-1 2.31713E-1 4.24757E-1 4.86255E-1 4.36392E-1 3.86628E-1 3.6186E-1 4.10211E-1 3.98409E-1 3.07907E-1 3.00775E-1 4.58417E-1 4.67662E-1 2.88091E-1 3.00666E-1 2.60597E-1 3.59032E-1 2.5316E-1 2.48455E-1 2.23069E-1 2.9063E-1 3.00422E-1 4.28086E-1 2.70227E-1 3.57237E-1 3.19221E-1 4.26802E-1 7.68646E-1 7.85472E-1 7.08449E-1 6.26612E-1 6.66916E-1 7.75672E-1 8.64958E-1 9.05157E-1 7.89098E-1 7.4494E-1 7.4802E-1 6.97155E-1 7.09725E-1 6.84703E-1 7.22027E-1 7.22889E-1 7.159E-1 7.6728E-1 7.31002E-1 3.84717E-1 2.56224E-1 1.1696E-1 1.10291E-1 1.11497E-1 1.72324E-1 1.82881E-1 2.06644E-1 2.48895E-1 3.89096E-1 1.79224E-1 1.96045E-1 1.38266E-1 2.83026E-1 3.17754E-1 5.46756E-1 5.82623E-1 4.22987E-1 4.91779E-1 -9999 4.04097E-1
2.7071E-1 1.58351E-1 2.86022E-1 1.99227E-1 2.27101E-1 3.46232E-1 2.97217E-1 3.47608E-1 3.16745E-1 3.50473E-1 5.17509E-1 4.95379E-1 4.2224E-1 4.72878E-1 5.01761E-1 2.94905E-1 3.85892E-1 3.80642E-1 3.68233E-1 3.44116E-1 3.37618E-1 3.12354E-1 3.52738E-1 4.41893E-1 5.06321E-1 4.29407E-1 6.19114E-1 8.4464E-1 7.22843E-1 7.82676E-1 7.7786E-1 8.13235E-1 9.50726E-1 9.22044E-1 8.61053E-1 7.90472E-1 8.77978E-1 8.24046E-1 8.2717E-1 7.90097E-1 8.13099E-1 8.55255E-1 6.94109E-1 7.45364E-1 6.99754E-1 7.46802E-1 5.8518E-1 3.49921E-1 1.67554E-1 7.06071E-2 9.0691E-2 1.05935E-1 1.42672E-1 1.47592E-1 2.4946E-1 1.67069E-1 2.36383E-1 2.80493E-1 2.61125E-1 2.11618E-1 2.75776E-1 3.19617E-1 6.3402E-1 5.80271E-1 5.06017E-1 -9999 -9999
3.06358E-1 2.22222E-1 2.12211E-1 3.8496E-1 2.20904E-1 2.86986E-1 3.92879E-1 3.72727E-1 3.11347E-1 3.89263E-1 3.28157E-1 3.00849E-1 2.7811E-1 4.84332E-1 5.27442E-1 2.60933E-1 4.80156E-1 4.46785E-1 3.97082E-1 3.67015E-1 3.64665E-1 3.65877E-1 3.15373E-1 4.52902E-1 4.46178E-1 4.89348E-1 4.23699E-1 6.63371E-1 7.61391E-1 6.87512E-1 9.13216E-1 8.59599E-1 9.4322E-1 9.40686E-1 9.38871E-1 8.55853E-1 9.32227E-1 8.73937E-1 8.59528E-1 8.40367E-1 9.39326E-1 8.7944E-1 7.4543E-1 8.8108E-1 8.61112E-1 8.09393E-1 7.0527E-1 2.84593E-1 1.93709E-1 8.78884E-2 6.20064E-2 8.31728E-2 1.04161E-1 9.73475E-2 2.49707E-1 9.43608E-2 2.16406E-1 3.06786E-1 3.9873E-1 2.18696E-1 2.23514E-1 2.62856E-1 5.78064E-1 4.92016E-1 6.79243E-1 -9999 -9999
3.38388E-1 2.85324E-1 2.92573E-1 3.33735E-1 1.86792E-1 2.63865E-1 4.17637E-1 4.99504E-1 3.4542E-1 4.24593E-1 3.83544E-1 4.39337E-1 7.0688E-1 7.38988E-1 8.07883E-1 5.56367E-1 3.2696E-1 4.73042E-1 4.16217E-1 3.5102E-1 3.3633E-1 3.22204E-1 3.26641E-1 3.43048E-1 4.1384E-1 4.17979E-1 4.26654E-1 6.08875E-1 7.69713E-1 8.58578E-1 8.99134E-1 8.87459E-1 9.19019E-1 9.41302E-1 8.85577E-1 8.07079E-1 9.33812E-1 8.22742E-1 8.18294E-1 9.10282E-1 7.93877E-1 9.593E-1 7.71787E-1 6.69958E-1 6.85359E-1 6.94794E-1 6.68961E-1 3.27035E-1 1.92937E-1 9.98633E-2 9.92939E-2 4.68771E-2 3.94981E-2 3.81509E-2 6.57211E-2 9.70615E-2 2.23575E-1 2.82999E-1 2.80542E-1 2.95913E-1 1.91024E-1 2.29186E-1 5.29483E-1 6.28716E-1 6.80185E-1 5.95752E-1 -9999
4.60044E-1 4.73393E-1 4.43475E-1 3.73756E-1 3.32454E-1 4.43649E-1 4.90714E-1 7.10079E-1 7.42667E-1 4.98155E-1 3.84915E-1 4.90142E-1 7.60985E-1 7.35252E-1 8.30606E-1 5.66512E-1 3.05168E-1 3.62708E-1 4.77455E-1 4.23301E-1 3.16538E-1 2.17668E-1 2.3953E-1 3.39794E-1 4.90772E-1 4.81038E-1 6.55116E-1 6.82677E-1 7.87928E-1 7.3487E-1 8.33724E-1 8.46165E-1 8.43362E-1 8.86734E-1 8.93571E-1 8.9085E-1 8.96774E-1 8.03334E-1 7.8668E-1 6.51952E-1 3.61401E-1 5.0886E-1 6.84306E-1 6.81339E-1 5.7314E-1 6.14136E-1 6.66933E-1 5.62755E-1 3.43428E-1 1.66095E-1 1.19594E-1 5.57587E-2 3.78558E-2 2.65545E-2 1.98451E-2 4.80266E-2 1.5508E-1 1.13925E-1 8.64381E-2 2.88018E-1 2.86594E-1 2.28302E-1 5.45653E-1 5.74041E-1 5.10977E-1 4.1443E-1 3.82228E-1
4.37805E-1 2.33975E-1 6.19793E-1 6.02423E-1 4.67193E-1 7.32989E-1 7.3672E-1 7.4619E-1 7.94884E-1 5.89008E-1 6.71306E-1 6.41918E-1 7.72035E-1 7.88352E-1 8.8102E-1 8.10962E-1 6.07454E-1 3.60992E-1 5.66434E-1 6.2622E-1 4.16702E-1 3.48361E-1 5.12012E-1 4.29626E-1 5.00634E-1 5.33334E-1 5.90581E-1 6.25092E-1 7.86367E-1 8.55347E-1 7.93262E-1 8.03188E-1 8.04569E-1 9.18076E-1 7.00691E-1 7.92893E-1 8.40302E-1 7.99673E-1 8.42624E-1 5.4287E-1 2.97043E-1 4.14491E-1 4.75467E-1 4.66554E-1 4.67252E-1 4.56605E-1 6.26957E-1 5.62598E-1 5.45665E-1 3.33887E-1 2.10505E-1 1.46834E-1 6.34989E-2 3.56234E-2 3.58619E-2 2.35349E-2 9.86739E-2 8.90198E-2 7.62827E-2 2.05842E-1 2.51935E-1 2.20196E-1 4.14718E-1 4.91738E-1 3.94834E-1 6.28364E-1 6.29695E-1
4.56271E-1 4.36781E-1 5.69163E-1 9.06505E-1 7.22567E-1 5.25007E-1 4.66933E-1 8.20016E-1 8.14592E-1 9.13294E-1 9.05352E-1 8.78819E-1 8.73659E-1 9.26219E-1 8.64907E-1 8.99012E-1 5.92129E-1 5.84065E-1 5.10198E-1 4.51377E-1 5.63326E-1 7.16412E-1 7.2794E-1 7.66067E-1 7.19213E-1 6.12669E-1 6.36791E-1 5.16886E-1 5.64219E-1 7.42388E-1 7.68401E-1 7.18826E-1 7.36922E-1 7.23262E-1 5.80545E-1 8.49958E-1 8.44529E-1 8.73769E-1 8.64679E-1 6.04493E-1 3.22107E-1 3.34315E-1 3.44284E-1 4.65523E-1 4.23215E-1 3.02683E-1 3.04261E-1 5.28499E-1 7.83339E-1 4.97076E-1 2.7208E-1 1.89813E-1 9.21138E-2 3.76825E-2 2.66741E-2 5.02809E-2 4.48039E-2 4.72417E-2 5.60201E-2 1.03821E-1 1.5222E-1 3.24046E-1 4.24799E-1 5.23344E-1 4.14166E-1 5.92648E-1 6.40519E-1
2.76995E-1 2.84189E-1 5.37119E-1 7.26085E-1 6.30941E-1 4.90456E-1 4.29246E-1 7.37243E-1 9.07013E-1 7.58839E-1 9.19256E-1 8.97519E-1 8.89309E-1 9.09452E-1 8.50627E-1 8.68542E-1 6.73445E-1 5.53153E-1 6.29081E-1 4.58582E-1 4.97882E-1 7.21299E-1 7.62421E-1 7.40047E-1 7.72798E-1 7.77519E-1 7.30709E-1 5.91293E-1 6.23489E-1 4.32482E-1 5.09724E-1 7.22175E-1 7.38762E-1 7.06427E-1 7.51352E-1 6.29981E-1 7.26688E-1 5.71464E-1 8.24489E-1 9.01091E-1 7.81963E-1 7.20643E-1 8.14816E-1 5.4937E-1 5.21241E-1 4.01826E-1 4.17208E-1 5.13252E-1 7.57552E-1 6.05146E-1 2.9206E-1 1.68166E-1 1.28971E-1 4.68748E-2 3.36475E-2 2.26041E-2 4.35231E-2 6.1341E-2 1.10248E-1 1.35773E-1 3.17672E-1 4.00844E-1 3.91326E-1 4.59141E-1 5.55534E-1 6.50326E-1 4.80679E-1
4.96044E-1 4.19606E-1 5.32283E-1 7.28462E-1 5.90652E-1 8.16957E-1 8.42701E-1 8.09388E-1 9.74395E-1 6.32995E-1 8.14437E-1 9.13936E-1 9.06616E-1 8.20639E-1 9.46412E-1 7.63347E-1 7.33439E-1 6.73326E-1 4.86517E-1 6.71396E-1 5.66285E-1 5.53816E-1 7.7253E-1 8.05405E-1 8.72034E-1 8.02715E-1 7.77527E-1 5.85566E-1 5.18836E-1 5.73988E-1 4.79978E-1 7.47179E-1 7.92192E-1 7.1138E-1 5.49726E-1 4.99297E-1 5.25355E-1 4.6865E-1 8.04445E-1 8.81252E-1 9.30745E-1 8.91362E-1 8.74193E-1 6.19746E-1 5.00379E-1 4.58183E-1 4.66921E-1 3.09174E-1 4.05348E-1 5.36284E-1 2.42523E-1 1.06675E-1 7.79071E-2 5.99496E-2 4.23061E-2 3.84101E-2 5.17425E-2 6.58522E-2 8.232E-2 1.00195E-1 2.8755E-1 2.51163E-1 2.60377E-1 4.99577E-1 5.72071E-1 5.15528E-1 5.40567E-1
4.94313E-1 6.9488E-1 7.09772E-1 8.62208E-1 6.919E-1 8.58406E-1 6.70405E-1 7.86326E-1 7.62298E-1 6.61813E-1 6.986E-1 8.92363E-1 7.32961E-1 9.10161E-1 9.00426E-1 8.17387E-1 8.53809E-1 7.66092E-1 8.26064E-1 8.31427E-1 7.97212E-1 7.47048E-1 7.39031E-1 7.97583E-1 8.83965E-1 8.10925E-1 8.14931E-1 7.20592E-1 5.02602E-1 5.78245E-1 6.94485E-1 7.00414E-1 7.13609E-1 6.59345E-1 6.13483E-1 5.66386E-1 5.89428E-1 4.4469E-1 8.34759E-1 8.44114E-1 8.90629E-1 9.07019E-1 8.88419E-1 7.37176E-1 5.02426E-1 4.51649E-1 4.52769E-1 3.92364E-1 3.33791E-1 4.48055E-1 2.15815E-1 1.28525E-1 9.54765E-2 9.08459E-2 4.99211E-2 3.31463E-2 4.08656E-2 4.86935E-2 5.43396E-2 8.26174E-2 2.00564E-1 2.38355E-1 2.69941E-1 4.13546E-1 5.31664E-1 5.83406E-1 5.66046E-1
8.2049E-1 8.29748E-1 8.31502E-1 8.59627E-1 7.74643E-1 6.02484E-1 7.18165E-1 6.78229E-1 7.61022E-1 8.76642E-1 7.6197E-1 8.14264E-1 7.73322E-1 8.06898E-1 8.08437E-1 7.97541E-1 8.13651E-1 8.30831E-1 8.88389E-1 9.13932E-1 8.86891E-1 8.446E-1 8.66991E-1 9.15555E-1 8.25164E-1 8.47598E-1 8.3812E-1 7.23317E-1 5.77147E-1 6.01513E-1 7.60822E-1 6.18486E-1 3.82461E-1 3.85646E-1 6.36454E-1 5.82834E-1 5.52102E-1 5.46137E-1 7.49561E-1 6.95924E-1 8.74046E-1 8.34149E-1 8.26796E-1 8.36206E-1 8.75785E-1 7.89926E-1 6.22003E-1 5.42393E-1 4.20442E-1 5.03998E-1 2.70462E-1 2.60838E-1 1.36318E-1 6.49622E-2 1.25013E-2 1.22807E-2 1.94622E-2 1.72554E-2 3.08093E-2 1.01872E-1 1.84359E-1 2.45318E-1 3.09211E-1 3.97635E-1 5.86325E-1 6.5826E-1 5.92877E-1
8.06209E-1 8.30013E-1 7.84587E-1 8.04548E-1 7.87302E-1 8.16809E-1 8.8701E-1 7.41785E-1 9.40875E-1 9.50065E-1 9.11278E-1 8.05231E-1 7.79686E-1 7.07027E-1 7.20379E-1 8.82985E-1 8.34197E-1 8.17128E-1 8.76814E-1 9.1893E-1 9.50194E-1 8.81183E-1 7.68204E-1 7.13815E-1 6.61249E-1 7.46519E-1 8.39646E-1 6.66612E-1 5.91801E-1 6.24028E-1 7.29375E-1 5.83347E-1 2.82248E-1 3.57586E-1 4.79479E-1 3.88769E-1 3.96225E-1 7.02076E-1 7.65374E-1 7.12888E-1 6.47233E-1 6.09762E-1 6.92058E-1 8.68075E-1 9.23205E-1 8.21787E-1 7.1865E-1 6.07712E-1 4.46293E-1 5.23536E-1 3.56399E-1 1.85075E-1 1.09964E-1 7.87092E-2 4.29533E-2 1.84726E-2 2.15504E-2 1.33513E-2 2.1601E-2 1.24954E-1 2.0972E-1 1.59764E-1 1.85449E-1 3.21642E-1 4.02959E-1 5.65688E-1 6.45278E-1
9.12893E-1 9.21523E-1 8.87099E-1 9.34888E-1 8.26012E-1 7.23222E-1 6.35812E-1 5.51074E-1 7.77396E-1 8.12471E-1 8.83882E-1 7.3602E-1 7.74154E-1 7.1781E-1 8.52502E-1 8.75168E-1 8.77906E-1 7.92434E-1 7.17557E-1 7.57079E-1 6.756E-1 8.7659E-1 8.37231E-1 5.82465E-1 5.8006E-1 7.26365E-1 7.65631E-1 7.24186E-1 6.71019E-1 5.01811E-1 5.27031E-1 4.73962E-1 3.6857E-1 3.32108E-1 4.49113E-1 4.46677E-1 7.15295E-1 3.39031E-1 4.30514E-1 6.36618E-1 4.9034E-1 5.26814E-1 5.95012E-1 8.34718E-1 8.28144E-1 7.32953E-1 6.85834E-1 6.47426E-1 4.54351E-1 3.99298E-1 9.49915E-2 1.43801E-1 1.53048E-1 9.31891E-2 4.1312E-2 4.31522E-2 3.01803E-2 1.27031E-2 1.0724E-2 6.09264E-2 1.50195E-1 1.32131E-1 2.07484E-1 2.60932E-1 3.75329E-1 4.64055E-1 6.84191E-1
7.78274E-1 8.42004E-1 7.37417E-1 9.0121E-1 8.31488E-1 8.25289E-1 7.50937E-1 5.74516E-1 7.30124E-1 7.42709E-1 7.57608E-1 5.77528E-1 7.20142E-1 8.22071E-1 6.68289E-1 9.08332E-1 9.08027E-1 6.61651E-1 6.69532E-1 7.85398E-1 7.2828E-1 7.1716E-1 7.89504E-1 7.13669E-1 6.13724E-1 8.05671E-1 8.36519E-1 6.95825E-1 6.79921E-1 6.33729E-1 4.37387E-1 4.84462E-1 4.52473E-1 6.30457E-1 5.68347E-1 6.00297E-1 6.48223E-1 5.55961E-1 5.04799E-1 3.14211E-1 3.65438E-1 6.35377E-1 6.98562E-1 9.26941E-1 9.12337E-1 6.34589E-1 5.59005E-1 6.13792E-1 6.72887E-1 6.1294E-1 2.39828E-1 1.71364E-1 1.55294E-1 8.67324E-2 7.72075E-2 3.27113E-2 1.31945E-2 1.19897E-2 4.04556E-3 7.53646E-3 1.42876E-1 1.86113E-1 2.95667E-1 4.82664E-1 5.38018E-1 6.06678E-1 6.15157E-1
7.39512E-1 7.25116E-1 7.25907E-1 6.2502E-1 6.5725E-1 8.06813E-1 7.44637E-1 6.41859E-1 4.43243E-1 3.72225E-1 4.47845E-1 5.60228E-1 7.43743E-1 6.95259E-1 7.54225E-1 6.04115E-1 6.83695E-1 5.54439E-1 7.32103E-1 8.16889E-1 8.43637E-1 7.13784E-1 5.95705E-1 5.95711E-1 7.1899E-1 6.81202E-1 8.50123E-1 7.53749E-1 7.07137E-1 5.63863E-1 6.36133E-1 6.2693E-1 7.34494E-1 7.40721E-1 7.09017E-1 6.73582E-1 5.15184E-1 4.48177E-1 5.23956E-1 6.36659E-1 4.54182E-1 7.03094E-1 7.5879E-1 9.05736E-1 9.53397E-1 8.74417E-1 8.00489E-1 5.29683E-1 6.53742E-1 7.9738E-1 3.56502E-1 1.74403E-1 1.03304E-1 1.30648E-1 6.82003E-2 4.57507E-2 3.92039E-2 2.50442E-2 1.79662E-2 1.22601E-2 5.35086E-2 1.27139E-1 2.50757E-1 4.75103E-1 4.77979E-1 5.17279E-1 4.93578E-1
8.07401E-1 7.11797E-1 7.53094E-1 4.64287E-1 6.46976E-1 8.35412E-1 6.58902E-1 6.70632E-1 5.34499E-1 4.37583E-1 2.47487E-1 4.41869E-1 8.574E-1 5.88568E-1 7.52278E-1 6.37013E-1 4.26157E-1 6.30222E-1 5.52499E-1 6.07212E-1 8.27852E-1 7.89469E-1 6.76391E-1 8.07892E-1 8.26882E-1 5.62696E-1 7.54769E-1 7.60467E-1 6.36797E-1 6.34288E-1 6.6695E-1 7.41971E-1 7.65854E-1 7.4887E-1 8.48891E-1 5.95253E-1 7.06096E-1 4.97428E-1 5.79016E-1 5.31462E-1 5.40957E-1 4.65174E-1 6.11969E-1 8.87796E-1 9.3121E-1 9.34263E-1 8.89289E-1 6.6347E-1 6.97743E-1 8.71177E-1 4.42013E-1 2.20599E-1 1.5553E-1 1.53635E-1 5.59336E-2 8.2975E-2 8.52287E-2 6.47065E-2 3.97333E-2 1.81854E-2 2.04856E-2 1.86959E-1 2.58431E-1 3.00496E-1 3.61356E-1 4.02054E-1 4.06274E-1
8.15526E-1 6.17185E-1 7.31103E-1 6.07661E-1 5.18561E-1 6.7232E-1 4.84057E-1 7.71321E-1 7.7027E-1 4.54647E-1 3.5311E-1 2.60852E-1 6.80325E-1 7.19381E-1 6.55188E-1 5.22679E-1 4.03653E-1 5.61932E-1 5.19099E-1 5.77756E-1 7.32492E-1 7.82338E-1 7.32262E-1 8.02057E-1 8.46074E-1 7.15481E-1 6.2791E-1 6.364E-1 6.86757E-1 7.08212E-1 5.45716E-1 5.92414E-1 7.13863E-1 7.40234E-1 7.75234E-1 7.5684E-1 6.84271E-1 5.78122E-1 6.71092E-1 7.29674E-1 7.84483E-1 5.60815E-1 5.24049E-1 8.96123E-1 9.26002E-1 9.3331E-1 8.81355E-1 6.59694E-1 5.50691E-1 7.06673E-1 5.93929E-1 3.4391E-1 3.20498E-1 2.15786E-1 1.4737E-1 1.07177E-1 8.92156E-2 5.24362E-2 4.04967E-2 2.21536E-2 1.60274E-2 1.44621E-1 1.52278E-1 2.42318E-1 3.36427E-1 3.27514E-1 3.25013E-1
6.79941E-1 4.7926E-1 5.79107E-1 6.76129E-1 6.24388E-1 5.35398E-1 4.88492E-1 5.69616E-1 4.65987E-1 4.64835E-1 6.92665E-1 3.8236E-1 3.08941E-1 4.14691E-1 5.03499E-1 4.80038E-1 5.04037E-1 4.93286E-1 4.96198E-1 5.8375E-1 7.62378E-1 7.99636E-1 8.2563E-1 7.94302E-1 7.0872E-1 5.74479E-1 6.36104E-1 6.56105E-1 5.16129E-1 5.6251E-1 5.7456E-1 4.25439E-1 4.76895E-1 6.26641E-1 6.67657E-1 5.15153E-1 7.07891E-1 5.07502E-1 6.83924E-1 6.53912E-1 6.02261E-1 6.44388E-1 8.25558E-1 8.91525E-1 9.18974E-1 9.1319E-1 8.30082E-1 6.69329E-1 5.24717E-1 6.23225E-1 7.68297E-1 5.54703E-1 4.04763E-1 2.89909E-1 1.68021E-1 7.98123E-2 4.41056E-2 2.17505E-2 5.76556E-2 6.47734E-2 2.41149E-2 3.29311E-2 2.12495E-1 2.47904E-1 2.19121E-1 2.55631E-1 2.25166E-1
