ENM/Final_Models/M_1_F_lqp_Set_1_EC/Gustavia_santanderiensis_9_Choco.asc
ncols         367
nrows         963
xllcorner     -78.6
yllcorner     0.65
cellsize      0.00833333333333323
NODATA_value  -9999
[rows 720 to 749 of 963, columns 67 to 133 of 367]
-9999 -9999 -9999 -9999 -9999 -9999 -9999 -9999 -9999 -9999 -9999 -9999 -9999 -9999 -9999 -9999 -9999 -9999 -9999 -9999 -9999 -9999 -9999 -9999 -9999 -9999 -9999 -9999 -9999 -9999 -9999 -9999 -9999 -9999 -9999 -9999 -9999 -9999 9.891E-1 9.93201E-1 9.9913E-1 9.96231E-1 9.86715E-1 9.80534E-1 9.98284E-1 9.98278E-1 9.94365E-1 9.9958E-1 9.99151E-1 9.99599E-1 9.99421E-1 9.9887E-1 9.99239E-1 9.92648E-1 9.9925E-1 9.98097E-1 9.99744E-1 9.99587E-1 9.98899E-1 9.91901E-1 9.9896E-1 9.99627E-1 9.95544E-1 9.99188E-1 9.98585E-1 9.94365E-1 9.96133E-1
-9999 -9999 -9999 -9999 -9999 -9999 -9999 -9999 -9999 -9999 -9999 -9999 -9999 -9999 -9999 -9999 -9999 -9999 -9999 -9999 -9999 -9999 -9999 -9999 -9999 -9999 -9999 -9999 -9999 -9999 -9999 -9999 -9999 -9999 -9999 -9999 -9999 9.87714E-1 9.84433E-1 9.85708E-1 9.99192E-1 9.97539E-1 9.91311E-1 9.93353E-1 9.98026E-1 9.93884E-1 9.98549E-1 9.98627E-1 9.99718E-1 9.98748E-1 9.99558E-1 9.99639E-1 9.99349E-1 9.9958E-1 9.99084E-1 9.97665E-1 9.9933E-1 9.96647E-1 9.96115E-1 9.90817E-1 9.92842E-1 9.95768E-1 9.97439E-1 9.996E-1 9.99426E-1 9.77675E-1 9.96097E-1
-9999 -9999 -9999 -9999 -9999 -9999 -9999 -9999 -9999 -9999 -9999 -9999 -9999 -9999 -9999 -9999 -9999 -9999 -9999 -9999 -9999 -9999 -9999 -9999 -9999 -9999 -9999 -9999 -9999 -9999 -9999 -9999 -9999 -9999 -9999 -9999 9.99552E-1 9.87463E-1 9.90034E-1 9.84715E-1 9.91917E-1 9.96763E-1 9.99017E-1 9.97506E-1 9.96625E-1 9.97246E-1 9.96982E-1 9.9658E-1 9.98116E-1 9.97542E-1 9.98697E-1 9.9973E-1 9.98605E-1 9.97156E-1 9.9916E-1 9.98399E-1 9.99868E-1 9.94463E-1 9.88032E-1 9.96776E-1 9.87854E-1 9.79044E-1 9.98074E-1 9.93873E-1 9.98362E-1 9.94906E-1 9.99312E-1
-9999 -9999 -9999 -9999 -9999 -9999 -9999 -9999 -9999 -9999 -9999 -9999 -9999 -9999 -9999 -9999 -9999 -9999 -9999 -9999 -9999 -9999 -9999 -9999 -9999 -9999 -9999 -9999 -9999 -9999 -9999 -9999 -9999 9.9917E-1 9.99798E-1 9.99747E-1 9.99011E-1 9.97118E-1 9.93343E-1 9.95596E-1 9.93591E-1 9.97966E-1 9.98623E-1 9.98723E-1 9.98775E-1 9.98958E-1 9.98475E-1 9.9764E-1 9.94009E-1 9.98058E-1 9.99587E-1 9.97999E-1 9.97491E-1 9.9866E-1 9.991E-1 9.97886E-1 9.99595E-1 9.99392E-1 9.91632E-1 9.9618E-1 9.89534E-1 9.92423E-1 9.91215E-1 9.53805E-1 9.65281E-1 9.91293E-1 9.99348E-1
-9999 -9999 -9999 -9999 -9999 -9999 -9999 -9999 -9999 -9999 -9999 -9999 -9999 -9999 -9999 -9999 -9999 -9999 -9999 -9999 -9999 -9999 -9999 -9999 -9999 -9999 -9999 -9999 -9999 -9999 -9999 9.88186E-1 9.91897E-1 9.97677E-1 9.99752E-1 9.99615E-1 9.9984E-1 9.98366E-1 9.97504E-1 9.95933E-1 9.94391E-1 9.98202E-1 9.96681E-1 9.9841E-1 9.98668E-1 9.98904E-1 9.98455E-1 9.92392E-1 9.99042E-1 9.99485E-1 9.99285E-1 9.99559E-1 9.98888E-1 9.95228E-1 9.95184E-1 9.98296E-1 9.9327E-1 9.96891E-1 9.98478E-1 9.99075E-1 9.97147E-1 9.99232E-1 9.82384E-1 9.75163E-1 9.46657E-1 9.66713E-1 9.85311E-1
-9999 -9999 -9999 -9999 -9999 -9999 -9999 -9999 -9999 -9999 -9999 -9999 -9999 -9999 -9999 -9999 -9999 -9999 -9999 -9999 -9999 -9999 -9999 -9999 -9999 -9999 -9999 -9999 -9999 9.93206E-1 9.98116E-1 9.98576E-1 9.97681E-1 9.99598E-1 9.99265E-1 9.99382E-1 9.99896E-1 9.97479E-1 9.98107E-1 9.97535E-1 9.94852E-1 9.98613E-1 9.9888E-1 9.97571E-1 9.91498E-1 9.97272E-1 9.99178E-1 9.9462E-1 9.97885E-1 9.98294E-1 9.98199E-1 9.98817E-1 9.99336E-1 9.96938E-1 9.90821E-1 9.92254E-1 9.93966E-1 9.98722E-1 9.9968E-1 9.97801E-1 9.75439E-1 9.9576E-1 9.9204E-1 9.7337E-1 9.61058E-1 9.65144E-1 9.95987E-1
-9999 -9999 -9999 -9999 -9999 -9999 -9999 -9999 -9999 -9999 -9999 -9999 -9999 -9999 -9999 -9999 -9999 -9999 -9999 -9999 -9999 -9999 -9999 -9999 -9999 -9999 -9999 -9999 -9999 9.97324E-1 9.89192E-1 9.98096E-1 9.98723E-1 9.98991E-1 9.99048E-1 9.99424E-1 9.99222E-1 9.97176E-1 9.99324E-1 9.99594E-1 9.98247E-1 9.97885E-1 9.99018E-1 9.98736E-1 9.98012E-1 9.9785E-1 9.98598E-1 9.98727E-1 9.97711E-1 9.97748E-1 9.98964E-1 9.93931E-1 9.97098E-1 9.94589E-1 9.94845E-1 9.97343E-1 9.95619E-1 9.99407E-1 9.99222E-1 9.96509E-1 9.29109E-1 9.59267E-1 9.4218E-1 9.80552E-1 9.93532E-1 9.97701E-1 9.82959E-1
-9999 -9999 -9999 -9999 -9999 -9999 -9999 -9999 -9999 -9999 -9999 -9999 -9999 -9999 -9999 -9999 -9999 -9999 -9999 -9999 -9999 -9999 -9999 -9999 -9999 -9999 -9999 -9999 -9999 9.95112E-1 9.95409E-1 9.99367E-1 9.96385E-1 9.96997E-1 9.99858E-1 -9999 9.99724E-1 9.99217E-1 9.97892E-1 9.99196E-1 9.98654E-1 9.97966E-1 9.9916E-1 9.98851E-1 9.9917E-1 9.97805E-1 9.98331E-1 9.98918E-1 9.978E-1 9.97884E-1 9.98063E-1 9.98086E-1 9.97562E-1 9.91015E-1 9.87318E-1 9.88083E-1 9.92296E-1 9.9818E-1 9.99327E-1 9.87143E-1 9.86414E-1 9.83411E-1 9.67186E-1 9.42431E-1 9.90186E-1 9.96146E-1 9.98051E-1
-9999 -9999 -9999 -9999 -9999 -9999 -9999 -9999 -9999 -9999 -9999 -9999 -9999 -9999 -9999 -9999 -9999 -9999 -9999 -9999 -9999 -9999 -9999 -9999 -9999 -9999 -9999 -9999 -9999 -9999 9.94327E-1 9.99656E-1 9.99691E-1 9.98457E-1 9.98547E-1 9.99855E-1 9.99967E-1 9.99689E-1 9.99319E-1 9.98662E-1 9.99297E-1 9.96491E-1 9.97983E-1 9.97173E-1 9.9583E-1 9.98453E-1 9.9676E-1 9.97291E-1 9.96637E-1 9.95912E-1 9.98054E-1 9.9897E-1 9.98619E-1 9.88584E-1 9.84085E-1 9.95187E-1 9.81234E-1 9.83481E-1 9.97202E-1 9.9498E-1 9.64912E-1 9.80746E-1 9.75874E-1 9.97738E-1 9.94992E-1 9.96269E-1 9.78888E-1
-9999 -9999 -9999 -9999 -9999 -9999 -9999 -9999 -9999 -9999 -9999 -9999 -9999 -9999 -9999 -9999 -9999 9.99485E-1 9.99968E-1 -9999 -9999 -9999 -9999 -9999 -9999 -9999 -9999 -9999 -9999 -9999 -9999 9.97009E-1 9.99923E-1 9.99596E-1 9.99884E-1 9.9977E-1 9.99928E-1 9.99733E-1 9.99853E-1 9.9926E-1 9.99257E-1 9.99047E-1 9.99263E-1 9.99299E-1 9.98256E-1 9.99442E-1 9.99628E-1 9.97974E-1 9.9807E-1 9.9565E-1 9.95745E-1 9.93881E-1 9.94855E-1 9.92796E-1 9.97926E-1 9.99527E-1 9.80179E-1 9.83408E-1 9.76842E-1 9.74357E-1 9.34094E-1 9.0269E-1 9.75739E-1 9.92248E-1 9.99113E-1 9.97697E-1 9.82778E-1
-9999 -9999 -9999 -9999 -9999 -9999 -9999 -9999 -9999 -9999 -9999 -9999 -9999 -9999 9.99451E-1 9.99681E-1 9.99927E-1 9.99849E-1 -9999 -9999 -9999 -9999 -9999 -9999 -9999 -9999 -9999 -9999 -9999 -9999 -9999 9.99037E-1 9.99788E-1 9.99919E-1 9.99939E-1 9.99891E-1 9.99747E-1 9.99953E-1 9.99956E-1 9.99565E-1 9.99785E-1 9.98558E-1 9.97226E-1 9.98495E-1 9.99076E-1 9.99814E-1 9.99527E-1 9.99674E-1 9.9892E-1 9.98713E-1 9.97518E-1 9.881E-1 9.7658E-1 9.9307E-1 9.91108E-1 9.98353E-1 9.8202E-1 9.71586E-1 9.94144E-1 9.90113E-1 9.92093E-1 9.5413E-1 9.84695E-1 9.94052E-1 9.93319E-1 9.8443E-1 9.82654E-1
-9999 -9999 -9999 -9999 -9999 -9999 -9999 -9999 -9999 -9999 -9999 -9999 9.99211E-1 9.98522E-1 9.99428E-1 9.99098E-1 9.99722E-1 9.99498E-1 -9999 -9999 -9999 -9999 -9999 -9999 -9999 -9999 -9999 -9999 -9999 -9999 -9999 9.99967E-1 9.99958E-1 9.99958E-1 9.99967E-1 9.99621E-1 9.99817E-1 9.99934E-1 9.99812E-1 9.99867E-1 9.99738E-1 9.99115E-1 9.98974E-1 9.97788E-1 9.9865E-1 9.96726E-1 9.98545E-1 9.97613E-1 9.94273E-1 9.98858E-1 9.98879E-1 9.97116E-1 9.95988E-1 9.93601E-1 9.73006E-1 9.80658E-1 9.93605E-1 9.92433E-1 9.96547E-1 9.97796E-1 9.97516E-1 9.80895E-1 9.9247E-1 9.92231E-1 9.88476E-1 9.90054E-1 9.78854E-1
-9999 -9999 -9999 -9999 -9999 -9999 -9999 -9999 -9999 -9999 9.99249E-1 9.99532E-1 9.97317E-1 9.99296E-1 9.99033E-1 9.98037E-1 9.99437E-1 9.99477E-1 9.98048E-1 -9999 -9999 -9999 -9999 -9999 -9999 -9999 -9999 -9999 -9999 -9999 -9999 -9999 9.99925E-1 9.99984E-1 9.99989E-1 9.99904E-1 9.99863E-1 9.99915E-1 9.99466E-1 9.9686E-1 9.98767E-1 9.99187E-1 9.99519E-1 9.99778E-1 9.98637E-1 9.98312E-1 9.98481E-1 9.90562E-1 9.97505E-1 9.95056E-1 9.95398E-1 9.92277E-1 9.89562E-1 9.8381E-1 9.829E-1 9.98948E-1 9.98928E-1 9.95892E-1 9.84019E-1 9.79991E-1 9.88422E-1 9.94159E-1 9.78873E-1 9.86003E-1 9.83619E-1 9.83024E-1 9.76961E-1
-9999 -9999 -9999 -9999 -9999 -9999 -9999 -9999 -9999 9.97896E-1 9.91868E-1 9.98713E-1 9.9228E-1 9.98469E-1 9.9937E-1 9.99402E-1 9.99966E-1 9.99946E-1 9.99512E-1 9.99697E-1 -9999 -9999 -9999 -9999 -9999 -9999 -9999 -9999 -9999 -9999 -9999 -9999 9.99741E-1 9.99971E-1 9.99976E-1 9.99963E-1 9.99778E-1 9.99943E-1 9.99702E-1 9.98167E-1 9.99016E-1 9.98316E-1 9.99173E-1 9.99185E-1 9.97632E-1 9.97338E-1 9.97201E-1 9.91969E-1 9.74149E-1 9.84246E-1 9.8321E-1 9.97865E-1 9.99299E-1 9.94372E-1 9.96225E-1 9.95561E-1 9.98052E-1 9.926E-1 9.81042E-1 9.74237E-1 9.62139E-1 9.94302E-1 9.96384E-1 9.9536E-1 9.90031E-1 9.94258E-1 9.7757E-1
-9999 -9999 -9999 -9999 -9999 -9999 -9999 -9999 9.99727E-1 9.9877E-1 9.97941E-1 9.9807E-1 9.99242E-1 9.93386E-1 9.98014E-1 9.96227E-1 9.99889E-1 9.99846E-1 9.98309E-1 9.99782E-1 9.99898E-1 -9999 -9999 -9999 -9999 9.99153E-1 9.98761E-1 9.9793E-1 9.98201E-1 -9999 9.98596E-1 9.97996E-1 9.99971E-1 9.99985E-1 9.99955E-1 9.99782E-1 9.99843E-1 9.99936E-1 9.99831E-1 9.86819E-1 9.90415E-1 9.99258E-1 9.95949E-1 9.98999E-1 9.97793E-1 9.99412E-1 9.99882E-1 9.78481E-1 9.35046E-1 9.80791E-1 9.90421E-1 9.97182E-1 9.9416E-1 9.99661E-1 9.93302E-1 9.72184E-1 9.80999E-1 9.80966E-1 9.83018E-1 9.81784E-1 9.55316E-1 9.92811E-1 9.91863E-1 9.92216E-1 9.86335E-1 9.8533E-1 9.81066E-1
-9999 -9999 -9999 -9999 -9999 -9999 9.99848E-1 9.99735E-1 9.9845E-1 9.99459E-1 9.99398E-1 9.99762E-1 9.98729E-1 9.94084E-1 9.95239E-1 9.97949E-1 9.99625E-1 9.99629E-1 9.99897E-1 9.99843E-1 9.99687E-1 9.99873E-1 9.99926E-1 9.99746E-1 9.99827E-1 9.99622E-1 9.99667E-1 9.99047E-1 9.98502E-1 9.98823E-1 9.9853E-1 9.97201E-1 9.99922E-1 9.99871E-1 9.99417E-1 9.98765E-1 9.99907E-1 9.99963E-1 9.99635E-1 9.99356E-1 9.98712E-1 9.99798E-1 9.98341E-1 9.99211E-1 9.99844E-1 9.99334E-1 9.99008E-1 9.83113E-1 9.33849E-1 9.91637E-1 9.94757E-1 9.84224E-1 9.9796E-1 9.99578E-1 9.92144E-1 9.87429E-1 9.90569E-1 9.83235E-1 9.63835E-1 9.71768E-1 9.61907E-1 9.97089E-1 9.94491E-1 9.89492E-1 9.81267E-1 9.83541E-1 9.73467E-1
-9999 -9999 -9999 9.99739E-1 9.99744E-1 9.98825E-1 9.99557E-1 9.98962E-1 9.99363E-1 9.99901E-1 9.98949E-1 9.99543E-1 9.99727E-1 9.91504E-1 9.98514E-1 9.99543E-1 9.99654E-1 9.98652E-1 9.98712E-1 9.99448E-1 9.99646E-1 9.99473E-1 9.96738E-1 9.99425E-1 9.98783E-1 9.98796E-1 9.99255E-1 9.99793E-1 9.99799E-1 9.99453E-1 9.9996E-1 9.99772E-1 9.99993E-1 9.99968E-1 9.9814E-1 9.99597E-1 9.99955E-1 9.99743E-1 9.99984E-1 9.99713E-1 9.99314E-1 9.99602E-1 9.99675E-1 9.95411E-1 9.98248E-1 9.91629E-1 9.90705E-1 9.9388E-1 9.77984E-1 9.98172E-1 9.89878E-1 9.37986E-1 9.35102E-1 9.92425E-1 9.88122E-1 9.31787E-1 9.07316E-1 9.77186E-1 9.28622E-1 9.30911E-1 9.73617E-1 9.92549E-1 9.79935E-1 9.75673E-1 9.69633E-1 9.34151E-1 9.24871E-1
-9999 9.95645E-1 9.96409E-1 9.97473E-1 9.99127E-1 9.9975E-1 9.98643E-1 9.99312E-1 9.98868E-1 9.99308E-1 9.97175E-1 9.98648E-1 9.97223E-1 9.9383E-1 9.98233E-1 9.99137E-1 9.92482E-1 9.99264E-1 9.98911E-1 9.99709E-1 9.99397E-1 9.99527E-1 9.99679E-1 9.99788E-1 9.97609E-1 9.99159E-1 9.98334E-1 9.99717E-1 9.99851E-1 9.998E-1 9.99862E-1 9.99981E-1 9.99958E-1 9.99565E-1 9.99721E-1 9.99783E-1 9.99782E-1 9.9983E-1 9.99961E-1 9.99726E-1 9.99793E-1 9.99908E-1 9.99662E-1 9.97064E-1 9.97169E-1 9.82783E-1 9.81322E-1 9.96009E-1 9.8489E-1 9.99194E-1 9.56465E-1 9.59617E-1 9.90062E-1 9.63151E-1 9.84272E-1 9.62949E-1 9.08084E-1 9.41519E-1 9.38271E-1 9.35018E-1 9.08608E-1 9.77745E-1 9.79959E-1 9.7016E-1 9.77588E-1 9.33359E-1 9.00661E-1
9.97333E-1 9.9911E-1 9.97869E-1 9.98645E-1 9.98673E-1 9.99079E-1 9.99654E-1 9.98849E-1 9.99348E-1 9.9971E-1 9.98811E-1 9.99145E-1 9.99165E-1 9.97633E-1 9.97245E-1 9.94682E-1 9.94992E-1 9.94869E-1 9.98925E-1 9.99482E-1 9.99915E-1 9.99119E-1 9.99628E-1 9.99482E-1 9.97733E-1 9.97021E-1 9.97859E-1 9.99463E-1 9.99683E-1 9.99807E-1 9.99918E-1 9.99935E-1 9.99801E-1 9.99666E-1 9.99481E-1 9.99981E-1 9.99978E-1 9.95892E-1 9.99316E-1 9.98508E-1 9.9981E-1 9.99159E-1 9.99346E-1 9.99949E-1 9.94863E-1 9.93068E-1 9.87656E-1 9.99252E-1 9.95541E-1 9.8937E-1 9.83201E-1 9.83334E-1 9.92115E-1 9.88306E-1 9.75492E-1 9.75307E-1 9.42933E-1 9.64008E-1 9.25405E-1 9.25168E-1 9.56889E-1 9.85746E-1 9.83084E-1 9.81769E-1 9.08015E-1 8.3049E-1 7.82804E-1
9.98318E-1 9.99368E-1 9.95701E-1 9.98301E-1 9.97862E-1 9.98428E-1 9.97414E-1 9.99558E-1 9.9913E-1 9.99162E-1 9.99341E-1 9.99659E-1 9.96566E-1 9.98205E-1 9.94495E-1 9.92184E-1 9.91863E-1 9.93513E-1 9.99229E-1 9.99757E-1 9.97525E-1 9.96753E-1 9.99228E-1 9.99663E-1 9.99443E-1 9.94654E-1 9.95636E-1 9.99027E-1 9.99717E-1 9.99902E-1 9.99875E-1 9.99973E-1 9.99462E-1 9.99812E-1 9.99935E-1 9.9994E-1 9.99685E-1 9.99452E-1 9.98613E-1 9.98548E-1 9.99227E-1 9.98987E-1 9.99682E-1 9.98533E-1 9.99974E-1 9.99623E-1 9.98603E-1 9.98047E-1 9.97798E-1 9.97791E-1 9.87096E-1 9.86789E-1 9.74547E-1 9.97546E-1 9.94203E-1 9.73877E-1 9.96073E-1 9.85018E-1 9.81695E-1 9.79414E-1 9.31414E-1 9.80972E-1 9.89315E-1 9.63001E-1 8.36448E-1 8.61727E-1 8.09839E-1
9.98729E-1 9.97782E-1 9.86015E-1 9.96099E-1 9.97222E-1 9.99055E-1 9.98417E-1 9.99202E-1 9.98832E-1 9.99084E-1 9.99006E-1 9.96387E-1 9.96882E-1 9.99498E-1 9.99794E-1 9.96471E-1 9.941E-1 9.96118E-1 9.98757E-1 9.99047E-1 9.97376E-1 9.97598E-1 9.97101E-1 9.99044E-1 9.9961E-1 9.97214E-1 9.96038E-1 9.98622E-1 9.99646E-1 9.99791E-1 9.9991E-1 9.99946E-1 9.99862E-1 9.9913E-1 9.99789E-1 9.98704E-1 9.99539E-1 9.99148E-1 9.99052E-1 9.99833E-1 9.99583E-1 9.99717E-1 9.99899E-1 9.9916E-1 9.99853E-1 9.97953E-1 9.98504E-1 9.99947E-1 9.99167E-1 9.89731E-1 9.3617E-1 9.51466E-1 9.98594E-1 9.99395E-1 9.80401E-1 9.84611E-1 9.91238E-1 9.86809E-1 9.82849E-1 9.90533E-1 9.80494E-1 9.89728E-1 9.9381E-1 9.78955E-1 9.04787E-1 8.78372E-1 7.34741E-1
9.98379E-1 9.99399E-1 9.98972E-1 9.98133E-1 9.98869E-1 9.96271E-1 9.98537E-1 9.99437E-1 9.99393E-1 9.99058E-1 9.98818E-1 9.98922E-1 9.99378E-1 9.99125E-1 9.99716E-1 9.987E-1 9.95674E-1 9.98854E-1 9.99712E-1 9.98699E-1 9.97343E-1 9.97743E-1 9.98E-1 9.99213E-1 9.99581E-1 9.97427E-1 9.98951E-1 9.99312E-1 9.99314E-1 9.99825E-1 9.99971E-1 9.99978E-1 9.99968E-1 9.99531E-1 -9999 9.99309E-1 9.99586E-1 9.99382E-1 9.98813E-1 9.99867E-1 9.99655E-1 9.98483E-1 9.99027E-1 9.9951E-1 9.98866E-1 9.98971E-1 9.92432E-1 9.99547E-1 9.99832E-1 9.96169E-1 9.77144E-1 8.85625E-1 9.81478E-1 9.91078E-1 9.93101E-1 9.5491E-1 9.97842E-1 9.9277E-1 9.9918E-1 9.86539E-1 9.63881E-1 9.86984E-1 9.84111E-1 9.84643E-1 9.37098E-1 8.66442E-1 6.36736E-1
9.99363E-1 9.972E-1 9.98852E-1 9.98855E-1 9.99065E-1 9.99774E-1 9.99583E-1 9.99519E-1 9.99249E-1 9.99449E-1 9.98779E-1 9.96981E-1 9.98508E-1 9.98878E-1 9.97891E-1 9.99636E-1 9.9907E-1 9.98592E-1 9.97875E-1 9.99131E-1 9.98621E-1 9.9956E-1 9.99335E-1 9.99339E-1 9.98559E-1 9.95764E-1 9.99483E-1 9.9974E-1 9.99757E-1 9.99529E-1 9.99917E-1 9.99977E-1 9.99918E-1 9.99739E-1 9.995E-1 9.99273E-1 9.99367E-1 9.99294E-1 9.99244E-1 9.99334E-1 9.97828E-1 9.95596E-1 9.96761E-1 9.9872E-1 9.98872E-1 9.96952E-1 9.97708E-1 9.9475E-1 9.93148E-1 9.96162E-1 9.9084E-1 9.81968E-1 9.89253E-1 9.79875E-1 9.94804E-1 9.49305E-1 9.89487E-1 9.84982E-1 9.80471E-1 9.39634E-1 8.83823E-1 9.74171E-1 9.92209E-1 9.64502E-1 9.38211E-1 7.30351E-1 7.40296E-1
9.99161E-1 9.93799E-1 9.98581E-1 9.98625E-1 9.98708E-1 9.99034E-1 9.99272E-1 9.97566E-1 9.99759E-1 9.99795E-1 9.98998E-1 9.99743E-1 9.99728E-1 9.86394E-1 9.94888E-1 9.9896E-1 9.99419E-1 9.99573E-1 9.99497E-1 9.99614E-1 9.98814E-1 9.99239E-1 9.99658E-1 9.99496E-1 9.97468E-1 9.97931E-1 9.98781E-1 9.99948E-1 9.9997E-1 9.9994E-1 9.99924E-1 9.99946E-1 9.9862E-1 9.9906E-1 9.99436E-1 9.99213E-1 9.98204E-1 9.98047E-1 9.99791E-1 9.9841E-1 9.98972E-1 9.99263E-1 9.97991E-1 9.98883E-1 9.99908E-1 9.97098E-1 9.95862E-1 9.95428E-1 9.95504E-1 9.98614E-1 9.99158E-1 9.81704E-1 9.75988E-1 9.56604E-1 9.3537E-1 9.61707E-1 9.69139E-1 9.90929E-1 9.73042E-1 8.59E-1 9.38256E-1 9.8271E-1 9.56827E-1 9.61036E-1 8.38042E-1 4.04872E-1 3.49849E-1
9.98608E-1 9.99638E-1 9.99608E-1 9.99589E-1 9.99611E-1 9.98055E-1 9.99691E-1 9.9904E-1 9.99188E-1 9.98827E-1 9.99568E-1 9.99839E-1 9.99667E-1 9.98729E-1 9.99738E-1 9.99137E-1 9.99122E-1 9.99408E-1 9.97876E-1 9.98585E-1 9.99758E-1 9.99905E-1 9.99952E-1 9.99828E-1 9.99459E-1 9.97533E-1 9.99302E-1 9.99915E-1 9.99936E-1 9.99944E-1 9.99989E-1 9.9993E-1 9.99979E-1 9.99857E-1 9.99168E-1 9.99566E-1 9.99143E-1 9.99664E-1 9.99737E-1 9.99835E-1 9.96488E-1 9.98307E-1 9.97297E-1 9.98116E-1 9.99353E-1 9.99391E-1 9.99832E-1 9.99253E-1 9.89007E-1 9.84691E-1 9.97966E-1 9.96381E-1 8.80645E-1 9.17011E-1 9.00928E-1 9.16994E-1 8.86847E-1 9.10677E-1 9.12248E-1 8.00057E-1 9.21889E-1 9.20213E-1 8.47097E-1 8.40498E-1 7.62399E-1 4.76927E-1 2.04971E-1
9.99907E-1 9.99921E-1 9.99366E-1 9.99194E-1 9.99769E-1 9.95836E-1 9.99696E-1 9.99583E-1 9.98373E-1 9.98122E-1 9.99565E-1 9.99781E-1 9.99353E-1 9.98698E-1 9.99905E-1 9.99732E-1 9.99657E-1 9.99851E-1 9.99851E-1 9.99819E-1 9.99785E-1 9.99489E-1 9.99014E-1 9.98636E-1 9.99725E-1 9.99E-1 9.99855E-1 9.99872E-1 9.99882E-1 9.99986E-1 9.99994E-1 9.99971E-1 9.99987E-1 9.99564E-1 9.9658E-1 9.97766E-1 9.99732E-1 9.99892E-1 9.99867E-1 9.99847E-1 9.98389E-1 9.98638E-1 9.98376E-1 9.96479E-1 9.96109E-1 9.99872E-1 9.95124E-1 9.99194E-1 9.99739E-1 9.99649E-1 9.99511E-1 9.95766E-1 9.71516E-1 9.59663E-1 8.60695E-1 8.66011E-1 8.24951E-1 7.95855E-1 8.80951E-1 8.60457E-1 9.39878E-1 9.14103E-1 9.14541E-1 6.93089E-1 7.78807E-1 4.11387E-1 1.54992E-1
9.99859E-1 9.99126E-1 9.99149E-1 9.99395E-1 9.9871E-1 9.99347E-1 9.98077E-1 9.99794E-1 9.99727E-1 9.99253E-1 9.99298E-1 9.99832E-1 9.99907E-1 9.99734E-1 9.99681E-1 9.9993E-1 9.99935E-1 9.99873E-1 9.99819E-1 9.99821E-1 9.98968E-1 9.99408E-1 9.99139E-1 9.9912E-1 9.98673E-1 9.99345E-1 9.9952E-1 9.99988E-1 9.99979E-1 9.99937E-1 9.99684E-1 9.99721E-1 9.99871E-1 9.98742E-1 9.99504E-1 9.99865E-1 9.99845E-1 9.99372E-1 9.9972E-1 9.98929E-1 9.99558E-1 9.99076E-1 9.99132E-1 9.97488E-1 9.99481E-1 9.86955E-1 9.97443E-1 9.97733E-1 9.94779E-1 9.99703E-1 9.98887E-1 9.9815E-1 9.81099E-1 9.79313E-1 9.15063E-1 8.04565E-1 8.31168E-1 7.69769E-1 7.72408E-1 7.65419E-1 9.21451E-1 7.49228E-1 3.86359E-1 4.39461E-1 5.51459E-1 1.92828E-1 9.10795E-2
9.99908E-1 9.97522E-1 9.96021E-1 9.94637E-1 9.94698E-1 9.99571E-1 9.98519E-1 9.99465E-1 9.99846E-1 9.9923E-1 9.99715E-1 9.98896E-1 9.99549E-1 9.99505E-1 9.99943E-1 9.99927E-1 9.99901E-1 9.99825E-1 9.99794E-1 9.98661E-1 9.99137E-1 9.98352E-1 9.98561E-1 9.98555E-1 9.98413E-1 9.99012E-1 9.99698E-1 9.99689E-1 9.99815E-1 9.99754E-1 9.9964E-1 9.99132E-1 9.99659E-1 9.99678E-1 9.99847E-1 9.99522E-1 9.99505E-1 9.98614E-1 9.9951E-1 9.98112E-1 9.96319E-1 9.93792E-1 9.9895E-1 9.98866E-1 9.99073E-1 9.94513E-1 9.90627E-1 9.71179E-1 9.70973E-1 9.99621E-1 9.98699E-1 9.87062E-1 9.34806E-1 9.48506E-1 8.93085E-1 7.56276E-1 7.30952E-1 7.53375E-1 6.51191E-1 6.81073E-1 8.51379E-1 3.5606E-1 1.60102E-1 3.79053E-1 5.19816E-1 3.09262E-1 1.50146E-1
9.99786E-1 9.97908E-1 9.97662E-1 9.96961E-1 9.97113E-1 9.96515E-1 9.99807E-1 9.99304E-1 9.99674E-1 9.99785E-1 9.99756E-1 9.99881E-1 9.99947E-1 9.99805E-1 9.99826E-1 9.99811E-1 9.99856E-1 9.99761E-1 9.99802E-1 9.99681E-1 9.99646E-1 9.99083E-1 9.99162E-1 9.98815E-1 9.99663E-1 9.99793E-1 9.99702E-1 9.99811E-1 9.9987E-1 9.99834E-1 9.99819E-1 9.98734E-1 9.98811E-1 9.9983E-1 9.99787E-1 9.99552E-1 9.99295E-1 9.99192E-1 9.92715E-1 9.99215E-1 9.99595E-1 9.99694E-1 9.90004E-1 9.98966E-1 9.99492E-1 9.9981E-1 9.98608E-1 9.97849E-1 9.96451E-1 9.92072E-1 9.9409E-1 9.94181E-1 9.87194E-1 9.78904E-1 9.38072E-1 9.26451E-1 8.64763E-1 7.9036E-1 7.12156E-1 6.98325E-1 5.54718E-1 1.37679E-1 2.64265E-2 4.91647E-2 3.6777E-2 1.38269E-1 2.00216E-1
9.99063E-1 9.99296E-1 9.99707E-1 9.99735E-1 9.98826E-1 9.99049E-1 9.99713E-1 9.99796E-1 9.99568E-1 9.998E-1 9.9996E-1 9.99355E-1 9.99898E-1 9.99855E-1 9.99702E-1 9.98183E-1 9.96775E-1 9.99566E-1 9.99402E-1 9.9955E-1 9.99666E-1 9.99691E-1 9.99821E-1 9.99266E-1 9.99065E-1 9.99964E-1 9.99979E-1 9.99913E-1 9.99937E-1 9.99644E-1 9.99403E-1 9.9771E-1 9.98692E-1 9.99884E-1 9.99253E-1 9.99735E-1 9.9998E-1 9.99897E-1 9.98288E-1 9.99039E-1 9.99519E-1 9.99602E-1 9.99427E-1 9.90481E-1 9.99395E-1 9.99876E-1 9.99914E-1 9.98489E-1 9.99227E-1 9.90404E-1 9.87587E-1 9.9589E-1 9.96991E-1 9.95856E-1 9.92314E-1 9.80719E-1 9.66631E-1 9.25896E-1 6.51949E-1 7.19465E-1 6.13072E-1 3.72715E-1 9.94165E-2 2.82998E-2 8.8324E-3 7.71321E-3 1.18529E-2
