ENM/Final_Models/M_1_F_lqp_Set_1_EC/Gustavia_santanderiensis_2_Choco.asc
ncols         367
nrows         963
xllcorner     -78.6
yllcorner     0.65
cellsize      0.00833333333333323
NODATA_value  -9999
[rows 96 to 127 of 963, columns 284 to 354 of 367]
-9999 -9999 -9999 5.10671E-2 7.21471E-2 5.90503E-2 7.99285E-2 1.18656E-1 1.31007E-1 4.15171E-1 4.84428E-1 4.27589E-1 1.3764E-1 1.03101E-1 1.60601E-1 3.56174E-1 2.72284E-1 4.19421E-1 3.95494E-1 8.66219E-2 4.79563E-3 1.91336E-3 1.47298E-3 7.1241E-4 7.47191E-4 1.09865E-3 7.63236E-3 1.88686E-3 5.41321E-4 1.10592E-3 5.95456E-4 8.11888E-4 1.33593E-3 1.88014E-3 4.45957E-3 1.68559E-3 4.78412E-3 2.27779E-3 3.1668E-3 2.02999E-3 3.03138E-3 3.33369E-3 -9999 -9999 -9999 -9999 -9999 -9999 -9999 -9999 -9999 -9999 -9999 -9999 -9999 -9999 -9999 -9999 -9999 -9999 -9999 -9999 -9999 -9999 -9999 -9999 -9999 -9999 -9999 -9999 -9999
-9999 -9999 2.75994E-2 3.39354E-2 5.3578E-2 1.68857E-1 1.89746E-1 1.303E-1 1.06082E-1 1.55185E-1 2.45308E-1 1.72913E-1 5.97487E-2 6.5098E-2 1.42599E-1 2.48029E-1 3.79341E-1 3.7404E-1 4.65986E-1 8.0392E-2 7.47744E-3 1.06012E-2 4.58116E-4 1.01102E-3 5.07228E-4 1.59616E-3 2.31138E-3 6.6256E-4 1.08085E-3 5.28043E-4 8.76949E-4 3.88748E-4 3.42102E-4 1.16541E-3 3.0339E-3 3.35154E-3 4.45225E-3 9.9406E-3 2.32048E-3 1.53805E-3 6.95556E-3 5.13964E-3 -9999 -9999 -9999 -9999 -9999 -9999 -9999 -9999 -9999 -9999 -9999 -9999 -9999 -9999 -9999 -9999 -9999 -9999 -9999 -9999 -9999 -9999 -9999 -9999 -9999 -9999 -9999 -9999 -9999
-9999 -9999 -9999 -9999 -9999 4.435E-2 3.57095E-2 2.12647E-2 2.58177E-2 8.10217E-2 9.09558E-2 9.28888E-2 4.22601E-2 5.70956E-2 1.16521E-1 2.26294E-1 1.65193E-1 1.62562E-1 6.90918E-2 1.97222E-2 7.52493E-3 5.76116E-3 1.52622E-3 2.02252E-3 3.174E-4 6.58451E-4 1.15881E-3 8.94385E-4 1.23882E-3 8.31104E-3 4.42552E-3 1.68649E-3 2.23626E-3 2.5142E-2 3.80155E-2 8.49341E-3 2.45642E-2 2.22989E-2 2.28996E-2 4.56472E-3 5.52801E-3 -9999 -9999 -9999 -9999 -9999 -9999 -9999 -9999 -9999 -9999 -9999 -9999 -9999 -9999 -9999 -9999 -9999 -9999 -9999 -9999 -9999 -9999 -9999 -9999 -9999 -9999 -9999 -9999 -9999 -9999
-9999 -9999 -9999 4.59302E-2 4.87098E-2 1.87201E-2 2.13243E-2 2.80243E-2 2.97478E-2 2.00407E-2 4.03325E-2 4.20969E-2 4.31273E-2 5.87879E-2 2.49352E-2 5.74033E-2 7.11971E-2 1.37339E-2 3.21367E-2 2.17891E-2 7.10049E-3 2.63125E-3 8.7006E-4 7.51212E-4 2.15545E-3 2.5801E-3 1.78426E-3 4.84644E-3 1.34991E-3 1.19834E-2 2.08839E-2 7.93266E-3 2.9493E-3 8.30455E-3 1.21887E-2 8.69785E-3 2.18556E-2 2.54312E-2 2.76273E-3 2.85238E-3 -9999 -9999 -9999 -9999 -9999 -9999 -9999 -9999 -9999 -9999 -9999 -9999 -9999 -9999 -9999 -9999 -9999 -9999 -9999 -9999 -9999 -9999 -9999 -9999 -9999 -9999 -9999 -9999 -9999 -9999 -9999
-9999 -9999 -9999 6.22304E-2 4.24115E-2 4.23199E-2 3.73942E-2 3.94686E-2 5.31425E-2 5.03257E-2 2.86553E-2 3.79339E-2 2.39678E-2 1.29447E-2 2.71274E-2 3.33522E-2 4.01381E-2 3.48524E-2 4.83599E-3 3.05292E-3 4.19018E-3 8.11605E-4 5.41039E-4 1.19052E-3 4.24938E-3 5.08782E-3 5.26603E-3 1.03012E-2 1.75121E-2 6.49368E-2 5.50233E-3 1.74932E-3 1.67211E-2 7.8031E-2 9.8855E-2 1.41797E-2 4.29758E-3 2.55447E-3 7.50859E-3 5.0836E-3 -9999 -9999 -9999 -9999 -9999 -9999 -9999 -9999 -9999 -9999 -9999 -9999 -9999 -9999 -9999 -9999 -9999 -9999 -9999 -9999 -9999 -9999 -9999 -9999 -9999 -9999 -9999 -9999 -9999 -9999 -9999
-9999 -9999 -9999 -9999 1.11538E-1 4.8371E-2 6.51819E-2 5.07789E-2 4.95738E-2 7.09074E-2 2.34998E-1 2.01108E-1 1.00234E-1 3.59934E-2 2.01114E-2 3.41823E-2 2.81889E-2 2.03014E-2 2.0987E-2 1.332E-2 2.0209E-3 8.54849E-4 1.35052E-3 3.03316E-3 6.53608E-3 1.06122E-2 1.0199E-2 2.94969E-2 5.94138E-3 4.08395E-2 7.64435E-2 3.61031E-2 6.02889E-2 1.58712E-1 2.29133E-2 3.30406E-2 4.19022E-3 5.78671E-3 2.55057E-3 -9999 -9999 -9999 -9999 -9999 -9999 -9999 -9999 -9999 -9999 -9999 -9999 -9999 -9999 -9999 -9999 -9999 -9999 -9999 -9999 -9999 -9999 -9999 -9999 -9999 -9999 -9999 -9999 -9999 -9999 -9999 -9999
-9999 -9999 -9999 -9999 7.10677E-2 1.07578E-1 7.92096E-2 7.50274E-2 6.88999E-2 1.28393E-1 2.74312E-1 3.32974E-1 2.53304E-1 1.06594E-1 6.64674E-2 3.71839E-2 1.3949E-2 1.01963E-2 6.07272E-3 1.24079E-2 7.13948E-3 1.73937E-3 2.03305E-3 2.53148E-3 3.3861E-3 4.77605E-3 9.10169E-3 4.49292E-2 1.92956E-2 9.21384E-2 3.30375E-1 4.06406E-2 3.54115E-2 1.0431E-2 1.18484E-2 1.92892E-2 2.07257E-3 1.02038E-2 9.82679E-3 -9999 -9999 -9999 -9999 -9999 -9999 -9999 -9999 -9999 -9999 -9999 -9999 -9999 -9999 -9999 -9999 -9999 -9999 -9999 -9999 -9999 -9999 -9999 -9999 -9999 -9999 -9999 -9999 -9999 -9999 -9999 -9999
-9999 -9999 -9999 -9999 7.04662E-2 5.52995E-2 1.23385E-1 1.06712E-1 5.92022E-2 1.43631E-1 2.40932E-1 2.43824E-1 2.75471E-1 3.99927E-1 8.32626E-2 7.34015E-2 1.55816E-2 1.00595E-2 3.09692E-3 1.12055E-2 9.82017E-3 1.36342E-3 1.93988E-3 3.21836E-3 4.57348E-3 6.16918E-3 5.90755E-3 5.0381E-2 2.28351E-2 6.62441E-2 3.65433E-1 8.45765E-2 1.85236E-1 1.20506E-1 4.8407E-2 4.02239E-2 6.34207E-3 6.40964E-3 5.52306E-3 -9999 -9999 -9999 -9999 -9999 -9999 -9999 -9999 -9999 -9999 -9999 -9999 -9999 -9999 -9999 -9999 -9999 -9999 -9999 -9999 -9999 -9999 -9999 -9999 -9999 -9999 -9999 -9999 -9999 -9999 -9999 -9999
-9999 -9999 -9999 -9999 1.06655E-1 9.6668E-2 1.69533E-1 1.87227E-1 1.33539E-1 2.43544E-1 4.82887E-1 5.33575E-1 6.09125E-1 5.09086E-1 3.23528E-1 1.13466E-1 2.01351E-2 2.11508E-2 1.15869E-2 9.15523E-3 7.12413E-3 9.68518E-4 3.1512E-3 1.12395E-3 3.21506E-3 1.79975E-3 2.04669E-3 7.89125E-2 2.18328E-2 2.22058E-2 4.02739E-1 1.88661E-1 2.45998E-1 8.90799E-2 1.7689E-2 4.07215E-2 5.11158E-3 3.45243E-3 -9999 -9999 -9999 -9999 -9999 -9999 -9999 -9999 -9999 -9999 -9999 -9999 -9999 -9999 -9999 -9999 -9999 -9999 -9999 -9999 -9999 -9999 -9999 -9999 -9999 -9999 -9999 -9999 1.31018E-2 -9999 -9999 -9999 -9999
-9999 -9999 -9999 -9999 -9999 -9999 -9999 1.48688E-1 3.37946E-1 2.41401E-1 3.73304E-1 3.66522E-1 4.45565E-1 3.67347E-1 4.76741E-1 1.55503E-1 9.63431E-2 9.12762E-3 3.24373E-2 1.33676E-2 1.21307E-2 2.46796E-3 1.97217E-3 2.74509E-3 2.59124E-3 6.81244E-3 1.32789E-2 4.037E-2 2.87335E-2 1.50398E-2 2.58607E-1 2.7907E-2 4.64945E-2 3.06699E-2 3.19623E-2 3.07152E-3 3.09581E-3 5.59968E-3 -9999 -9999 -9999 -9999 -9999 -9999 -9999 -9999 -9999 -9999 -9999 -9999 -9999 -9999 -9999 -9999 -9999 -9999 -9999 -9999 -9999 -9999 -9999 -9999 -9999 -9999 -9999 -9999 1.30379E-2 -9999 -9999 -9999 -9999
-9999 -9999 -9999 -9999 -9999 -9999 -9999 -9999 5.62865E-1 5.40225E-1 2.55462E-1 3.40685E-1 4.81191E-1 4.76276E-1 2.13937E-1 5.6636E-1 1.28233E-1 3.1684E-2 3.4361E-2 1.35776E-2 1.4549E-2 2.51943E-3 8.23202E-3 3.87634E-3 4.53752E-3 1.88691E-3 2.31663E-3 1.78936E-2 1.81694E-2 5.82187E-2 2.25995E-2 1.45381E-2 7.36992E-3 8.19838E-3 2.51862E-3 1.10828E-3 2.27332E-3 8.36457E-3 -9999 -9999 6.35067E-3 2.21646E-2 -9999 -9999 -9999 -9999 -9999 -9999 -9999 -9999 -9999 -9999 -9999 -9999 -9999 -9999 -9999 -9999 -9999 -9999 -9999 -9999 -9999 -9999 -9999 -9999 4.65853E-3 -9999 -9999 -9999 5.95879E-2
-9999 -9999 -9999 -9999 -9999 -9999 -9999 -9999 2.73926E-1 5.40699E-1 4.03828E-1 2.56961E-1 3.17746E-1 5.6151E-1 5.67557E-1 3.27276E-1 1.67499E-1 3.50549E-2 2.14224E-2 2.46238E-2 2.2327E-2 5.63698E-3 1.80981E-2 2.44937E-3 6.7149E-3 5.23286E-3 8.4374E-3 7.0714E-3 4.12165E-3 3.20849E-2 1.45164E-2 1.58916E-2 2.0235E-3 3.754E-3 2.15662E-3 2.81463E-3 1.01437E-2 -9999 -9999 -9999 5.16916E-3 1.70179E-2 -9999 -9999 -9999 -9999 -9999 -9999 -9999 -9999 -9999 -9999 -9999 -9999 -9999 -9999 -9999 -9999 -9999 -9999 -9999 -9999 -9999 3.10018E-2 3.62317E-2 -9999 3.84505E-3 -9999 3.51233E-3 1.02739E-2 2.41972E-2
-9999 -9999 -9999 -9999 -9999 -9999 -9999 1.04201E-1 1.36336E-1 2.26457E-1 7.40582E-1 3.59259E-1 2.66733E-1 2.6588E-1 2.26385E-1 1.24494E-1 7.59004E-2 9.00982E-2 4.14866E-2 7.9893E-2 7.39354E-2 1.6117E-2 3.024E-2 1.40028E-2 4.37424E-3 4.79671E-3 1.42837E-3 1.82617E-3 2.03359E-3 3.04938E-3 3.19026E-3 5.18209E-3 3.95444E-3 3.48467E-3 3.33701E-3 4.92314E-3 4.18394E-3 -9999 -9999 -9999 7.78629E-3 1.12519E-2 -9999 -9999 -9999 -9999 -9999 -9999 -9999 -9999 -9999 -9999 -9999 -9999 -9999 -9999 -9999 -9999 -9999 -9999 -9999 -9999 -9999 1.22092E-2 3.63624E-2 2.86708E-2 7.25489E-3 3.75214E-3 1.82768E-2 3.19085E-2 1.44977E-2
-9999 -9999 -9999 -9999 -9999 -9999 -9999 5.24283E-2 6.74739E-2 1.46042E-1 2.36561E-1 2.60856E-1 2.75731E-1 1.92286E-1 1.61055E-1 4.08785E-1 2.40517E-1 7.40225E-2 1.90984E-1 1.78333E-1 9.34109E-2 8.92144E-2 2.65971E-2 9.48597E-3 6.45977E-3 2.55832E-3 1.08807E-3 1.17861E-3 2.62286E-3 1.16934E-3 7.94279E-4 2.07348E-3 1.42416E-3 1.45887E-3 4.98138E-3 3.66051E-3 6.61503E-3 -9999 -9999 3.53086E-3 2.88519E-3 1.8362E-2 -9999 -9999 -9999 -9999 -9999 -9999 -9999 -9999 -9999 -9999 -9999 -9999 -9999 -9999 -9999 -9999 -9999 -9999 -9999 -9999 -9999 7.98539E-3 4.68056E-2 3.23343E-2 2.36007E-2 8.72929E-3 1.5607E-2 3.11102E-2 3.51064E-2
-9999 -9999 -9999 -9999 -9999 -9999 -9999 -9999 3.95684E-2 1.23625E-1 1.8001E-1 4.93885E-1 3.08576E-1 2.39832E-1 3.02981E-1 2.11574E-1 1.03337E-1 1.95555E-1 5.7203E-1 5.29801E-1 1.21501E-1 1.01325E-1 4.78266E-2 7.4772E-2 6.03313E-3 6.53002E-3 5.61847E-4 7.11214E-4 2.19128E-3 4.59508E-3 2.55555E-3 1.2092E-3 3.51848E-3 4.32982E-3 8.63165E-3 4.9255E-3 -9999 -9999 7.14981E-3 1.28542E-2 2.29094E-3 4.72217E-3 -9999 -9999 -9999 -9999 -9999 -9999 -9999 -9999 -9999 -9999 -9999 -9999 -9999 -9999 -9999 -9999 -9999 -9999 -9999 -9999 1.96456E-2 3.27616E-2 1.78082E-2 5.54881E-2 4.14534E-2 2.48021E-2 1.12968E-2 5.66684E-2 3.72618E-2
-9999 -9999 -9999 -9999 -9999 -9999 -9999 -9999 -9999 1.28763E-2 1.87402E-2 3.79119E-2 1.02304E-1 9.5791E-2 7.38506E-2 1.01018E-1 6.76565E-2 1.5563E-1 1.7286E-1 3.24828E-1 2.62263E-1 1.94276E-1 7.96603E-2 4.69728E-2 2.98205E-3 2.4887E-3 1.10479E-3 5.35005E-3 1.40425E-3 3.66976E-3 6.94298E-3 9.19695E-3 7.92803E-3 3.75738E-3 7.61612E-3 6.90062E-3 -9999 -9999 6.45816E-3 8.94339E-3 5.28997E-3 9.92853E-3 1.08114E-2 -9999 -9999 -9999 -9999 -9999 -9999 -9999 -9999 -9999 -9999 -9999 -9999 -9999 9.45131E-3 -9999 -9999 -9999 -9999 -9999 1.97263E-2 5.0473E-2 1.34162E-1 1.34254E-2 1.99378E-2 2.2104E-2 7.86378E-3 1.06658E-2 6.71669E-2
-9999 -9999 -9999 -9999 -9999 -9999 -9999 -9999 -9999 9.49846E-3 1.08087E-2 1.17174E-2 2.05228E-2 2.17332E-2 2.13271E-2 2.66157E-2 5.63439E-2 1.93265E-2 2.9567E-2 1.81512E-2 1.08473E-2 2.86049E-2 1.173E-2 2.81558E-3 7.52168E-3 6.34607E-3 4.86531E-3 3.76846E-3 1.62238E-3 2.09919E-2 1.39243E-2 7.86583E-3 2.06243E-3 5.0131E-3 6.74165E-3 1.45452E-2 -9999 5.18848E-3 2.29295E-2 2.42109E-2 2.81005E-2 9.66623E-3 4.06727E-2 -9999 -9999 -9999 -9999 -9999 -9999 -9999 -9999 -9999 -9999 -9999 2.52952E-3 2.31367E-3 2.56521E-3 -9999 -9999 3.34242E-2 -9999 -9999 3.2054E-2 6.19667E-2 9.64781E-3 1.95847E-2 1.68123E-2 2.01311E-2 1.20083E-2 2.06835E-2 2.52311E-2
-9999 -9999 -9999 -9999 -9999 -9999 -9999 -9999 -9999 -9999 -9999 -9999 1.28949E-2 6.28085E-3 2.61388E-3 3.85943E-3 9.19162E-3 9.27318E-3 1.15798E-2 5.65842E-3 1.20868E-2 1.97743E-2 1.08432E-2 7.23542E-3 9.01105E-3 7.66403E-3 9.15281E-3 7.33751E-3 4.69758E-3 7.39486E-3 2.33401E-2 2.10561E-2 1.54348E-2 6.62028E-3 1.41817E-2 -9999 -9999 1.08222E-2 1.52245E-2 3.38699E-2 2.38221E-2 1.5305E-2 3.20238E-2 -9999 -9999 -9999 -9999 -9999 -9999 -9999 -9999 -9999 -9999 -9999 1.89034E-3 2.80584E-3 1.05324E-2 -9999 -9999 9.48445E-3 -9999 1.12384E-2 4.73062E-2 5.11231E-2 4.28309E-2 9.15098E-2 9.46587E-2 4.34609E-2 1.32809E-2 3.5686E-2 1.12154E-2
-9999 -9999 -9999 -9999 -9999 -9999 -9999 -9999 -9999 -9999 -9999 -9999 4.27677E-3 2.81393E-3 1.31469E-2 8.09023E-3 7.17004E-3 6.81897E-3 9.55052E-3 1.07983E-2 8.21761E-3 2.01511E-2 1.61491E-2 1.4805E-2 9.26079E-3 4.60634E-3 3.61272E-2 4.23677E-2 1.51647E-2 1.66603E-2 1.69833E-2 1.79836E-2 2.72467E-2 2.19602E-2 2.70803E-2 2.02098E-2 -9999 1.01741E-2 1.32534E-2 2.16504E-2 2.68963E-2 2.25912E-2 5.35244E-2 -9999 -9999 -9999 -9999 -9999 -9999 -9999 -9999 -9999 -9999 -9999 3.42674E-2 1.0827E-2 8.8106E-3 4.16695E-2 2.79706E-2 2.54589E-2 1.40634E-2 1.42842E-2 1.75002E-2 1.18819E-1 1.3582E-1 2.39562E-1 3.4597E-1 3.19007E-2 2.03131E-2 5.31954E-2 4.93976E-2
-9999 -9999 -9999 -9999 -9999 -9999 -9999 -9999 -9999 -9999 -9999 5.62772E-3 5.07509E-3 3.21613E-3 8.12531E-3 7.77666E-3 4.67185E-3 9.36712E-3 2.08121E-2 8.88889E-3 1.01713E-2 1.23542E-2 1.30954E-2 7.91887E-3 1.48424E-2 1.97954E-2 4.77153E-2 5.71135E-2 4.99414E-2 1.77106E-2 1.11456E-2 7.93886E-3 2.19165E-2 1.55881E-2 2.92668E-2 5.08331E-2 2.80846E-2 3.3464E-2 6.0328E-2 6.43999E-2 6.74602E-2 2.50977E-2 3.38399E-2 -9999 -9999 -9999 -9999 -9999 -9999 -9999 -9999 -9999 -9999 1.64932E-2 4.10939E-2 3.36544E-2 1.48176E-2 1.8787E-2 1.76913E-2 8.21227E-3 9.21882E-3 2.08752E-2 1.21063E-2 8.9464E-2 2.06321E-1 3.3438E-1 4.35997E-1 4.97112E-2 5.57294E-2 3.02473E-2 1.18468E-1
-9999 -9999 -9999 -9999 -9999 -9999 -9999 -9999 -9999 -9999 -9999 5.94503E-3 8.52297E-3 2.93703E-3 6.68564E-3 7.16501E-3 4.6352E-3 4.4829E-3 1.35122E-2 1.27971E-2 1.80515E-2 9.29206E-3 1.1406E-2 1.72594E-2 1.83549E-2 3.2952E-2 8.37659E-2 3.54477E-2 3.57844E-2 1.56044E-2 5.87696E-3 1.26552E-3 3.15784E-3 1.19744E-2 3.27082E-2 2.69687E-2 3.21977E-2 3.31828E-2 3.95466E-2 5.39852E-2 5.25389E-2 5.85277E-3 3.34608E-2 -9999 -9999 -9999 -9999 -9999 -9999 -9999 -9999 -9999 6.43199E-3 2.39389E-2 2.68307E-2 7.27063E-3 1.84831E-2 5.93448E-2 1.1601E-2 6.4223E-3 1.24359E-2 6.77973E-3 6.01864E-2 1.83031E-2 6.98517E-2 2.92342E-1 9.33191E-2 4.94465E-2 6.82076E-2 4.76276E-2 3.3986E-2
-9999 -9999 -9999 -9999 -9999 -9999 -9999 -9999 -9999 -9999 5.9842E-3 5.31233E-3 1.13635E-2 7.35412E-3 4.42567E-3 5.69003E-3 8.27388E-3 8.09064E-3 9.09907E-3 1.42963E-2 1.57918E-2 1.45252E-2 1.24232E-2 1.48347E-2 1.13709E-2 1.04319E-1 9.3661E-2 2.35992E-2 1.75567E-2 2.22528E-2 8.43557E-3 2.6327E-3 2.45683E-2 1.19306E-2 1.86715E-2 3.93282E-2 3.34407E-2 1.66817E-2 2.37605E-2 1.99821E-2 7.37692E-3 1.80602E-2 -9999 -9999 -9999 -9999 -9999 -9999 -9999 -9999 -9999 1.37041E-2 1.26457E-2 1.03448E-2 2.202E-2 3.88243E-2 8.44707E-2 5.66606E-2 2.95085E-2 6.4856E-2 4.30235E-2 1.22409E-2 2.89575E-2 1.0232E-2 9.89011E-2 5.25909E-2 3.48899E-2 3.89149E-2 2.6759E-2 1.49918E-2 2.50154E-2
-9999 -9999 -9999 -9999 -9999 -9999 -9999 -9999 -9999 -9999 -9999 -9999 -9999 -9999 -9999 -9999 1.2244E-2 4.62082E-3 7.05404E-3 2.81517E-3 1.1073E-2 6.64254E-3 2.00402E-2 6.78201E-3 3.67143E-2 1.40502E-2 3.75335E-2 6.74459E-2 2.45285E-1 2.01811E-1 2.44296E-1 7.88961E-2 2.32302E-2 2.15998E-2 2.39308E-2 3.27501E-2 6.3954E-2 9.23002E-3 3.33101E-2 2.15253E-2 2.8736E-2 -9999 -9999 -9999 -9999 -9999 -9999 1.96662E-3 2.13678E-3 5.05642E-3 1.6898E-2 2.01065E-2 1.12022E-2 9.72836E-3 8.29927E-3 6.89537E-2 2.57357E-2 4.14956E-2 1.90855E-1 4.93031E-2 6.38276E-2 2.94123E-2 7.94911E-2 7.32908E-2 5.16558E-2 4.87279E-2 3.2331E-2 7.9653E-2 6.25458E-3 2.37365E-2 1.06234E-1
-9999 -9999 -9999 -9999 -9999 -9999 -9999 -9999 -9999 -9999 -9999 -9999 -9999 -9999 -9999 -9999 -9999 -9999 4.92717E-3 1.65739E-2 4.13919E-3 7.64845E-3 5.21157E-3 5.93447E-3 1.87299E-2 9.84466E-3 4.33136E-2 2.28493E-1 2.67567E-1 2.6179E-1 2.04456E-1 1.88303E-1 1.37239E-2 4.22555E-2 3.01799E-2 4.4994E-2 6.97525E-2 9.40185E-2 3.56144E-2 -9999 -9999 -9999 -9999 -9999 -9999 -9999 -9999 -9999 1.35359E-2 4.18391E-2 8.7637E-2 7.81237E-2 7.57877E-2 8.84599E-2 7.32531E-2 5.1313E-2 3.06672E-2 4.96035E-2 8.4085E-2 1.8182E-1 2.06923E-1 1.47732E-1 2.06045E-1 3.02852E-1 3.95344E-2 1.45703E-2 7.41444E-2 8.09205E-2 8.65698E-3 3.2458E-2 2.85935E-2
-9999 -9999 -9999 -9999 -9999 -9999 -9999 -9999 -9999 -9999 -9999 -9999 -9999 -9999 -9999 -9999 -9999 -9999 1.03782E-2 8.92294E-3 6.30396E-3 9.8997E-3 5.40167E-3 1.32193E-2 2.85003E-2 1.44691E-2 4.41644E-2 2.71423E-1 3.99299E-1 3.31083E-1 1.77556E-1 4.76984E-2 5.6932E-2 2.67832E-2 2.30014E-2 4.61296E-2 6.10025E-2 4.16426E-2 4.81931E-2 -9999 -9999 -9999 -9999 -9999 -9999 -9999 1.76248E-2 -9999 -9999 -9999 1.20888E-1 1.7462E-1 4.43395E-2 5.76703E-2 9.48144E-2 2.0338E-1 1.13778E-1 3.50869E-1 2.72677E-1 2.75315E-1 1.59372E-1 7.67964E-2 7.09589E-2 2.28132E-2 2.78803E-2 1.38665E-2 1.79317E-2 9.29576E-3 1.5778E-2 4.99543E-2 3.7438E-2
-9999 -9999 -9999 -9999 -9999 -9999 -9999 -9999 -9999 -9999 -9999 -9999 -9999 -9999 -9999 -9999 -9999 9.87876E-3 1.17746E-2 1.16612E-2 5.68906E-3 6.43145E-3 1.33225E-2 1.52694E-2 3.53861E-2 3.26812E-2 3.2808E-2 6.43506E-2 3.01078E-1 4.41286E-1 1.25247E-1 6.316E-2 4.2944E-2 3.49898E-2 2.4474E-2 4.55223E-2 1.85254E-2 2.24657E-2 2.50486E-2 -9999 -9999 -9999 -9999 -9999 -9999 -9999 2.90505E-2 -9999 -9999 -9999 4.25472E-1 8.8276E-2 1.81754E-1 4.97146E-2 5.61671E-2 6.32864E-2 1.71189E-1 2.18802E-1 3.57975E-1 1.77569E-1 8.63649E-2 1.94834E-1 1.17763E-1 9.26991E-2 1.12637E-1 4.40313E-2 3.91328E-2 1.72509E-2 4.69299E-3 4.62012E-2 4.79866E-2
-9999 -9999 -9999 -9999 -9999 -9999 -9999 -9999 -9999 -9999 -9999 -9999 -9999 -9999 -9999 -9999 4.62639E-3 8.10128E-3 1.24269E-2 6.07164E-3 4.72133E-3 6.5447E-3 1.16967E-2 8.87299E-3 2.40759E-2 2.51832E-2 1.95166E-2 3.52929E-2 8.43696E-2 1.99756E-1 2.38618E-1 1.93651E-1 2.38324E-2 1.67403E-2 1.1469E-1 8.99083E-2 2.63323E-2 2.66167E-2 -9999 -9999 -9999 -9999 -9999 -9999 -9999 -9999 -9999 8.48707E-2 -9999 -9999 -9999 1.94232E-1 1.36921E-1 1.51508E-1 7.52476E-2 5.29236E-2 6.85187E-2 2.59538E-1 1.34359E-1 1.09106E-1 1.24728E-1 1.37796E-1 8.35109E-2 7.58039E-2 1.27961E-1 3.28794E-2 4.20108E-2 3.44406E-2 2.80451E-2 3.26269E-2 5.72162E-2
-9999 -9999 -9999 -9999 -9999 -9999 -9999 -9999 -9999 -9999 -9999 -9999 -9999 -9999 -9999 -9999 -9999 1.09797E-2 5.54272E-3 8.91784E-3 1.04666E-2 8.52712E-3 2.65485E-2 1.38958E-2 1.21795E-2 1.01662E-2 1.71006E-2 7.8338E-3 4.32937E-2 8.8939E-2 5.72829E-2 2.2982E-1 4.74896E-2 1.43929E-2 7.13595E-2 6.69403E-2 7.0849E-2 3.86565E-2 -9999 -9999 -9999 -9999 -9999 -9999 -9999 -9999 -9999 2.09109E-2 8.03375E-2 -9999 -9999 1.79955E-1 1.36246E-1 1.54089E-1 1.25593E-1 9.13075E-2 1.16733E-1 1.64792E-1 6.64883E-2 5.41211E-2 1.7653E-1 1.33987E-1 4.00885E-2 3.8152E-2 1.32103E-1 3.21489E-2 3.92511E-2 5.26398E-2 2.15639E-2 1.54248E-2 1.81876E-2
-9999 -9999 -9999 -9999 -9999 -9999 -9999 -9999 -9999 -9999 -9999 -9999 -9999 -9999 -9999 -9999 -9999 6.357E-3 6.62354E-3 9.83737E-3 1.43963E-2 1.32104E-2 9.66262E-3 5.57746E-3 1.312E-2 1.62658E-2 3.14998E-2 2.751E-2 3.87942E-2 5.51993E-2 4.90654E-2 6.96136E-2 2.77929E-2 1.4303E-2 1.08409E-2 2.17078E-2 1.25201E-2 4.57786E-2 -9999 -9999 -9999 -9999 -9999 3.22741E-2 4.60067E-2 -9999 -9999 5.65796E-2 1.99893E-1 2.0798E-1 5.70701E-1 2.19081E-1 9.8806E-2 3.03804E-1 1.51527E-1 1.04869E-1 1.02561E-1 1.33452E-1 6.28745E-2 1.58471E-1 6.93034E-2 7.35497E-2 3.14091E-2 1.81988E-2 1.99719E-2 6.27885E-2 3.63935E-2 1.74076E-1 8.61154E-2 8.71847E-3 2.53178E-3
-9999 4.69499E-3 7.32964E-3 -9999 -9999 -9999 -9999 -9999 -9999 -9999 -9999 -9999 -9999 -9999 -9999 -9999 -9999 3.89149E-3 1.2274E-2 1.06549E-2 1.25493E-2 9.0985E-3 6.31825E-3 1.48668E-2 1.47514E-2 1.26648E-2 1.30241E-2 2.48845E-2 3.36609E-2 5.33995E-2 3.97713E-2 1.60307E-1 2.05084E-1 2.78727E-1 3.47127E-1 3.56249E-1 3.84212E-1 3.15203E-1 -9999 -9999 -9999 -9999 -9999 2.53161E-2 3.71961E-2 1.9281E-2 -9999 -9999 1.1438E-1 2.4219E-1 4.56279E-1 3.814E-1 5.93104E-1 2.45217E-1 1.08771E-1 7.09792E-2 1.23911E-1 4.47109E-2 7.62955E-2 1.28565E-1 2.26049E-1 1.22352E-1 6.12451E-2 9.00123E-2 5.42273E-2 9.17559E-2 1.14491E-1 1.19852E-1 1.72323E-1 5.49465E-2 2.29164E-1
-9999 3.18397E-2 9.83395E-3 -9999 -9999 -9999 -9999 -9999 -9999 -9999 -9999 -9999 -9999 -9999 -9999 -9999 -9999 5.98371E-3 2.81835E-2 1.68654E-2 1.09645E-2 4.53465E-3 5.71842E-3 4.09369E-3 1.52826E-2 2.23008E-2 4.79283E-2 4.19393E-2 4.23845E-2 5.13803E-2 6.43948E-2 1.83415E-1 4.22626E-1 1.61233E-1 6.33976E-2 1.54881E-1 4.05162E-1 1.57432E-1 -9999 -9999 -9999 -9999 -9999 4.56966E-2 6.39488E-2 2.00808E-2 -9999 -9999 5.40349E-3 8.97328E-3 1.19528E-1 3.77515E-2 2.73393E-1 1.49548E-1 5.94142E-2 4.83959E-2 1.20024E-2 2.03026E-2 4.14348E-2 7.35089E-2 1.4239E-1 2.5113E-1 2.32506E-1 3.80327E-1 1.95022E-1 2.39374E-1 1.55798E-1 1.13469E-1 1.99537E-1 2.2394E-1 1.7674E-1
-9999 8.47904E-2 8.11357E-2 -9999 -9999 -9999 -9999 -9999 -9999 -9999 -9999 -9999 -9999 -9999 -9999 -9999 -9999 -9999 8.93757E-3 1.77258E-2 3.39957E-2 1.84809E-2 8.65846E-3 3.85678E-3 3.98713E-3 1.36492E-2 3.49009E-2 3.32325E-2 4.37846E-2 1.65808E-1 2.46237E-1 3.95457E-1 5.29858E-1 2.63387E-1 1.79151E-1 1.55036E-1 9.48433E-2 -9999 -9999 -9999 6.35611E-2 4.26501E-2 -9999 5.20874E-2 2.41415E-3 9.35663E-3 1.00028E-2 8.32128E-3 1.08718E-2 1.57675E-2 1.84894E-2 6.47936E-2 5.57978E-2 1.11308E-1 4.4918E-3 4.60178E-5 3.46888E-4 3.13885E-4 1.62104E-3 8.50142E-2 1.6503E-1 3.22961E-1 2.30004E-1 2.53477E-1 1.99187E-1 1.64624E-1 1.46563E-1 1.54053E-1 3.34164E-1 4.39806E-1 3.14622E-1
