ENM/Final_Models/M_1_F_lqp_Set_1_EC/Gustavia_santanderiensis_1_Choco.asc
ncols         367
nrows         963
xllcorner     -78.6
yllcorner     0.65
cellsize      0.00833333333333323
NODATA_value  -9999
[rows 600 to 629 of 963, columns 134 to 200 of 367]
-9999 -9999 -9999 -9999 -9999 -9999 -9999 -9999 -9999 -9999 -9999 -9999 -9999 -9999 -9999 -9999 -9999 -9999 -9999 -9999 -9999 -9999 -9999 -9999 -9999 -9999 -9999 -9999 -9999 -9999 -9999 -9999 -9999 -9999 -9999 -9999 -9999 -9999 3.42307E-1 4.0523E-1 3.69493E-1 3.90648E-1 5.94582E-1 7.79496E-1 7.81231E-1 7.02076E-1 5.19409E-1 6.59537E-1 5.96086E-1 7.34709E-1 4.70891E-1 7.64025E-1 5.93835E-1 4.5249E-1 5.73073E-1 3.34139E-1 2.43909E-1 3.60445E-1 5.23629E-1 5.07435E-1 4.81886E-1 4.26685E-1 4.06403E-1 6.74915E-1 6.4831E-1 2.48873E-1 2.66501E-1
-9999 -9999 -9999 -9999 -9999 -9999 -9999 -9999 -9999 -9999 -9999 -9999 -9999 -9999 -9999 -9999 -9999 -9999 -9999 -9999 -9999 -9999 -9999 -9999 -9999 -9999 -9999 -9999 -9999 -9999 -9999 -9999 -9999 -9999 -9999 -9999 -9999 -9999 4.02099E-1 3.60637E-1 3.08788E-1 -9999 -9999 -9999 9.47363E-1 4.88954E-1 5.40627E-1 6.82988E-1 5.96389E-1 6.10787E-1 5.23601E-1 2.94435E-1 2.4989E-1 4.9429E-1 4.27463E-1 1.32247E-1 2.08256E-1 2.1885E-1 3.79897E-1 3.49309E-1 5.04934E-1 3.7767E-1 2.07296E-1 3.68838E-1 3.17622E-1 5.28774E-1 3.56468E-1
-9999 -9999 -9999 -9999 -9999 -9999 -9999 -9999 -9999 -9999 -9999 -9999 -9999 -9999 -9999 -9999 -9999 -9999 -9999 -9999 -9999 -9999 -9999 -9999 -9999 -9999 -9999 -9999 -9999 -9999 -9999 -9999 -9999 -9999 -9999 -9999 -9999 -9999 5.67419E-1 5.01363E-1 -9999 4.65457E-1 7.00765E-1 8.33591E-1 8.62188E-1 8.4284E-1 4.35088E-1 4.79505E-1 6.58854E-1 5.03235E-1 4.75726E-1 7.7915E-1 6.78063E-1 3.49211E-1 1.8673E-1 2.21491E-1 3.07345E-1 2.72778E-1 3.15512E-1 3.05552E-1 4.60356E-1 4.85383E-1 1.41135E-1 3.41065E-1 3.57125E-1 2.81985E-1 2.57126E-1
-9999 -9999 -9999 -9999 -9999 -9999 -9999 -9999 -9999 -9999 -9999 -9999 -9999 -9999 -9999 -9999 -9999 -9999 -9999 -9999 -9999 -9999 -9999 -9999 -9999 -9999 -9999 -9999 -9999 -9999 -9999 -9999 -9999 -9999 -9999 8.46436E-1 8.4298E-1 7.52017E-1 -9999 -9999 -9999 6.46137E-1 5.03376E-1 6.75152E-1 7.2322E-1 6.54777E-1 6.52913E-1 5.43113E-1 5.78981E-1 6.4512E-1 6.33211E-1 4.16214E-1 6.10886E-1 5.18956E-1 3.08679E-1 2.2673E-1 4.10627E-1 7.0008E-1 5.0928E-1 4.41536E-1 4.3847E-1 1.96809E-1 1.16529E-1 3.05251E-1 3.79665E-1 3.80732E-1 4.71183E-1
-9999 -9999 -9999 -9999 -9999 -9999 -9999 -9999 -9999 -9999 -9999 -9999 -9999 -9999 -9999 -9999 -9999 -9999 -9999 -9999 -9999 -9999 -9999 -9999 -9999 -9999 -9999 -9999 -9999 -9999 -9999 -9999 -9999 -9999 -9999 -9999 7.84519E-1 6.33439E-1 4.77052E-1 8.54719E-1 8.97608E-1 8.5579E-1 7.87233E-1 7.42288E-1 7.66445E-1 7.98662E-1 7.11236E-1 7.12225E-1 9.0555E-1 3.85131E-1 5.62247E-1 6.21931E-1 6.54951E-1 1.60581E-1 1.51691E-1 3.50675E-1 4.25693E-1 3.36796E-1 3.19042E-1 3.65255E-1 3.86079E-1 3.53225E-1 2.59027E-1 3.10564E-1 5.07415E-1 2.26574E-1 2.51056E-1
-9999 -9999 -9999 -9999 -9999 -9999 -9999 -9999 -9999 -9999 -9999 -9999 -9999 -9999 -9999 -9999 -9999 -9999 -9999 -9999 -9999 -9999 -9999 -9999 -9999 -9999 -9999 -9999 -9999 -9999 -9999 -9999 -9999 -9999 -9999 8.35447E-1 -9999 5.76607E-1 8.55501E-1 7.29532E-1 7.42731E-1 8.22199E-1 8.67628E-1 8.62837E-1 7.134E-1 7.07336E-1 7.39317E-1 6.15327E-1 5.79309E-1 9.1548E-1 3.85432E-1 7.13919E-1 7.31988E-1 5.91761E-1 6.40877E-1 4.38163E-1 4.52853E-1 3.57267E-1 3.64642E-1 3.56372E-1 4.8498E-1 5.70342E-1 2.05176E-1 2.37296E-1 4.69825E-1 2.9832E-1 1.48955E-1
-9999 -9999 -9999 -9999 -9999 -9999 -9999 -9999 -9999 -9999 -9999 -9999 -9999 -9999 -9999 -9999 -9999 -9999 -9999 -9999 -9999 -9999 -9999 -9999 -9999 -9999 -9999 -9999 -9999 -9999 -9999 -9999 -9999 -9999 -9999 3.36316E-1 4.96847E-1 5.1288E-1 5.85508E-1 5.73337E-1 5.64217E-1 7.07479E-1 6.83172E-1 7.07869E-1 7.1695E-1 6.46387E-1 6.28939E-1 8.31374E-1 7.01638E-1 4.51793E-1 5.04089E-1 6.44196E-1 6.109E-1 4.68634E-1 6.90256E-1 3.75088E-1 4.96799E-1 4.20881E-1 1.7868E-1 1.57546E-1 3.82602E-1 4.23756E-1 2.56936E-1 1.57172E-1 2.22804E-1 5.24018E-1 2.85692E-1
-9999 -9999 -9999 -9999 -9999 -9999 -9999 -9999 -9999 -9999 -9999 -9999 -9999 -9999 -9999 -9999 -9999 -9999 -9999 -9999 -9999 -9999 -9999 -9999 -9999 -9999 -9999 -9999 -9999 -9999 -9999 -9999 -9999 -9999 -9999 6.01165E-1 5.67562E-1 8.70334E-1 9.00428E-1 7.42418E-1 7.69629E-1 6.65164E-1 6.76388E-1 6.80845E-1 7.32614E-1 7.40278E-1 7.13766E-1 8.70355E-1 7.98541E-1 7.07392E-1 6.9607E-1 6.08405E-1 6.56304E-1 7.65221E-1 7.77857E-1 5.67578E-1 3.73805E-1 3.22768E-1 3.09217E-1 2.72986E-1 2.94356E-1 4.13003E-1 3.43554E-1 1.97061E-1 5.55909E-2 8.81844E-2 4.1035E-1
-9999 -9999 -9999 -9999 -9999 -9999 -9999 -9999 -9999 -9999 -9999 -9999 -9999 -9999 -9999 -9999 -9999 -9999 -9999 -9999 -9999 -9999 -9999 -9999 -9999 -9999 -9999 -9999 -9999 -9999 -9999 -9999 -9999 9.40488E-1 -9999 5.51211E-1 6.08696E-1 8.91437E-1 9.40133E-1 6.75842E-1 7.0427E-1 5.66321E-1 5.23043E-1 6.68061E-1 7.24089E-1 6.86722E-1 7.79772E-1 8.78074E-1 7.69004E-1 7.3608E-1 6.46395E-1 6.60119E-1 5.20991E-1 7.51345E-1 5.60286E-1 2.52445E-1 3.54604E-1 2.76736E-1 2.22841E-1 1.56903E-1 3.67815E-1 2.72562E-1 2.57459E-1 1.44234E-1 1.31725E-1 1.48309E-1 3.5107E-1
-9999 -9999 -9999 -9999 -9999 -9999 -9999 -9999 -9999 -9999 -9999 -9999 -9999 -9999 -9999 -9999 -9999 -9999 -9999 -9999 -9999 -9999 -9999 -9999 -9999 -9999 -9999 -9999 -9999 -9999 -9999 -9999 1.39333E-1 2.18102E-1 4.98107E-1 7.96325E-1 7.26609E-1 7.72889E-1 7.17972E-1 6.63165E-1 6.33051E-1 4.88296E-1 6.52526E-1 6.65536E-1 6.48941E-1 7.33494E-1 7.43997E-1 5.65017E-1 7.19485E-1 4.17211E-1 5.46344E-1 7.05361E-1 5.55737E-1 7.09403E-1 4.6785E-1 3.98631E-1 3.00739E-1 3.35117E-1 5.17863E-1 4.41587E-1 2.7416E-1 1.60768E-1 2.21643E-1 2.81664E-1 1.38962E-1 1.17442E-1 1.18699E-1
-9999 -9999 -9999 -9999 -9999 -9999 -9999 -9999 -9999 -9999 -9999 -9999 -9999 -9999 -9999 -9999 -9999 -9999 -9999 -9999 -9999 -9999 -9999 -9999 -9999 -9999 -9999 -9999 -9999 -9999 -9999 5.07601E-1 3.28972E-1 3.50055E-1 4.0573E-1 5.78805E-1 7.64628E-1 6.70912E-1 6.44216E-1 7.22713E-1 7.41296E-1 6.51432E-1 6.57721E-1 6.82965E-1 6.16106E-1 4.2508E-1 3.58851E-1 5.55422E-1 3.71611E-1 4.67138E-1 4.71141E-1 6.21679E-1 6.01497E-1 4.60713E-1 3.62978E-1 3.15918E-1 2.37871E-1 2.78811E-1 6.0581E-1 6.05981E-1 2.95903E-1 2.73464E-1 2.69165E-1 1.78844E-1 1.26647E-1 9.81339E-2 6.10501E-2
-9999 -9999 -9999 -9999 -9999 -9999 -9999 -9999 -9999 -9999 -9999 -9999 -9999 -9999 -9999 -9999 -9999 -9999 -9999 -9999 -9999 -9999 -9999 -9999 -9999 -9999 -9999 -9999 -9999 -9999 -9999 5.84131E-1 5.52664E-1 7.27291E-1 8.3232E-1 7.49696E-1 7.6466E-1 6.91845E-1 6.70711E-1 7.01121E-1 7.25632E-1 7.07417E-1 6.27239E-1 5.18162E-1 4.47354E-1 5.26716E-1 6.75776E-1 5.31924E-1 7.41711E-1 4.3582E-1 7.9207E-1 4.65591E-1 6.36907E-1 5.63075E-1 6.99887E-1 4.0036E-1 5.33741E-1 3.04316E-1 4.55533E-1 3.1402E-1 5.16261E-1 4.46498E-1 2.90921E-1 1.37618E-1 1.54166E-1 1.82165E-1 4.77108E-2
-9999 -9999 -9999 -9999 -9999 -9999 -9999 -9999 -9999 -9999 -9999 -9999 -9999 -9999 -9999 -9999 -9999 -9999 -9999 -9999 -9999 -9999 -9999 -9999 -9999 -9999 -9999 -9999 -9999 -9999 -9999 9.12216E-1 8.35126E-1 9.31362E-1 7.35328E-1 6.98668E-1 6.75376E-1 7.23176E-1 6.74249E-1 7.65165E-1 7.77166E-1 7.30379E-1 6.48396E-1 6.84222E-1 5.76159E-1 5.12448E-1 5.82994E-1 5.68418E-1 6.12752E-1 5.92678E-1 4.30941E-1 4.73132E-1 4.08188E-1 5.59049E-1 6.58902E-1 5.75812E-1 3.66065E-1 3.2823E-1 3.74666E-1 4.65882E-1 4.64137E-1 3.794E-1 2.86815E-1 1.01536E-1 2.67708E-1 1.03676E-1 6.57021E-2
-9999 -9999 -9999 -9999 -9999 -9999 -9999 -9999 -9999 -9999 -9999 -9999 -9999 -9999 -9999 -9999 -9999 -9999 -9999 -9999 -9999 -9999 -9999 -9999 -9999 -9999 -9999 -9999 -9999 -9999 -9999 6.95713E-1 6.78932E-1 7.33911E-1 8.20863E-1 7.27681E-1 6.69551E-1 6.10377E-1 7.63593E-1 6.91086E-1 5.52906E-1 6.89383E-1 6.1668E-1 5.26166E-1 5.45642E-1 4.70825E-1 6.6652E-1 5.00027E-1 5.25632E-1 3.88448E-1 4.90689E-1 2.65981E-1 7.99552E-1 6.52491E-1 5.35378E-1 4.76664E-1 4.40872E-1 3.06144E-1 3.51961E-1 3.5692E-1 3.41048E-1 2.78682E-1 2.84377E-1 1.65803E-1 2.18503E-1 1.41586E-1 3.98516E-2
-9999 -9999 -9999 -9999 -9999 -9999 -9999 -9999 -9999 -9999 -9999 -9999 -9999 -9999 -9999 -9999 -9999 -9999 -9999 -9999 -9999 -9999 -9999 -9999 -9999 -9999 -9999 -9999 -9999 -9999 -9999 -9999 6.40136E-1 6.3459E-1 6.31094E-1 7.30982E-1 7.01239E-1 5.98343E-1 7.92112E-1 7.5543E-1 7.5085E-1 7.03124E-1 6.95828E-1 6.01293E-1 3.41285E-1 4.53608E-1 4.01664E-1 5.17319E-1 3.94368E-1 3.95255E-1 2.96093E-1 5.55125E-1 5.0213E-1 5.76684E-1 6.53638E-1 7.244E-1 4.5189E-1 3.80861E-1 1.96282E-1 2.94871E-1 2.46161E-1 2.44883E-1 4.50591E-1 3.57595E-1 3.12462E-1 1.35898E-1 1.30162E-1
-9999 -9999 -9999 -9999 -9999 -9999 -9999 -9999 -9999 -9999 -9999 -9999 -9999 -9999 -9999 -9999 -9999 -9999 -9999 -9999 -9999 -9999 -9999 -9999 -9999 -9999 -9999 -9999 -9999 -9999 -9999 -9999 -9999 -9999 6.70623E-1 6.33849E-1 5.98036E-1 5.91121E-1 7.28461E-1 6.93373E-1 7.01051E-1 6.88878E-1 7.30097E-1 5.23525E-1 4.81103E-1 3.32089E-1 3.55245E-1 3.21961E-1 1.89972E-1 2.96133E-1 3.40079E-1 4.85337E-1 8.00516E-1 5.60052E-1 6.31725E-1 4.52427E-1 3.66305E-1 4.36823E-1 3.93455E-1 3.97531E-1 3.73E-1 2.17788E-1 3.17636E-1 3.11453E-1 2.16246E-1 2.56616E-1 1.79676E-1
-9999 -9999 -9999 -9999 -9999 -9999 -9999 -9999 -9999 -9999 -9999 -9999 -9999 -9999 -9999 -9999 -9999 -9999 -9999 -9999 -9999 -9999 -9999 -9999 -9999 -9999 -9999 -9999 -9999 -9999 -9999 -9999 -9999 -9999 7.10397E-1 6.66139E-1 6.37421E-1 6.70143E-1 5.91485E-1 5.81572E-1 6.17339E-1 6.54915E-1 9.55704E-1 8.23118E-1 4.23783E-1 5.184E-1 3.04483E-1 2.82742E-1 1.88518E-1 1.54404E-1 1.99302E-1 3.80586E-1 4.10846E-1 3.51372E-1 2.91301E-1 2.77515E-1 3.35556E-1 3.71551E-1 4.21972E-1 5.41067E-1 3.21924E-1 1.61106E-1 3.44706E-1 3.48793E-1 2.78779E-1 1.60933E-1 1.38394E-1
-9999 -9999 -9999 -9999 -9999 -9999 -9999 -9999 -9999 -9999 -9999 -9999 -9999 -9999 -9999 -9999 -9999 -9999 -9999 -9999 -9999 -9999 -9999 -9999 -9999 -9999 -9999 -9999 -9999 -9999 -9999 -9999 -9999 -9999 6.05727E-1 6.91575E-1 7.38418E-1 7.79058E-1 5.96528E-1 4.98797E-1 5.41283E-1 5.46244E-1 6.41933E-1 4.97152E-1 4.80214E-1 6.90047E-1 5.39155E-1 3.15907E-1 2.0119E-1 4.60685E-1 4.4681E-1 3.4426E-1 4.20556E-1 3.12714E-1 2.75326E-1 2.99867E-1 1.87148E-1 2.00134E-1 4.64111E-1 1.481E-1 1.26774E-1 6.41359E-2 2.25366E-1 2.73404E-1 3.39496E-1 2.54621E-1 1.88466E-1
-9999 -9999 -9999 -9999 -9999 -9999 -9999 -9999 -9999 -9999 -9999 -9999 -9999 -9999 -9999 -9999 -9999 -9999 -9999 -9999 -9999 -9999 -9999 -9999 -9999 -9999 -9999 -9999 -9999 -9999 -9999 -9999 -9999 -9999 5.91761E-1 6.19136E-1 5.30511E-1 7.3422E-1 6.24993E-1 4.7641E-1 5.3016E-1 3.67486E-1 5.22117E-1 2.99542E-1 3.61653E-1 5.0621E-1 5.21651E-1 5.03362E-1 2.31904E-1 2.59471E-1 4.46604E-1 3.59361E-1 4.65405E-1 3.83164E-1 3.33643E-1 1.99256E-1 1.50532E-1 2.49347E-1 4.69107E-1 4.18931E-2 2.45308E-2 1.28611E-1 3.1534E-1 2.30657E-1 2.47651E-1 3.3012E-1 2.30295E-1
-9999 -9999 -9999 -9999 -9999 -9999 -9999 -9999 -9999 -9999 -9999 -9999 -9999 -9999 -9999 -9999 -9999 -9999 -9999 -9999 -9999 -9999 -9999 -9999 -9999 -9999 -9999 -9999 -9999 -9999 -9999 -9999 -9999 -9999 6.5909E-1 7.15358E-1 5.21105E-1 6.1226E-1 5.92223E-1 4.94826E-1 2.99178E-1 2.9978E-1 4.04375E-1 2.56327E-1 4.44128E-1 3.22687E-1 1.5393E-1 1.18164E-1 2.73399E-1 3.2502E-1 3.58777E-1 5.05158E-1 5.27771E-1 4.64882E-1 2.26014E-1 1.26964E-1 1.74118E-1 6.20109E-1 4.16977E-1 2.23409E-1 1.56568E-1 1.29404E-1 3.06993E-1 9.49106E-2 1.00914E-1 1.56676E-1 1.06215E-1
-9999 -9999 -9999 -9999 -9999 -9999 -9999 -9999 -9999 -9999 -9999 -9999 -9999 -9999 -9999 -9999 -9999 -9999 -9999 -9999 -9999 -9999 -9999 -9999 -9999 -9999 -9999 -9999 -9999 -9999 -9999 -9999 -9999 6.49528E-1 6.3506E-1 5.47495E-1 6.43496E-1 6.12062E-1 6.01859E-1 4.39083E-1 4.02996E-1 4.29511E-1 5.70468E-1 3.48276E-1 4.81834E-1 2.53214E-1 2.89955E-1 2.45351E-1 1.50905E-1 4.24462E-1 2.02705E-1 2.09005E-1 4.46141E-1 3.94238E-1 2.99136E-1 2.76692E-1 9.14441E-2 2.67198E-1 2.13579E-1 2.78156E-1 4.24026E-1 1.64753E-1 1.45951E-1 1.23343E-1 1.02297E-1 1.20469E-1 7.97984E-2
-9999 -9999 -9999 -9999 -9999 -9999 -9999 -9999 -9999 -9999 -9999 -9999 -9999 -9999 -9999 -9999 -9999 -9999 -9999 -9999 -9999 -9999 -9999 -9999 -9999 -9999 -9999 -9999 -9999 -9999 -9999 -9999 8.18229E-1 7.73101E-1 6.23685E-1 7.22971E-1 6.84041E-1 6.75721E-1 4.43701E-1 4.63522E-1 4.22994E-1 4.56158E-1 3.8919E-1 3.02611E-1 3.47022E-1 3.84681E-1 2.84902E-1 1.79883E-1 3.15968E-1 4.10293E-1 2.47817E-1 2.21283E-1 4.70624E-1 3.38389E-1 1.8346E-1 2.75299E-1 1.38624E-1 1.30302E-1 6.74828E-2 2.15545E-1 4.04208E-1 1.13661E-1 1.68276E-1 1.63536E-1 1.32513E-1 1.30467E-1 1.23929E-1
-9999 -9999 -9999 -9999 -9999 -9999 -9999 -9999 -9999 -9999 -9999 -9999 -9999 -9999 -9999 -9999 -9999 -9999 -9999 -9999 -9999 -9999 -9999 -9999 -9999 -9999 -9999 -9999 -9999 -9999 -9999 -9999 6.84502E-1 6.96043E-1 5.6785E-1 5.85896E-1 4.73246E-1 3.51473E-1 4.94368E-1 4.8408E-1 4.47572E-1 4.52572E-1 2.74422E-1 2.59909E-1 2.46174E-1 3.95009E-1 2.38639E-1 1.85343E-1 1.93905E-1 3.14074E-1 1.7932E-1 3.14244E-1 3.45594E-1 1.72492E-1 1.75963E-1 3.82126E-1 4.60714E-1 2.85895E-1 1.48874E-1 2.64148E-1 3.35162E-1 3.47802E-1 3.46022E-1 3.18377E-1 1.91668E-1 1.71136E-1 1.39165E-1
-9999 -9999 -9999 -9999 -9999 -9999 -9999 -9999 -9999 -9999 -9999 -9999 -9999 -9999 -9999 -9999 -9999 -9999 -9999 -9999 -9999 -9999 -9999 -9999 -9999 -9999 -9999 -9999 -9999 -9999 -9999 7.16676E-1 6.71359E-1 7.01451E-1 8.48208E-1 9.29929E-1 5.26877E-1 4.5957E-1 3.41839E-1 5.41346E-1 4.08619E-1 3.23894E-1 3.32274E-1 3.25663E-1 5.5484E-1 6.01317E-1 1.54996E-1 1.04129E-1 1.40783E-1 2.03697E-1 4.63817E-1 3.49394E-1 2.86138E-1 3.6027E-1 4.17776E-1 4.06047E-1 5.12244E-1 3.52223E-1 1.78247E-1 1.918E-1 2.29063E-1 2.26972E-1 2.24594E-1 2.70753E-1 2.42649E-1 2.5841E-1 2.13917E-1
-9999 -9999 -9999 -9999 -9999 -9999 -9999 -9999 -9999 -9999 -9999 -9999 -9999 -9999 -9999 -9999 -9999 -9999 -9999 -9999 -9999 -9999 -9999 -9999 -9999 -9999 -9999 -9999 -9999 -9999 8.29192E-1 8.20671E-1 7.07315E-1 7.40796E-1 8.11617E-1 6.56332E-1 8.14689E-1 3.63388E-1 7.58927E-1 7.94416E-1 4.13994E-1 3.82231E-1 6.36887E-1 3.10825E-1 5.11953E-1 4.29554E-1 1.90226E-1 2.00792E-1 1.31001E-1 1.21738E-1 2.32819E-1 3.13745E-1 2.75113E-1 2.73571E-1 3.8888E-1 4.45617E-1 4.94285E-1 2.90076E-1 1.29548E-1 2.68363E-1 3.62426E-1 4.2831E-1 2.01518E-1 1.79224E-1 1.5262E-1 1.48465E-1 1.40699E-1
-9999 -9999 -9999 -9999 -9999 -9999 -9999 -9999 -9999 -9999 -9999 -9999 -9999 -9999 -9999 -9999 -9999 -9999 -9999 -9999 -9999 -9999 -9999 -9999 -9999 -9999 -9999 -9999 -9999 -9999 8.17279E-1 6.94335E-1 7.627E-1 7.05809E-1 7.63172E-1 6.44215E-1 7.5996E-1 4.91329E-1 5.58401E-1 8.72335E-1 5.48761E-1 1.85011E-1 1.49848E-1 3.45871E-1 3.12428E-1 2.14949E-1 1.8878E-1 2.05396E-1 1.15388E-1 1.16885E-1 1.36904E-1 3.9101E-1 2.64779E-1 2.37862E-1 2.76803E-1 5.75355E-1 3.64812E-1 3.47418E-1 2.17913E-1 2.83057E-1 3.25649E-1 2.9556E-1 1.48626E-1 1.26612E-1 1.11814E-1 1.35855E-1 1.28412E-1
-9999 -9999 -9999 -9999 -9999 -9999 -9999 -9999 -9999 -9999 -9999 -9999 -9999 -9999 -9999 -9999 -9999 -9999 -9999 -9999 -9999 -9999 -9999 -9999 -9999 -9999 -9999 -9999 -9999 8.58445E-1 7.81897E-1 8.17725E-1 7.19822E-1 7.56828E-1 7.63151E-1 8.18123E-1 7.77874E-1 5.54796E-1 4.76257E-1 7.80879E-1 5.63198E-1 3.85807E-1 3.41457E-1 3.039E-1 1.57479E-1 1.78943E-1 1.24507E-1 1.69762E-1 1.04873E-1 1.97797E-1 1.10632E-1 1.34327E-1 2.26732E-1 3.16794E-1 4.49539E-1 4.70567E-1 2.54678E-1 4.57108E-1 3.09386E-1 3.21559E-1 3.39965E-1 2.0501E-1 1.19748E-1 8.97898E-2 7.03455E-2 1.338E-1 1.06227E-1
-9999 -9999 -9999 -9999 -9999 -9999 -9999 -9999 -9999 -9999 -9999 -9999 -9999 -9999 -9999 -9999 -9999 -9999 -9999 -9999 -9999 -9999 -9999 -9999 -9999 -9999 -9999 -9999 -9999 8.59431E-1 9.15439E-1 8.37561E-1 8.28902E-1 7.31024E-1 6.3649E-1 7.36549E-1 7.99017E-1 7.23156E-1 5.24544E-1 6.60843E-1 5.75301E-1 4.6107E-1 4.774E-1 3.4688E-1 1.93565E-1 1.63848E-1 7.0148E-2 1.7666E-1 1.284E-1 6.86238E-2 8.41323E-2 9.82984E-2 5.34167E-1 4.25607E-1 5.6978E-1 5.51777E-1 1.20855E-1 2.84163E-1 2.39483E-1 2.20346E-1 8.73549E-2 3.5628E-1 1.29483E-1 1.39405E-1 8.5548E-2 1.38957E-1 1.32998E-1
-9999 -9999 -9999 -9999 -9999 -9999 -9999 -9999 -9999 -9999 -9999 -9999 -9999 -9999 -9999 -9999 -9999 -9999 -9999 -9999 -9999 -9999 -9999 -9999 -9999 -9999 -9999 -9999 8.40569E-1 7.72742E-1 7.5789E-1 8.13332E-1 7.24184E-1 7.55419E-1 6.77514E-1 7.51709E-1 7.99652E-1 5.50969E-1 5.58132E-1 7.88862E-1 5.96729E-1 3.82016E-1 3.29576E-1 2.97405E-1 1.32878E-1 1.45403E-1 6.41351E-2 1.43889E-1 9.42057E-2 7.33546E-2 1.71746E-1 3.21817E-1 2.72618E-1 4.8466E-1 5.42917E-1 4.65209E-1 2.33514E-1 3.05866E-1 2.74913E-1 2.82779E-1 2.85629E-1 1.4922E-1 1.82378E-1 5.25202E-2 5.25953E-2 8.74012E-2 9.41207E-2
-9999 -9999 -9999 -9999 -9999 -9999 -9999 -9999 -9999 -9999 -9999 -9999 -9999 -9999 -9999 -9999 -9999 -9999 -9999 -9999 -9999 -9999 -9999 -9999 -9999 -9999 -9999 8.17947E-1 8.208E-1 8.07727E-1 8.50982E-1 6.31616E-1 7.0793E-1 6.84473E-1 7.1129E-1 7.1647E-1 8.31448E-1 7.09349E-1 4.15659E-1 6.39811E-1 5.36835E-1 5.22995E-1 4.34967E-1 2.64168E-1 2.45284E-1 2.60339E-1 8.80187E-2 1.51421E-1 1.08982E-1 3.23167E-1 2.66989E-1 2.42085E-1 2.94482E-1 5.89424E-1 5.72484E-1 3.83354E-1 1.6817E-1 2.27576E-1 2.36317E-1 1.93733E-1 1.62665E-1 1.41014E-1 9.50591E-2 9.15432E-2 2.3393E-2 2.07928E-2 3.25292E-2
