ENM/Final_Models/M_1_F_lqp_Set_1_EC/Gustavia_santanderiensis_8_Choco.asc
ncols         367
nrows         963
xllcorner     -78.6
yllcorner     0.65
cellsize      0.00833333333333323
NODATA_value  -9999
[rows 928 to 959 of 963, columns 72 to 143 of 367]
6.27603E-8 4.74942E-8 4.43759E-8 4.65206E-8 3.66934E-8 3.43227E-8 2.81745E-8 1.79973E-8 1.96901E-8 2.21781E-8 2.2973E-8 1.5543E-8 1.25566E-8 1.39248E-8 3.86381E-8 6.22442E-8 9.33148E-8 7.98429E-8 9.81973E-8 1.39953E-7 2.02356E-7 2.16201E-7 2.17713E-7 2.98642E-7 4.17279E-7 4.98386E-7 5.44267E-7 6.24735E-7 5.17921E-7 2.39468E-7 2.36556E-7 1.94998E-7 1.9533E-7 2.72706E-7 2.76875E-7 2.37866E-7 2.32167E-7 2.48642E-7 3.28745E-7 5.54744E-7 3.37439E-7 4.33602E-7 4.44041E-7 4.85108E-7 4.80785E-7 5.20466E-7 6.09173E-7 8.98403E-7 9.76546E-7 1.00512E-6 8.51149E-7 9.31465E-7 1.08307E-6 1.18903E-6 1.55107E-6 1.3994E-6 1.77109E-6 2.29149E-6 2.15851E-6 3.84615E-6 4.29315E-6 4.0477E-6 2.66159E-5 2.11976E-4 2.64332E-5 1.04019E-5 5.32246E-6 6.6485E-6 5.67237E-6 2.52617E-6 1.37188E-6 5.86647E-7
8.44518E-8 6.18483E-8 5.61327E-8 3.66358E-8 3.12528E-8 2.78052E-8 2.62917E-8 3.4207E-8 4.32614E-8 3.01431E-8 2.59383E-8 3.00706E-8 3.46366E-8 3.34016E-8 5.24594E-8 8.4225E-8 9.76957E-8 1.34496E-7 1.4125E-7 1.42101E-7 1.34727E-7 2.12789E-7 3.71331E-7 4.4795E-7 5.49156E-7 3.3684E-7 3.78632E-7 4.24428E-7 4.83297E-7 2.15043E-7 1.79808E-7 1.77042E-7 1.84677E-7 1.8864E-7 1.85069E-7 2.34049E-7 2.96796E-7 3.40394E-7 4.02694E-7 3.95754E-7 4.07462E-7 4.42286E-7 4.76027E-7 4.75831E-7 4.71726E-7 5.34683E-7 6.86204E-7 1.1167E-6 1.12172E-6 1.18591E-6 1.04979E-6 1.5273E-6 1.78933E-6 2.07173E-6 2.12098E-6 2.10285E-6 2.2994E-6 3.16972E-6 5.72125E-6 1.19013E-5 4.65366E-5 5.19104E-5 2.34158E-4 3.30407E-5 1.37209E-5 6.92416E-6 3.1187E-6 4.0777E-6 3.31508E-6 2.07559E-6 1.26922E-6 6.38613E-7
1.08718E-7 8.32547E-8 1.09797E-7 4.77736E-8 2.73759E-8 2.50253E-8 2.69068E-8 2.73247E-8 3.82298E-8 2.5184E-8 2.67935E-8 3.80441E-8 4.30689E-8 7.33717E-8 6.67686E-8 9.19669E-8 1.02886E-7 1.11183E-7 1.40863E-7 1.46802E-7 1.52316E-7 1.82004E-7 4.45465E-7 3.99711E-7 4.23237E-7 4.9404E-7 4.20759E-7 3.2554E-7 2.1661E-7 1.94662E-7 1.82534E-7 1.59296E-7 1.57131E-7 2.21822E-7 2.40866E-7 2.20227E-7 2.97966E-7 3.24027E-7 4.51977E-7 4.44792E-7 4.226E-7 4.71555E-7 5.26965E-7 5.43334E-7 5.40415E-7 6.29057E-7 6.65639E-7 1.06308E-6 1.69029E-6 1.98279E-6 1.86968E-6 1.83541E-6 3.71442E-6 3.54758E-6 2.98666E-6 2.92029E-6 3.0632E-6 8.11081E-6 4.46034E-5 3.63845E-5 1.49268E-5 3.40262E-5 3.578E-5 2.40062E-5 7.70227E-6 5.64965E-6 3.58681E-6 2.14327E-6 1.71627E-6 1.20788E-6 1.4632E-6 1.38144E-6
1.40656E-7 1.24323E-7 1.14208E-7 4.33835E-8 2.58837E-8 2.53666E-8 1.92953E-8 1.93942E-8 3.05361E-8 2.1769E-8 2.17507E-8 3.41722E-8 3.77664E-8 6.81029E-8 7.90387E-8 9.21026E-8 1.05821E-7 1.48427E-7 3.22052E-7 2.76187E-7 2.10725E-7 2.15596E-7 2.59599E-7 3.31401E-7 3.18256E-7 4.89474E-7 3.03645E-7 2.17164E-7 2.24281E-7 2.19304E-7 2.24474E-7 1.82687E-7 2.18282E-7 2.39454E-7 2.90427E-7 2.57195E-7 3.04201E-7 3.53173E-7 4.32404E-7 4.62649E-7 4.39515E-7 5.39728E-7 5.91087E-7 6.58605E-7 6.99865E-7 8.69933E-7 7.65045E-7 1.17863E-6 3.07948E-6 2.41886E-6 3.0979E-6 4.45614E-6 4.98185E-6 6.03202E-6 5.90484E-6 5.44604E-6 5.09343E-6 3.04082E-5 1.10595E-5 8.81271E-6 4.7827E-6 7.10532E-6 1.24746E-5 1.71983E-5 9.65177E-6 5.75453E-6 3.22774E-6 1.81421E-6 1.39876E-6 7.3667E-7 9.66977E-7 1.4275E-6
3.14202E-7 1.30136E-7 5.8828E-8 4.48569E-8 2.80937E-8 2.79508E-8 2.8132E-8 1.59606E-8 1.52686E-8 1.34959E-8 2.03307E-8 3.09096E-8 3.93458E-8 7.18906E-8 8.47097E-8 8.53825E-8 9.54755E-8 1.82319E-7 3.48037E-7 2.78476E-7 2.6008E-7 1.90837E-7 1.78281E-7 2.18846E-7 2.79233E-7 3.18032E-7 2.30365E-7 2.24368E-7 2.15006E-7 1.97851E-7 2.10062E-7 2.40908E-7 2.86906E-7 2.52915E-7 3.06984E-7 3.53692E-7 3.78336E-7 4.01028E-7 4.78689E-7 6.55667E-7 4.90446E-7 5.813E-7 6.67236E-7 7.25093E-7 7.71546E-7 1.09495E-6 1.1256E-6 1.29338E-6 3.35343E-6 3.68637E-6 3.2429E-6 5.19142E-6 8.45103E-6 1.25991E-5 1.297E-5 1.13195E-5 1.64538E-5 1.10755E-5 9.97947E-6 6.82835E-6 3.75564E-6 2.736E-6 2.96883E-6 5.43951E-6 7.38877E-6 5.87832E-6 2.58912E-6 1.68197E-6 9.65138E-7 4.99371E-7 2.88235E-7 4.29656E-7
1.32353E-7 8.67682E-8 6.47595E-8 4.55095E-8 2.57125E-8 2.43722E-8 2.4662E-8 2.53792E-8 1.53036E-8 1.40966E-8 2.58031E-8 3.46895E-8 5.48096E-8 7.56818E-8 7.7956E-8 1.12601E-7 1.13438E-7 1.38563E-7 2.0182E-7 3.09935E-7 3.43546E-7 2.08218E-7 1.8968E-7 2.48214E-7 2.15201E-7 3.11013E-7 2.23605E-7 2.076E-7 2.42775E-7 2.91798E-7 2.87846E-7 2.43685E-7 2.45306E-7 3.00162E-7 3.23279E-7 3.40892E-7 4.29172E-7 4.24586E-7 4.50079E-7 6.11754E-7 4.82201E-7 5.4134E-7 6.08167E-7 6.725E-7 8.13484E-7 1.06319E-6 1.71162E-6 1.40316E-6 2.30893E-6 4.14957E-6 4.74618E-6 7.3095E-6 7.81486E-6 9.93591E-6 2.1298E-5 2.46785E-5 1.26663E-5 9.45581E-6 9.93623E-6 8.45238E-6 4.9489E-6 -9999 -9999 2.34162E-6 4.36139E-6 3.40351E-6 1.90942E-6 1.46833E-6 1.11048E-6 5.76118E-7 -9999 -9999
1.83182E-7 8.23123E-8 5.79538E-8 4.39367E-8 3.13681E-8 2.66438E-8 3.31808E-8 2.36711E-8 1.88284E-8 1.57355E-8 3.28176E-8 4.68387E-8 4.34614E-8 5.70524E-8 9.84367E-8 1.28377E-7 1.38838E-7 1.73019E-7 1.80778E-7 2.71694E-7 1.74579E-7 1.95285E-7 2.05429E-7 1.80628E-7 1.7383E-7 1.92008E-7 2.02773E-7 2.00749E-7 2.23097E-7 2.18325E-7 2.3849E-7 2.20442E-7 2.93004E-7 3.16307E-7 3.25171E-7 3.54475E-7 3.73495E-7 3.90511E-7 4.62807E-7 4.79264E-7 4.52002E-7 5.19685E-7 6.19782E-7 6.93145E-7 9.14678E-7 1.21979E-6 1.66582E-6 2.48498E-6 4.01492E-6 4.74316E-6 5.71076E-6 6.11127E-6 7.56523E-6 1.34308E-5 3.14642E-5 1.71676E-5 1.3982E-5 1.28911E-5 1.06824E-5 8.48281E-6 4.85469E-6 -9999 -9999 -9999 -9999 1.89926E-6 1.47124E-6 1.45626E-6 -9999 -9999 -9999 -9999
3.96017E-7 1.28954E-7 5.69959E-8 5.26749E-8 3.26963E-8 1.7715E-8 2.69723E-8 2.19939E-8 2.00881E-8 2.0096E-8 2.39586E-8 2.90674E-8 3.51352E-8 4.36971E-8 6.71342E-8 1.08095E-7 1.6445E-7 2.2677E-7 2.99809E-7 3.27071E-7 3.19724E-7 2.06893E-7 2.18413E-7 2.03037E-7 1.93038E-7 1.96145E-7 1.89074E-7 2.02726E-7 1.88708E-7 1.57713E-7 1.63401E-7 1.91564E-7 2.78705E-7 2.98433E-7 3.5881E-7 3.55111E-7 4.37103E-7 4.24143E-7 4.87275E-7 5.24661E-7 5.41484E-7 6.31601E-7 7.3109E-7 6.80069E-7 9.56438E-7 1.40429E-6 1.68797E-6 1.85984E-6 4.39864E-6 4.74328E-6 4.62028E-6 5.8923E-6 9.87609E-6 2.31074E-5 1.74145E-5 1.46098E-5 1.49393E-5 2.27631E-5 1.42411E-5 9.40456E-6 5.28257E-6 5.77284E-6 -9999 -9999 -9999 -9999 -9999 -9999 -9999 -9999 -9999 -9999
7.00133E-8 8.06316E-8 5.76759E-8 6.08894E-8 3.82835E-8 2.07342E-8 1.781E-8 2.53055E-8 3.52457E-8 2.7735E-8 2.42201E-8 3.13926E-8 4.62782E-8 5.0473E-8 7.64353E-8 1.23029E-7 1.729E-7 2.1748E-7 2.87059E-7 2.34696E-7 3.24319E-7 2.5418E-7 2.44409E-7 2.30892E-7 2.14146E-7 2.0541E-7 2.35734E-7 1.90147E-7 2.13773E-7 1.98244E-7 1.78649E-7 2.60764E-7 3.44921E-7 3.81152E-7 3.9396E-7 4.29061E-7 4.37554E-7 4.25789E-7 4.10048E-7 5.98414E-7 5.60344E-7 6.5524E-7 7.32343E-7 6.77449E-7 9.46657E-7 9.26513E-7 1.43501E-6 2.367E-6 4.61229E-6 5.74534E-6 5.71108E-6 8.24855E-6 1.56506E-5 1.53595E-5 1.08492E-5 8.99032E-6 1.4493E-5 1.58282E-5 1.57471E-5 1.13819E-5 7.17809E-6 8.95596E-6 -9999 -9999 -9999 -9999 -9999 -9999 -9999 -9999 -9999 -9999
4.44489E-8 3.6786E-8 3.11413E-8 3.451E-8 2.73907E-8 3.52761E-8 4.52789E-8 3.16448E-8 4.1764E-8 2.76964E-8 3.77461E-8 2.9593E-8 4.54744E-8 6.72491E-8 9.04689E-8 1.36426E-7 1.5694E-7 1.70067E-7 2.03561E-7 1.85632E-7 2.68097E-7 2.28125E-7 3.62823E-7 2.40734E-7 2.3873E-7 2.12465E-7 2.20827E-7 2.4809E-7 2.26847E-7 1.96501E-7 2.00216E-7 2.48557E-7 2.86284E-7 4.18148E-7 4.47267E-7 5.16373E-7 5.4835E-7 6.27484E-7 4.76517E-7 4.82079E-7 6.50137E-7 7.48944E-7 8.33381E-7 8.36612E-7 1.05133E-6 1.26089E-6 1.74845E-6 2.66963E-6 4.50412E-6 5.77257E-6 5.69941E-6 6.45242E-6 1.39323E-5 1.76875E-5 1.46532E-5 8.34434E-6 8.77596E-6 1.03948E-5 1.43438E-5 1.55754E-5 1.25793E-5 9.69022E-6 -9999 -9999 -9999 -9999 -9999 -9999 -9999 -9999 -9999 4.22752E-7
3.66488E-8 4.32814E-8 -9999 -9999 -9999 -9999 -9999 -9999 3.42957E-8 2.53896E-8 4.30293E-8 5.0546E-8 6.23473E-8 9.11286E-8 1.04413E-7 9.06781E-8 1.51233E-7 2.05147E-7 2.2481E-7 2.25999E-7 3.23493E-7 2.89605E-7 3.4749E-7 2.40134E-7 2.4103E-7 2.35447E-7 2.18394E-7 1.79428E-7 2.11532E-7 3.0503E-7 3.24017E-7 3.77062E-7 3.63838E-7 3.76336E-7 6.06562E-7 4.98028E-7 7.13028E-7 8.78163E-7 7.79155E-7 7.61441E-7 1.12016E-6 8.45756E-7 1.06952E-6 1.25225E-6 1.83812E-6 2.1568E-6 3.2916E-6 2.67362E-6 3.87377E-6 2.94558E-6 4.89641E-6 8.67892E-6 1.05977E-5 1.67388E-5 9.90608E-6 6.24082E-6 5.75099E-6 7.24342E-6 1.24626E-5 1.68382E-5 1.29159E-5 1.00195E-5 6.55887E-6 3.27276E-6 1.93404E-6 -9999 -9999 -9999 -9999 -9999 -9999 -9999
-9999 -9999 -9999 -9999 -9999 -9999 -9999 -9999 -9999 -9999 -9999 5.46855E-8 7.93087E-8 8.3355E-8 9.26675E-8 1.34132E-7 1.69709E-7 2.07727E-7 3.29495E-7 3.91427E-7 3.09126E-7 2.83556E-7 2.73493E-7 2.92315E-7 2.19179E-7 2.58317E-7 2.5669E-7 2.86282E-7 2.51286E-7 2.97636E-7 3.13872E-7 3.8795E-7 3.39777E-7 -9999 -9999 7.87165E-7 8.49166E-7 9.15374E-7 8.1921E-7 1.04877E-6 9.97605E-7 1.02093E-6 1.72201E-6 1.55456E-6 2.24945E-6 2.69719E-6 3.30989E-6 4.34146E-6 4.42046E-6 3.58959E-6 4.38681E-6 7.4664E-6 1.03434E-5 1.30615E-5 7.29718E-6 5.97518E-6 5.01943E-6 4.81115E-6 5.1992E-6 1.18276E-5 1.14229E-5 8.8558E-6 7.34515E-6 6.39783E-6 3.95214E-6 2.43289E-6 -9999 -9999 -9999 -9999 -9999 -9999
-9999 -9999 -9999 -9999 -9999 -9999 -9999 -9999 -9999 -9999 -9999 -9999 -9999 9.52008E-8 1.07444E-7 1.27984E-7 1.501E-7 1.91528E-7 2.56779E-7 2.23274E-7 2.58112E-7 3.1309E-7 3.48753E-7 2.82037E-7 2.68155E-7 2.66673E-7 3.21952E-7 -9999 -9999 -9999 4.31031E-7 4.29299E-7 -9999 -9999 -9999 -9999 -9999 1.22745E-6 1.01225E-6 1.24971E-6 1.16322E-6 1.61575E-6 1.94745E-6 2.56616E-6 2.3349E-6 2.43335E-6 2.96806E-6 3.91008E-6 3.41001E-6 3.25124E-6 4.64132E-6 7.31731E-6 1.01291E-5 1.04447E-5 7.07273E-6 6.24324E-6 5.50864E-6 5.82249E-6 4.23378E-6 7.65984E-6 7.35102E-6 5.71974E-6 5.1857E-6 4.40533E-6 3.65013E-6 2.10141E-6 -9999 -9999 -9999 -9999 -9999 -9999
-9999 -9999 -9999 -9999 -9999 -9999 -9999 -9999 -9999 -9999 -9999 -9999 -9999 -9999 -9999 1.98835E-7 1.83111E-7 2.48364E-7 3.26105E-7 2.64898E-7 2.83717E-7 3.42138E-7 3.97141E-7 -9999 -9999 -9999 -9999 -9999 -9999 -9999 -9999 -9999 -9999 -9999 -9999 -9999 -9999 -9999 1.56443E-6 1.49505E-6 1.22629E-6 1.67778E-6 1.98588E-6 1.78179E-6 2.14858E-6 3.09094E-6 3.08698E-6 2.93873E-6 4.1124E-6 4.92108E-6 6.64534E-6 1.32594E-5 1.28197E-5 8.832E-6 1.00679E-5 9.87367E-6 9.19847E-6 5.72261E-6 6.21231E-6 5.24913E-6 3.14339E-6 2.8996E-6 2.26482E-6 2.38534E-6 1.99002E-6 1.51937E-6 -9999 -9999 -9999 -9999 -9999 -9999
-9999 -9999 -9999 -9999 -9999 -9999 -9999 -9999 -9999 -9999 -9999 -9999 -9999 -9999 -9999 1.88221E-7 2.76717E-7 2.9833E-7 2.82936E-7 2.71985E-7 2.71398E-7 3.15155E-7 3.14857E-7 -9999 -9999 -9999 -9999 -9999 -9999 -9999 -9999 -9999 -9999 -9999 -9999 -9999 -9999 -9999 -9999 -9999 2.04225E-6 2.50176E-6 2.92286E-6 2.22945E-6 3.08958E-6 3.56768E-6 2.98294E-6 4.10677E-6 4.53748E-6 5.95144E-6 7.75979E-6 1.22801E-5 8.89065E-6 8.00015E-6 1.14401E-5 1.08746E-5 1.02611E-5 9.57859E-6 6.85946E-6 5.02368E-6 2.90829E-6 2.33666E-6 2.0053E-6 1.38022E-6 9.20279E-7 8.84342E-7 -9999 -9999 -9999 -9999 -9999 -9999
-9999 -9999 -9999 -9999 -9999 -9999 -9999 -9999 -9999 -9999 -9999 -9999 -9999 -9999 -9999 -9999 2.14269E-7 3.7095E-7 3.31647E-7 3.11501E-7 2.98948E-7 3.0888E-7 -9999 -9999 -9999 -9999 -9999 -9999 -9999 -9999 -9999 -9999 -9999 -9999 -9999 -9999 -9999 -9999 -9999 -9999 -9999 3.45258E-6 5.1007E-6 3.81644E-6 5.21209E-6 4.69603E-6 4.90703E-6 3.36812E-6 4.61189E-6 6.61529E-6 7.78184E-6 1.00865E-5 6.29083E-6 5.72186E-6 1.14767E-5 1.06568E-5 8.67504E-6 6.18162E-6 4.27326E-6 3.02505E-6 2.30466E-6 1.65308E-6 1.33278E-6 8.18628E-7 4.18353E-7 5.11738E-7 -9999 -9999 -9999 -9999 -9999 -9999
-9999 -9999 -9999 -9999 -9999 -9999 -9999 -9999 -9999 -9999 -9999 -9999 -9999 -9999 -9999 -9999 2.22022E-7 2.68229E-7 3.30508E-7 3.33848E-7 -9999 -9999 -9999 -9999 -9999 -9999 -9999 -9999 -9999 -9999 -9999 -9999 -9999 -9999 -9999 -9999 -9999 -9999 -9999 -9999 -9999 2.04324E-6 2.8556E-6 3.66673E-6 4.25338E-6 3.82763E-6 5.77231E-6 6.5583E-6 6.47125E-6 7.8886E-6 8.53546E-6 7.16764E-6 3.97807E-6 4.92444E-6 8.06174E-6 7.13886E-6 9.87059E-6 7.12338E-6 3.64911E-6 3.05213E-6 1.83234E-6 7.61254E-7 5.27813E-7 4.20348E-7 4.10432E-7 3.39656E-7 4.46502E-7 -9999 -9999 -9999 -9999 -9999
-9999 -9999 -9999 -9999 -9999 -9999 -9999 -9999 -9999 -9999 -9999 -9999 -9999 -9999 -9999 -9999 -9999 -9999 -9999 -9999 -9999 -9999 -9999 -9999 -9999 -9999 -9999 -9999 -9999 -9999 -9999 -9999 -9999 -9999 -9999 -9999 -9999 -9999 -9999 -9999 -9999 -9999 2.33205E-6 2.57932E-6 2.71452E-6 3.1791E-6 5.08301E-6 4.9601E-6 6.04448E-6 5.49368E-6 7.34101E-6 5.1864E-6 3.22885E-6 4.05333E-6 4.85939E-6 5.68488E-6 6.03991E-6 5.10491E-6 4.10038E-6 2.65808E-6 -9999 -9999 -9999 -9999 -9999 2.02534E-7 2.36064E-7 -9999 -9999 -9999 -9999 1.93668E-7
-9999 -9999 -9999 -9999 -9999 -9999 -9999 -9999 -9999 -9999 -9999 -9999 -9999 -9999 -9999 -9999 -9999 -9999 -9999 -9999 -9999 -9999 -9999 -9999 -9999 -9999 -9999 -9999 -9999 -9999 -9999 -9999 -9999 -9999 -9999 -9999 -9999 -9999 -9999 -9999 -9999 -9999 2.44144E-6 2.88017E-6 3.31213E-6 2.53347E-6 3.70305E-6 3.68729E-6 4.5819E-6 4.49671E-6 6.04178E-6 4.86119E-6 3.53339E-6 3.67602E-6 4.76194E-6 4.61859E-6 4.97277E-6 4.75959E-6 3.03114E-6 2.98378E-6 -9999 -9999 -9999 -9999 -9999 -9999 -9999 -9999 -9999 8.30014E-8 1.91338E-7 6.15659E-7
-9999 -9999 -9999 -9999 -9999 -9999 -9999 -9999 -9999 -9999 -9999 -9999 -9999 -9999 -9999 -9999 -9999 -9999 -9999 -9999 -9999 -9999 -9999 -9999 -9999 -9999 -9999 -9999 -9999 -9999 -9999 -9999 -9999 -9999 -9999 -9999 -9999 -9999 -9999 -9999 -9999 1.58902E-6 2.42664E-6 2.27306E-6 1.98485E-6 1.57343E-6 1.71697E-6 2.34532E-6 2.95744E-6 2.94232E-6 3.39712E-6 4.71591E-6 3.66679E-6 3.02086E-6 3.78612E-6 3.96282E-6 3.17006E-6 3.30219E-6 2.40347E-6 2.96901E-6 1.48054E-6 3.58748E-7 -9999 -9999 -9999 5.97112E-7 -9999 4.84111E-7 9.36245E-8 1.60645E-7 1.74588E-7 1.2276E-6
-9999 -9999 -9999 -9999 -9999 -9999 -9999 -9999 -9999 -9999 -9999 -9999 -9999 -9999 -9999 -9999 -9999 -9999 -9999 -9999 -9999 -9999 -9999 -9999 -9999 -9999 -9999 -9999 -9999 -9999 -9999 -9999 -9999 -9999 -9999 -9999 -9999 -9999 -9999 -9999 1.43704E-6 1.42252E-6 1.88734E-6 2.06461E-6 1.85909E-6 1.42048E-6 1.95356E-6 2.27538E-6 2.55622E-6 2.41383E-6 3.01677E-6 2.97149E-6 2.96252E-6 2.74991E-6 2.90369E-6 3.12753E-6 1.86761E-6 3.34674E-6 2.41725E-6 2.21166E-6 1.31294E-6 8.67111E-7 7.56139E-7 8.19711E-7 7.13975E-7 1.1191E-6 9.60918E-7 6.6316E-7 1.72213E-7 -9999 -9999 -9999
-9999 -9999 -9999 -9999 -9999 -9999 -9999 -9999 -9999 -9999 -9999 -9999 -9999 -9999 -9999 -9999 -9999 -9999 -9999 -9999 -9999 -9999 -9999 -9999 -9999 -9999 -9999 -9999 -9999 -9999 -9999 -9999 -9999 -9999 -9999 -9999 -9999 -9999 -9999 1.0172E-6 1.26318E-6 1.35867E-6 1.58635E-6 1.54079E-6 1.6063E-6 1.50272E-6 1.65615E-6 1.9045E-6 2.42511E-6 2.57009E-6 2.53487E-6 2.0619E-6 2.18108E-6 1.79398E-6 1.8391E-6 2.21882E-6 1.86249E-6 2.33477E-6 1.33242E-6 9.20014E-7 7.22301E-7 7.39384E-7 1.14102E-6 1.50141E-6 1.05669E-6 1.35222E-6 8.42702E-7 -9999 -9999 -9999 -9999 -9999
-9999 -9999 -9999 -9999 -9999 -9999 -9999 -9999 -9999 -9999 -9999 -9999 -9999 -9999 -9999 -9999 -9999 -9999 -9999 -9999 -9999 -9999 -9999 -9999 -9999 -9999 -9999 -9999 -9999 -9999 -9999 -9999 -9999 -9999 -9999 -9999 -9999 -9999 5.86996E-7 9.8009E-7 1.0733E-6 1.27057E-6 1.28836E-6 1.28118E-6 1.31267E-6 1.33918E-6 1.43898E-6 1.73523E-6 1.96431E-6 2.30463E-6 1.87543E-6 1.55314E-6 1.0656E-6 1.10737E-6 9.96583E-7 1.44541E-6 1.74607E-6 1.87859E-6 1.4209E-6 1.25171E-6 1.06106E-6 1.60256E-6 2.53425E-6 2.04752E-6 1.98231E-6 -9999 -9999 -9999 -9999 -9999 -9999 -9999
-9999 -9999 -9999 -9999 -9999 -9999 -9999 -9999 -9999 -9999 -9999 -9999 -9999 -9999 -9999 -9999 -9999 -9999 -9999 -9999 -9999 -9999 -9999 -9999 -9999 -9999 -9999 -9999 -9999 -9999 -9999 -9999 -9999 -9999 -9999 -9999 -9999 4.37367E-7 6.60485E-7 8.45518E-7 8.67854E-7 1.04675E-6 1.02145E-6 1.03775E-6 1.13596E-6 1.14213E-6 1.25374E-6 1.53572E-6 1.6842E-6 1.39752E-6 1.09022E-6 9.21584E-7 8.50389E-7 7.49077E-7 6.10125E-7 8.97231E-7 1.77296E-6 2.89594E-6 3.16164E-6 2.6381E-6 2.0325E-6 2.04661E-6 2.86395E-6 -9999 -9999 -9999 -9999 -9999 -9999 -9999 -9999 -9999
-9999 -9999 -9999 -9999 -9999 -9999 -9999 -9999 -9999 -9999 -9999 -9999 -9999 -9999 -9999 -9999 -9999 -9999 -9999 -9999 -9999 -9999 -9999 -9999 -9999 -9999 -9999 -9999 -9999 -9999 -9999 -9999 -9999 -9999 -9999 -9999 -9999 -9999 5.79405E-7 6.86667E-7 6.5048E-7 7.4678E-7 7.61078E-7 8.3019E-7 9.49062E-7 8.94743E-7 9.78336E-7 1.08823E-6 1.28065E-6 8.26218E-7 7.13997E-7 7.69512E-7 6.06006E-7 5.08153E-7 6.20878E-7 1.00514E-6 1.61387E-6 2.20007E-6 3.16419E-6 3.00192E-6 4.28796E-6 -9999 -9999 -9999 -9999 -9999 -9999 -9999 -9999 -9999 -9999 -9999
-9999 -9999 -9999 -9999 -9999 -9999 -9999 -9999 -9999 -9999 -9999 -9999 -9999 -9999 -9999 -9999 -9999 -9999 -9999 -9999 -9999 -9999 -9999 -9999 -9999 -9999 -9999 -9999 -9999 -9999 -9999 -9999 -9999 -9999 -9999 -9999 -9999 -9999 -9999 -9999 7.41396E-7 6.79238E-7 6.10259E-7 6.50983E-7 5.62464E-7 7.69341E-7 8.61326E-7 8.08874E-7 1.15909E-6 1.02469E-6 8.15103E-7 4.32318E-7 6.83671E-7 6.08794E-7 1.31324E-6 1.46997E-6 2.83345E-6 3.63617E-6 4.62498E-6 6.04491E-6 -9999 -9999 -9999 -9999 -9999 -9999 -9999 -9999 -9999 -9999 -9999 -9999
-9999 -9999 -9999 -9999 -9999 -9999 -9999 -9999 -9999 -9999 -9999 -9999 -9999 -9999 -9999 -9999 -9999 -9999 -9999 -9999 -9999 -9999 -9999 -9999 -9999 -9999 -9999 -9999 -9999 -9999 -9999 -9999 -9999 -9999 -9999 -9999 -9999 -9999 -9999 -9999 -9999 6.67375E-7 7.16601E-7 6.85598E-7 6.17659E-7 9.96608E-7 1.02959E-6 1.02744E-6 1.45284E-6 1.94595E-6 1.32289E-6 7.08785E-7 8.07447E-7 8.30489E-7 2.51045E-6 3.98591E-6 4.60454E-6 7.32246E-6 -9999 -9999 -9999 -9999 -9999 -9999 -9999 -9999 -9999 -9999 -9999 -9999 -9999 -9999
-9999 -9999 -9999 -9999 -9999 -9999 -9999 -9999 -9999 -9999 -9999 -9999 -9999 -9999 -9999 -9999 -9999 -9999 -9999 -9999 -9999 -9999 -9999 -9999 -9999 -9999 -9999 -9999 -9999 -9999 -9999 -9999 -9999 -9999 -9999 -9999 -9999 -9999 -9999 -9999 -9999 1.02623E-6 8.65208E-7 1.42388E-6 1.00705E-6 1.04634E-6 7.77339E-7 1.2369E-6 1.34825E-6 2.01181E-6 2.80082E-6 1.56292E-6 1.1857E-6 2.18588E-6 5.21946E-6 8.27079E-6 9.06432E-6 1.44044E-5 -9999 -9999 -9999 -9999 -9999 -9999 -9999 -9999 -9999 -9999 -9999 -9999 -9999 -9999
-9999 -9999 -9999 -9999 -9999 -9999 -9999 -9999 -9999 -9999 -9999 -9999 -9999 -9999 -9999 -9999 -9999 -9999 -9999 -9999 -9999 -9999 -9999 -9999 -9999 -9999 -9999 -9999 -9999 -9999 -9999 -9999 -9999 -9999 -9999 -9999 -9999 -9999 -9999 -9999 -9999 -9999 1.84766E-6 2.24169E-6 2.37005E-6 2.19477E-6 7.89899E-7 7.8356E-7 1.36096E-6 2.25334E-6 3.36473E-6 3.55548E-6 2.28562E-6 4.49979E-6 9.94945E-6 1.50131E-5 1.72607E-5 -9999 -9999 -9999 -9999 -9999 -9999 -9999 -9999 -9999 -9999 -9999 -9999 -9999 -9999 -9999
-9999 -9999 -9999 -9999 -9999 -9999 -9999 -9999 -9999 -9999 -9999 -9999 -9999 -9999 -9999 -9999 -9999 -9999 -9999 -9999 -9999 -9999 -9999 -9999 -9999 -9999 -9999 -9999 -9999 -9999 -9999 -9999 -9999 -9999 -9999 -9999 -9999 -9999 -9999 -9999 -9999 -9999 -9999 -9999 -9999 3.4258E-6 2.19187E-6 1.40195E-6 2.32206E-6 3.25037E-6 5.2019E-6 7.83212E-6 8.01102E-6 9.18134E-6 1.53325E-5 2.16253E-5 -9999 -9999 -9999 -9999 -9999 -9999 -9999 -9999 -9999 -9999 -9999 -9999 -9999 -9999 -9999 -9999
-9999 -9999 -9999 -9999 -9999 -9999 -9999 -9999 -9999 -9999 -9999 -9999 -9999 -9999 -9999 -9999 -9999 -9999 -9999 -9999 -9999 -9999 -9999 -9999 -9999 -9999 -9999 -9999 -9999 -9999 -9999 -9999 -9999 -9999 -9999 -9999 -9999 -9999 -9999 -9999 -9999 -9999 -9999 -9999 -9999 -9999 4.8406E-6 3.18826E-6 3.55938E-6 4.96942E-6 6.13089E-6 8.93795E-6 1.30667E-5 1.55246E-5 2.06255E-5 -9999 -9999 -9999 -9999 -9999 -9999 -9999 -9999 -9999 -9999 -9999 -9999 -9999 -9999 -9999 -9999 -9999
-9999 -9999 -9999 -9999 -9999 -9999 -9999 -9999 -9999 -9999 -9999 -9999 -9999 -9999 -9999 -9999 -9999 -9999 -9999 -9999 -9999 -9999 -9999 -9999 -9999 -9999 -9999 -9999 -9999 -9999 -9999 -9999 -9999 -9999 -9999 -9999 -9999 -9999 -9999 -9999 -9999 -9999 -9999 -9999 -9999 -9999 -9999 -9999 7.88708E-6 1.08378E-5 9.10649E-6 1.01815E-5 1.58851E-5 1.97359E-5 2.61329E-5 -9999 -9999 -9999 -9999 -9999 -9999 -9999 -9999 -9999 -9999 -9999 -9999 -9999 -9999 -9999 -9999 -9999
