ENM/Final_Models/M_1_F_lqp_Set_1_EC/Gustavia_santanderiensis_6_Choco.asc
ncols         367
nrows         963
xllcorner     -78.6
yllcorner     0.65
cellsize      0.00833333333333323
NODATA_value  -9999
[rows 561 to 593 of 963, columns 148 to 221 of 367]
-9999 -9999 -9999 -9999 -9999 -9999 -9999 -9999 -9999 -9999 -9999 -9999 -9999 -9999 -9999 -9999 9.98078E-1 8.89601E-1 9.53069E-1 9.99686E-1 9.99321E-1 9.99161E-1 9.98998E-1 9.99663E-1 9.99648E-1 9.99737E-1 9.98712E-1 9.98101E-1 9.99794E-1 9.99972E-1 9.99958E-1 9.99999E-1 9.99989E-1 9.99817E-1 9.99049E-1 9.98025E-1 9.99858E-1 9.99802E-1 9.9952E-1 9.97899E-1 9.99153E-1 9.99967E-1 9.99818E-1 9.99997E-1 9.99954E-1 9.99958E-1 9.99999E-1 9.99996E-1 9.99974E-1 9.99996E-1 9.99999E-1 1E0 9.99986E-1 9.99992E-1 9.99976E-1 9.99991E-1 9.99976E-1 9.99967E-1 9.99924E-1 9.99998E-1 9.99996E-1 9.99968E-1 9.73209E-1 8.01091E-1 9.86725E-1 1E0 1E0 9.99998E-1 9.99986E-1 9.99997E-1 9.99998E-1 9.99727E-1 9.73745E-1 9.90362E-1
-9999 -9999 -9999 -9999 -9999 -9999 -9999 -9999 -9999 -9999 -9999 -9999 -9999 -9999 -9999 9.80589E-1 9.69195E-1 9.91464E-1 -9999 9.99758E-1 9.99883E-1 9.9956E-1 9.99596E-1 9.9983E-1 9.99967E-1 9.99744E-1 9.98515E-1 9.99166E-1 9.98963E-1 9.99889E-1 9.9997E-1 9.99997E-1 9.99962E-1 9.99902E-1 9.99862E-1 9.99779E-1 9.97863E-1 9.99392E-1 9.99148E-1 9.97868E-1 9.99976E-1 9.99913E-1 9.99194E-1 9.99799E-1 9.99975E-1 9.99991E-1 9.99983E-1 9.99943E-1 9.99986E-1 1E0 9.99999E-1 9.99999E-1 9.99999E-1 9.99996E-1 9.99361E-1 9.99997E-1 9.99999E-1 9.99927E-1 9.95269E-1 9.99954E-1 9.99838E-1 1E0 9.99997E-1 9.91116E-1 9.71505E-1 9.99987E-1 9.99843E-1 9.99794E-1 9.9983E-1 1E0 1E0 9.96657E-1 9.99246E-1 9.96715E-1
-9999 -9999 -9999 -9999 -9999 -9999 -9999 -9999 -9999 -9999 9.98834E-1 9.98588E-1 9.56544E-1 -9999 -9999 -9999 9.92143E-1 -9999 -9999 9.99263E-1 9.99821E-1 9.99671E-1 9.99865E-1 9.99788E-1 9.99966E-1 9.99958E-1 9.98919E-1 9.97415E-1 9.99966E-1 9.99987E-1 9.99996E-1 9.99995E-1 9.9992E-1 9.99411E-1 9.99724E-1 9.99607E-1 9.99396E-1 9.98948E-1 9.95615E-1 9.9899E-1 9.99843E-1 9.99785E-1 9.99657E-1 9.99954E-1 9.99687E-1 9.9995E-1 9.99986E-1 9.99994E-1 9.99994E-1 1E0 9.99998E-1 9.99988E-1 9.99999E-1 9.99975E-1 9.99879E-1 9.9995E-1 9.99997E-1 9.99986E-1 9.99997E-1 9.99986E-1 9.99893E-1 9.99997E-1 9.99871E-1 9.99842E-1 9.99994E-1 9.99999E-1 1E0 1E0 9.99949E-1 9.99992E-1 9.99997E-1 9.99996E-1 9.99975E-1 9.99998E-1
-9999 -9999 -9999 -9999 -9999 -9999 -9999 -9999 -9999 -9999 9.99587E-1 9.97252E-1 9.91138E-1 -9999 9.86828E-1 -9999 -9999 9.973E-1 9.99775E-1 -9999 9.99839E-1 9.98915E-1 9.9993E-1 9.99993E-1 9.99954E-1 9.99986E-1 9.99813E-1 9.98807E-1 9.9863E-1 9.99711E-1 9.99663E-1 9.99949E-1 9.99963E-1 9.99819E-1 9.99808E-1 9.99582E-1 9.99303E-1 9.96156E-1 9.97724E-1 9.99508E-1 9.9957E-1 9.99473E-1 9.98864E-1 9.99866E-1 9.99881E-1 9.99958E-1 9.99996E-1 9.99992E-1 9.99994E-1 9.99987E-1 9.99994E-1 9.99997E-1 9.99998E-1 9.99996E-1 9.99976E-1 9.99986E-1 9.99998E-1 1E0 1E0 9.99998E-1 9.9997E-1 9.99975E-1 9.99754E-1 9.99988E-1 9.99797E-1 9.99975E-1 9.99983E-1 9.99999E-1 9.99704E-1 9.99403E-1 9.97725E-1 9.99907E-1 9.98989E-1 9.99999E-1
-9999 -9999 -9999 -9999 -9999 -9999 -9999 -9999 -9999 -9999 9.74403E-1 9.96906E-1 -9999 -9999 9.91236E-1 9.99072E-1 9.99414E-1 9.97319E-1 9.99936E-1 -9999 9.99746E-1 9.99976E-1 9.99915E-1 9.99892E-1 9.99924E-1 9.99945E-1 9.99912E-1 9.99969E-1 9.99944E-1 9.99662E-1 9.99858E-1 9.99093E-1 9.99885E-1 9.99727E-1 9.99725E-1 9.99714E-1 9.99863E-1 9.98106E-1 9.99172E-1 9.98219E-1 9.98079E-1 9.9757E-1 9.98817E-1 9.99802E-1 9.99879E-1 9.99836E-1 9.99997E-1 9.99999E-1 9.99982E-1 9.99897E-1 9.99998E-1 1E0 9.99999E-1 9.99965E-1 1E0 9.99998E-1 9.99999E-1 9.99994E-1 9.99995E-1 9.99994E-1 9.99979E-1 9.99983E-1 9.99691E-1 9.99906E-1 9.99965E-1 9.99976E-1 1E0 9.99994E-1 9.92082E-1 9.66265E-1 9.67303E-1 9.72436E-1 9.84722E-1 9.99339E-1
-9999 -9999 -9999 -9999 -9999 -9999 -9999 9.26883E-1 -9999 8.22006E-1 9.90406E-1 9.98597E-1 9.99252E-1 9.98052E-1 9.98858E-1 9.99836E-1 9.99197E-1 9.99575E-1 9.99542E-1 9.99732E-1 9.99883E-1 9.99663E-1 9.99841E-1 9.99885E-1 9.99773E-1 9.99553E-1 9.99417E-1 9.99942E-1 9.99992E-1 9.99775E-1 9.99988E-1 9.9974E-1 9.99244E-1 9.98984E-1 9.98588E-1 9.95042E-1 9.98875E-1 9.98791E-1 9.98999E-1 9.98967E-1 9.99778E-1 9.99454E-1 9.99153E-1 9.999E-1 9.99925E-1 9.99946E-1 9.99693E-1 9.99991E-1 9.99924E-1 9.99995E-1 9.99999E-1 9.99977E-1 9.99992E-1 9.99999E-1 9.99992E-1 1E0 1E0 9.99996E-1 9.99961E-1 9.99955E-1 1E0 1E0 9.99986E-1 9.99919E-1 9.99976E-1 9.99566E-1 9.98941E-1 9.98805E-1 9.83832E-1 9.64439E-1 9.77708E-1 9.68562E-1 9.70848E-1 9.87563E-1
-9999 -9999 -9999 -9999 -9999 -9999 -9999 8.42884E-1 -9999 -9999 9.96192E-1 9.99961E-1 9.9683E-1 9.9668E-1 9.95113E-1 9.99591E-1 9.99079E-1 9.8927E-1 9.99785E-1 9.99934E-1 9.99981E-1 9.99949E-1 9.99976E-1 9.99948E-1 9.99382E-1 9.99602E-1 9.99855E-1 9.99941E-1 9.99872E-1 9.99873E-1 9.99852E-1 9.98143E-1 9.92367E-1 9.91533E-1 9.76289E-1 9.98444E-1 9.47883E-1 9.9998E-1 9.9761E-1 9.99408E-1 9.98802E-1 9.99337E-1 9.9909E-1 9.99215E-1 9.99789E-1 9.99522E-1 9.99916E-1 9.99999E-1 9.99987E-1 9.99957E-1 9.99994E-1 9.99974E-1 9.99804E-1 1E0 9.99999E-1 9.99916E-1 1E0 1E0 9.99457E-1 9.99931E-1 9.99994E-1 9.99996E-1 1E0 9.99991E-1 9.96806E-1 9.99963E-1 9.9883E-1 9.99987E-1 9.99966E-1 9.92958E-1 9.95777E-1 9.96512E-1 9.96766E-1 9.9798E-1
-9999 -9999 -9999 -9999 -9999 -9999 -9999 -9999 -9999 -9999 9.97768E-1 9.99818E-1 9.9982E-1 9.9792E-1 9.91057E-1 9.99837E-1 9.9951E-1 9.90304E-1 9.99364E-1 9.99863E-1 9.99867E-1 9.99928E-1 9.99979E-1 9.99812E-1 9.99763E-1 9.99934E-1 9.99598E-1 9.99741E-1 9.99976E-1 9.99337E-1 9.99625E-1 9.99356E-1 9.97021E-1 9.73311E-1 9.95548E-1 9.91203E-1 9.93938E-1 9.69408E-1 9.62667E-1 9.8135E-1 9.49596E-1 9.99116E-1 9.97467E-1 9.99075E-1 9.99483E-1 9.99997E-1 9.99877E-1 9.99996E-1 9.99992E-1 9.99949E-1 9.99987E-1 9.99994E-1 9.99999E-1 9.99999E-1 9.99983E-1 9.99999E-1 9.99952E-1 9.99994E-1 9.99998E-1 9.99999E-1 9.99999E-1 9.99995E-1 1E0 9.99999E-1 9.99924E-1 9.99974E-1 9.99593E-1 9.99998E-1 9.99999E-1 9.96348E-1 9.79815E-1 9.88094E-1 9.97951E-1 9.99367E-1
-9999 -9999 -9999 -9999 -9999 -9999 -9999 -9999 -9999 -9999 -9999 -9999 -9999 9.98468E-1 9.99502E-1 9.99562E-1 9.9998E-1 9.99513E-1 9.99767E-1 9.99649E-1 9.99967E-1 9.99816E-1 9.91713E-1 9.9989E-1 9.98905E-1 9.95796E-1 9.98856E-1 9.99938E-1 9.98962E-1 9.99576E-1 -9999 -9999 -9999 -9999 -9999 9.7355E-1 9.90448E-1 9.95897E-1 9.80603E-1 9.41695E-1 4.19533E-1 6.33064E-1 7.42937E-1 9.87816E-1 9.99895E-1 9.99855E-1 9.99853E-1 9.99993E-1 9.99993E-1 1E0 9.99999E-1 9.99998E-1 9.99984E-1 9.99999E-1 9.9988E-1 9.99993E-1 9.99994E-1 1E0 1E0 9.9999E-1 1E0 9.99999E-1 1E0 1E0 9.99998E-1 9.99976E-1 9.92118E-1 9.50538E-1 9.99968E-1 9.99696E-1 9.99827E-1 9.98132E-1 9.98963E-1 9.97018E-1
-9999 -9999 -9999 -9999 -9999 -9999 -9999 -9999 -9999 -9999 -9999 -9999 -9999 -9999 -9999 9.99427E-1 9.99748E-1 9.99844E-1 9.99439E-1 9.99947E-1 9.97712E-1 9.99753E-1 9.9518E-1 9.96874E-1 9.96532E-1 9.90221E-1 9.96281E-1 9.99199E-1 9.99903E-1 -9999 -9999 8.72576E-1 9.99356E-1 9.32394E-1 9.97782E-1 9.93909E-1 9.94142E-1 9.9955E-1 9.82636E-1 9.58212E-1 9.06913E-1 -9999 2.81787E-1 9.99619E-1 9.99972E-1 9.9998E-1 9.99946E-1 9.99996E-1 9.99997E-1 9.99999E-1 9.99988E-1 9.99988E-1 9.99999E-1 9.99952E-1 9.99808E-1 9.99962E-1 9.99989E-1 9.99988E-1 9.99999E-1 9.99979E-1 9.99998E-1 1E0 9.9999E-1 9.99997E-1 9.99741E-1 9.99971E-1 9.77131E-1 9.87891E-1 9.95411E-1 9.98415E-1 9.99532E-1 9.9903E-1 9.97991E-1 9.66844E-1
-9999 -9999 -9999 -9999 -9999 -9999 -9999 -9999 -9999 -9999 -9999 -9999 -9999 -9999 -9999 9.99949E-1 9.99956E-1 9.99986E-1 9.99512E-1 9.98191E-1 9.98008E-1 9.999E-1 9.9757E-1 9.88817E-1 9.97947E-1 9.92621E-1 9.99592E-1 9.99939E-1 9.98829E-1 9.99715E-1 8.68598E-1 9.40862E-1 -9999 -9999 -9999 9.99581E-1 9.45044E-1 9.61354E-1 9.99066E-1 -9999 -9999 6.4964E-1 6.95313E-1 -9999 9.9992E-1 9.99334E-1 9.99362E-1 9.99998E-1 9.99999E-1 1E0 9.99899E-1 9.99998E-1 9.99993E-1 9.9997E-1 9.99999E-1 9.99995E-1 9.99969E-1 1E0 9.99975E-1 9.99973E-1 9.99996E-1 9.99979E-1 9.99984E-1 9.99816E-1 9.99822E-1 9.99434E-1 9.95763E-1 9.90771E-1 9.96943E-1 9.9985E-1 9.99722E-1 9.988E-1 9.98171E-1 9.83311E-1
-9999 -9999 -9999 -9999 -9999 -9999 -9999 -9999 -9999 -9999 -9999 -9999 -9999 -9999 -9999 -9999 9.99099E-1 9.99913E-1 9.99303E-1 9.96324E-1 9.97837E-1 9.99501E-1 9.75716E-1 9.8936E-1 9.72615E-1 9.97887E-1 9.9901E-1 9.99785E-1 9.81972E-1 9.77391E-1 8.8221E-1 9.5392E-1 -9999 -9999 -9999 9.97965E-1 9.43248E-1 -9999 -9999 -9999 8.17392E-1 6.03996E-1 7.16976E-1 9.9893E-1 9.99707E-1 9.99835E-1 9.99746E-1 9.99893E-1 9.99979E-1 9.99994E-1 9.99989E-1 9.99981E-1 9.99884E-1 9.99977E-1 9.99966E-1 9.99958E-1 9.99908E-1 9.99999E-1 9.99946E-1 9.99999E-1 9.99996E-1 9.99908E-1 9.9997E-1 9.99352E-1 9.99014E-1 9.99929E-1 9.90676E-1 9.75177E-1 9.36807E-1 9.86968E-1 9.99642E-1 9.95332E-1 9.75893E-1 9.02704E-1
-9999 -9999 -9999 -9999 -9999 -9999 -9999 -9999 -9999 -9999 -9999 -9999 -9999 -9999 -9999 -9999 9.99516E-1 9.89162E-1 9.856E-1 9.87151E-1 9.99703E-1 9.99313E-1 9.99699E-1 9.9983E-1 9.97053E-1 9.97159E-1 9.98224E-1 -9999 9.58589E-1 9.77064E-1 8.38611E-1 -9999 9.90583E-1 -9999 -9999 -9999 -9999 -9999 -9999 9.95062E-1 8.27361E-1 9.95514E-1 8.95166E-1 9.96349E-1 9.95951E-1 9.99973E-1 9.99952E-1 9.99995E-1 9.99998E-1 9.99989E-1 9.99995E-1 9.99881E-1 9.99965E-1 9.99907E-1 9.99713E-1 9.989E-1 9.97445E-1 9.99906E-1 9.99989E-1 9.99834E-1 9.99999E-1 9.99998E-1 9.99944E-1 9.99367E-1 9.97636E-1 9.991E-1 9.96598E-1 9.55529E-1 8.80595E-1 9.8803E-1 9.96929E-1 9.87003E-1 8.51157E-1 5.18884E-1
-9999 -9999 -9999 -9999 -9999 -9999 -9999 -9999 -9999 -9999 -9999 -9999 -9999 -9999 -9999 -9999 9.97824E-1 9.97583E-1 9.96465E-1 9.99735E-1 9.99675E-1 9.99595E-1 9.99159E-1 9.99866E-1 9.97737E-1 9.98001E-1 8.31437E-1 9.99331E-1 9.88786E-1 9.76241E-1 9.45119E-1 -9999 -9999 -9999 -9999 -9999 -9999 8.19111E-1 9.95581E-1 -9999 9.99349E-1 9.9923E-1 9.9996E-1 9.99933E-1 9.99965E-1 9.99951E-1 9.99949E-1 9.99998E-1 9.99999E-1 9.99997E-1 9.99994E-1 9.9986E-1 9.99675E-1 9.9994E-1 9.99963E-1 9.99013E-1 9.99886E-1 9.99958E-1 9.99615E-1 9.99944E-1 9.99991E-1 9.99835E-1 9.99717E-1 9.99578E-1 9.97246E-1 9.99068E-1 9.90057E-1 9.55387E-1 6.20927E-1 5.08666E-1 4.82672E-1 5.22344E-1 3.40872E-1 1.02247E-1
-9999 -9999 -9999 -9999 -9999 -9999 -9999 -9999 -9999 -9999 -9999 -9999 -9999 -9999 -9999 -9999 9.93896E-1 9.98608E-1 9.9968E-1 9.98064E-1 9.99088E-1 9.99848E-1 9.93097E-1 9.97815E-1 9.90358E-1 9.8164E-1 9.07762E-1 8.45444E-1 9.95815E-1 9.99268E-1 -9999 -9999 -9999 -9999 -9999 -9999 -9999 -9999 -9999 9.55726E-1 9.84125E-1 9.73843E-1 9.75226E-1 9.96445E-1 9.99984E-1 9.99982E-1 9.99942E-1 9.99999E-1 9.99997E-1 9.99991E-1 9.9997E-1 9.98678E-1 9.9807E-1 9.92459E-1 9.97134E-1 9.99722E-1 9.95636E-1 9.97798E-1 9.99386E-1 9.99946E-1 9.9999E-1 9.99844E-1 9.99793E-1 9.9827E-1 9.9969E-1 9.95693E-1 9.82267E-1 9.09085E-1 3.4382E-1 2.53336E-1 1.89443E-1 2.28447E-1 7.45844E-2 3.77113E-2
-9999 -9999 -9999 -9999 -9999 -9999 -9999 -9999 -9999 -9999 -9999 -9999 -9999 -9999 -9999 -9999 9.95877E-1 9.98535E-1 9.99502E-1 9.97212E-1 9.99099E-1 9.92908E-1 9.6958E-1 8.94187E-1 8.82865E-1 9.54252E-1 7.19459E-1 9.83183E-1 -9999 -9999 -9999 -9999 -9999 -9999 -9999 -9999 -9999 -9999 9.95555E-1 9.99379E-1 9.94952E-1 9.98217E-1 9.98064E-1 9.99437E-1 9.99794E-1 9.97346E-1 9.98934E-1 9.99999E-1 1E0 9.99997E-1 9.99993E-1 9.99469E-1 9.998E-1 9.96641E-1 9.91611E-1 9.98586E-1 9.94204E-1 9.92815E-1 9.96433E-1 9.99892E-1 9.9999E-1 9.99887E-1 9.9922E-1 9.99869E-1 9.99246E-1 9.99899E-1 9.84466E-1 8.0118E-1 8.06991E-1 2.7056E-1 2.57043E-1 1.65678E-1 8.01098E-2 7.09014E-2
-9999 -9999 -9999 -9999 -9999 -9999 -9999 -9999 -9999 -9999 -9999 -9999 -9999 -9999 -9999 -9999 9.92743E-1 9.97174E-1 9.9909E-1 9.82826E-1 9.99097E-1 9.98935E-1 9.97928E-1 9.8173E-1 9.80822E-1 8.24898E-1 6.46668E-1 -9999 -9999 -9999 -9999 -9999 -9999 -9999 -9999 -9999 -9999 9.99647E-1 9.99986E-1 9.98541E-1 -9999 9.99559E-1 9.98685E-1 9.52362E-1 9.64217E-1 9.6081E-1 9.99551E-1 9.9997E-1 9.9999E-1 9.99948E-1 9.99829E-1 9.99893E-1 9.93867E-1 9.22724E-1 9.9707E-1 9.8186E-1 9.88647E-1 9.99051E-1 9.9997E-1 9.99234E-1 9.99531E-1 9.99828E-1 9.99709E-1 9.99931E-1 9.99899E-1 9.995E-1 9.99973E-1 9.99979E-1 9.70171E-1 3.78091E-1 1.64678E-1 1.97453E-1 3.77238E-2 5.62418E-2
-9999 -9999 -9999 -9999 -9999 -9999 -9999 -9999 -9999 -9999 -9999 -9999 -9999 -9999 -9999 -9999 9.48291E-1 9.19818E-1 7.64477E-1 9.99651E-1 9.90649E-1 9.80753E-1 9.50872E-1 7.22126E-1 9.90741E-1 -9999 -9999 -9999 -9999 -9999 -9999 -9999 -9999 9.99997E-1 9.99969E-1 9.99862E-1 -9999 9.9428E-1 9.99983E-1 9.97409E-1 9.99794E-1 9.99837E-1 9.9955E-1 9.97735E-1 9.99785E-1 9.99802E-1 9.99981E-1 9.99994E-1 9.99952E-1 9.99973E-1 9.99281E-1 9.95961E-1 9.66184E-1 9.92174E-1 9.63311E-1 9.78713E-1 9.96452E-1 9.9696E-1 9.98265E-1 9.9847E-1 9.99769E-1 9.97857E-1 9.98846E-1 9.70211E-1 9.97771E-1 9.95357E-1 9.81649E-1 9.9742E-1 9.97783E-1 9.8436E-1 6.61126E-1 1.41671E-1 2.38017E-1 3.35148E-1
-9999 -9999 -9999 -9999 -9999 -9999 -9999 -9999 -9999 -9999 -9999 -9999 -9999 -9999 -9999 -9999 -9999 7.12299E-1 9.79055E-1 9.92256E-1 9.99305E-1 9.99402E-1 9.98118E-1 -9999 -9999 -9999 -9999 -9999 -9999 -9999 -9999 9.98198E-1 8.54393E-1 9.25436E-1 9.28016E-1 8.21683E-1 9.87555E-1 9.99774E-1 9.99365E-1 9.99322E-1 9.99933E-1 9.99961E-1 9.99908E-1 9.9992E-1 9.99985E-1 9.99894E-1 9.99928E-1 9.99978E-1 9.99902E-1 9.99036E-1 9.99215E-1 9.95837E-1 9.67767E-1 9.48976E-1 9.99885E-1 9.9983E-1 9.99993E-1 9.99566E-1 9.98809E-1 9.99875E-1 9.96152E-1 9.988E-1 9.84277E-1 9.64561E-1 9.70592E-1 9.05097E-1 9.00402E-1 9.96022E-1 9.99889E-1 9.9518E-1 8.50239E-1 6.33342E-1 2.70256E-1 2.04012E-1
-9999 -9999 -9999 -9999 -9999 -9999 -9999 -9999 -9999 -9999 -9999 -9999 -9999 -9999 -9999 -9999 -9999 -9999 -9999 -9999 -9999 -9999 9.99698E-1 -9999 -9999 -9999 -9999 -9999 -9999 -9999 -9999 9.74801E-1 4.44059E-1 8.8836E-1 9.7602E-1 9.98871E-1 9.47832E-1 9.83057E-1 9.99018E-1 9.99379E-1 9.99983E-1 9.99962E-1 9.99882E-1 9.99984E-1 9.99947E-1 9.9998E-1 9.99499E-1 9.95941E-1 9.90449E-1 9.88193E-1 9.97644E-1 9.94864E-1 9.99823E-1 9.99219E-1 9.99895E-1 9.99989E-1 9.94703E-1 9.99714E-1 9.99318E-1 9.99997E-1 9.87729E-1 9.86163E-1 9.86605E-1 8.03486E-1 5.73136E-1 4.34361E-1 7.08753E-1 9.566E-1 9.91864E-1 7.5775E-1 5.89641E-1 7.21195E-1 7.44637E-1 4.71561E-1
-9999 -9999 -9999 -9999 -9999 -9999 -9999 -9999 -9999 -9999 -9999 -9999 -9999 -9999 -9999 -9999 -9999 -9999 -9999 -9999 -9999 -9999 -9999 -9999 -9999 -9999 -9999 -9999 -9999 -9999 -9999 9.84478E-1 -9999 8.91656E-1 9.9634E-1 9.99276E-1 9.99541E-1 9.97537E-1 9.99977E-1 9.99951E-1 9.99858E-1 9.99959E-1 9.99911E-1 9.99992E-1 9.99955E-1 9.99726E-1 9.99939E-1 9.99954E-1 9.97836E-1 9.89311E-1 9.70721E-1 9.67616E-1 9.87621E-1 9.99377E-1 9.93934E-1 9.99209E-1 9.99823E-1 9.99575E-1 9.99889E-1 9.94968E-1 9.93829E-1 9.88456E-1 9.85685E-1 9.69857E-1 5.4295E-1 3.25519E-1 4.704E-1 9.44196E-1 9.72788E-1 9.68301E-1 7.64353E-2 7.3163E-1 6.09583E-1 4.32785E-1
-9999 -9999 -9999 -9999 -9999 -9999 -9999 -9999 -9999 -9999 -9999 -9999 -9999 -9999 -9999 -9999 -9999 -9999 -9999 -9999 -9999 -9999 -9999 -9999 -9999 -9999 -9999 -9999 -9999 -9999 -9999 -9999 -9999 7.72218E-1 9.81809E-1 9.99907E-1 9.99749E-1 9.99776E-1 9.99822E-1 9.99607E-1 9.99331E-1 9.91227E-1 9.99715E-1 9.98862E-1 9.99922E-1 9.99856E-1 9.99845E-1 9.99998E-1 9.99484E-1 9.98735E-1 9.90942E-1 9.97778E-1 9.91532E-1 9.98651E-1 9.99412E-1 9.98657E-1 9.99413E-1 9.98504E-1 9.85297E-1 9.80916E-1 9.87173E-1 9.36991E-1 9.05286E-1 9.82947E-1 7.55584E-1 3.75537E-1 3.23966E-1 8.26083E-1 8.75722E-1 9.87787E-1 1.0434E-1 1.07982E-1 4.95405E-1 6.33528E-1
-9999 -9999 -9999 -9999 -9999 -9999 -9999 -9999 -9999 -9999 -9999 -9999 -9999 -9999 -9999 -9999 -9999 -9999 -9999 -9999 -9999 -9999 -9999 -9999 -9999 -9999 -9999 -9999 -9999 -9999 -9999 -9999 -9999 8.27639E-1 9.88309E-1 9.99811E-1 9.99743E-1 9.99283E-1 9.997E-1 9.81004E-1 9.97175E-1 9.98818E-1 9.9759E-1 9.99258E-1 9.99882E-1 9.99207E-1 9.99955E-1 9.99876E-1 9.97179E-1 9.94184E-1 9.71001E-1 9.98135E-1 9.96967E-1 9.97747E-1 9.999E-1 9.98726E-1 9.95141E-1 9.99662E-1 9.85935E-1 9.22566E-1 8.94431E-1 8.1964E-1 8.17057E-1 9.02851E-1 8.09459E-1 5.05934E-1 2.3323E-1 6.29076E-1 6.06277E-1 9.37408E-1 1.71375E-1 4.15088E-2 4.13299E-1 4.20786E-1
-9999 -9999 -9999 -9999 -9999 -9999 -9999 -9999 -9999 -9999 -9999 -9999 -9999 -9999 -9999 -9999 -9999 -9999 -9999 -9999 -9999 -9999 -9999 -9999 -9999 -9999 -9999 -9999 -9999 -9999 -9999 -9999 7.69903E-1 9.7078E-1 9.95136E-1 9.52874E-1 9.93085E-1 9.99167E-1 9.45947E-1 9.99625E-1 9.98945E-1 9.99307E-1 9.99142E-1 9.99797E-1 9.9971E-1 9.99853E-1 9.99891E-1 9.99859E-1 9.71719E-1 8.87685E-1 9.87755E-1 9.98963E-1 9.9779E-1 9.97802E-1 9.97739E-1 9.98051E-1 9.98601E-1 9.98456E-1 9.84772E-1 6.32964E-1 3.47446E-1 1.46352E-1 1.27402E-1 3.26245E-1 3.85837E-1 6.76891E-1 3.83759E-1 3.33236E-1 4.78729E-1 9.12169E-1 2.63862E-1 3.63196E-2 2.31373E-2 2.00692E-1
-9999 -9999 -9999 -9999 -9999 -9999 -9999 -9999 -9999 -9999 -9999 -9999 -9999 -9999 -9999 -9999 -9999 -9999 -9999 -9999 -9999 -9999 -9999 -9999 -9999 -9999 -9999 -9999 -9999 -9999 -9999 -9999 6.69525E-1 9.7463E-1 9.91618E-1 9.75359E-1 9.76843E-1 9.97671E-1 9.98641E-1 9.99321E-1 9.85379E-1 9.99079E-1 9.99503E-1 9.99993E-1 9.99952E-1 9.99842E-1 9.99955E-1 9.98685E-1 9.92468E-1 9.93133E-1 9.98161E-1 9.93828E-1 9.67478E-1 9.92045E-1 9.98994E-1 9.99189E-1 9.97534E-1 9.98886E-1 9.85122E-1 5.02877E-1 3.77375E-1 2.34005E-1 1.76728E-1 4.62772E-1 2.3304E-1 2.62792E-1 3.85424E-1 3.38443E-1 5.58756E-1 8.59812E-1 8.2169E-1 5.61659E-2 6.63689E-2 7.67794E-3
-9999 -9999 -9999 -9999 -9999 -9999 -9999 -9999 -9999 -9999 -9999 -9999 -9999 -9999 -9999 -9999 -9999 -9999 -9999 -9999 -9999 -9999 -9999 -9999 -9999 -9999 -9999 -9999 9.97767E-1 -9999 -9999 9.98611E-1 9.75554E-1 9.9978E-1 9.99977E-1 9.99448E-1 9.99976E-1 9.94677E-1 9.99655E-1 9.99874E-1 9.97691E-1 9.99556E-1 9.99824E-1 9.99985E-1 9.99624E-1 9.99777E-1 9.99918E-1 9.98366E-1 9.99301E-1 9.9729E-1 9.71727E-1 9.75791E-1 9.53771E-1 9.83719E-1 9.8493E-1 9.67479E-1 8.94139E-1 8.84448E-1 9.7631E-1 8.01503E-1 6.69534E-1 3.85706E-1 3.29009E-1 3.31998E-1 4.21878E-1 2.70563E-1 2.31655E-1 2.75236E-1 7.01067E-1 8.50852E-1 2.88986E-1 4.17026E-2 7.46063E-2 1.36908E-1
-9999 -9999 -9999 -9999 -9999 -9999 -9999 -9999 -9999 -9999 -9999 -9999 -9999 -9999 -9999 -9999 -9999 -9999 -9999 -9999 -9999 -9999 -9999 -9999 -9999 -9999 -9999 -9999 -9999 9.67219E-1 9.96952E-1 9.98273E-1 9.99597E-1 9.9997E-1 9.99981E-1 9.95493E-1 9.99385E-1 9.97798E-1 9.99376E-1 9.98717E-1 9.99E-1 9.99532E-1 9.99161E-1 9.99891E-1 9.99872E-1 9.99919E-1 9.99481E-1 9.97495E-1 9.90732E-1 9.72491E-1 9.99375E-1 9.97454E-1 9.81982E-1 9.96938E-1 9.84409E-1 9.9396E-1 9.11691E-1 9.88704E-1 9.5136E-1 6.5953E-1 3.82959E-1 2.02597E-1 2.24596E-1 2.84623E-1 2.53582E-1 1.5688E-1 1.5141E-1 2.75311E-1 6.58958E-1 9.56649E-1 9.31806E-1 6.34818E-2 4.58543E-2 1.88227E-1
-9999 -9999 -9999 -9999 -9999 -9999 -9999 -9999 -9999 -9999 -9999 -9999 -9999 -9999 -9999 -9999 -9999 -9999 -9999 -9999 -9999 -9999 -9999 -9999 -9999 -9999 -9999 -9999 -9999 -9999 9.99761E-1 9.99935E-1 9.99933E-1 9.99802E-1 9.99984E-1 9.97194E-1 9.98698E-1 9.9842E-1 9.97641E-1 9.99323E-1 9.99677E-1 9.99984E-1 9.99926E-1 9.99869E-1 9.99471E-1 9.99841E-1 9.98292E-1 9.99465E-1 9.99906E-1 9.99483E-1 9.99596E-1 9.82243E-1 9.97582E-1 8.31785E-1 9.90283E-1 9.96742E-1 9.98611E-1 9.72763E-1 7.71712E-1 5.88225E-1 4.96683E-1 3.97006E-1 1.62351E-1 3.22596E-1 4.01722E-1 2.2171E-1 8.83237E-2 2.81139E-1 6.25162E-1 8.70534E-1 9.22331E-1 8.10991E-2 8.10143E-2 1.41032E-2
-9999 -9999 -9999 -9999 -9999 -9999 -9999 -9999 -9999 -9999 -9999 -9999 -9999 -9999 -9999 -9999 -9999 -9999 -9999 -9999 -9999 -9999 -9999 -9999 -9999 -9999 -9999 -9999 -9999 9.63194E-1 9.98632E-1 9.99843E-1 9.99893E-1 9.95817E-1 9.99319E-1 9.98651E-1 9.99018E-1 9.9938E-1 9.97494E-1 9.98334E-1 9.99973E-1 9.99909E-1 9.99883E-1 9.99742E-1 9.99987E-1 9.9972E-1 9.99648E-1 9.90983E-1 9.99931E-1 9.98989E-1 9.88065E-1 9.9454E-1 9.91476E-1 9.47325E-1 9.95403E-1 9.97666E-1 9.98041E-1 9.22477E-1 6.25083E-1 5.20569E-1 5.13052E-1 1.74083E-1 1.48133E-1 1.92556E-1 3.59115E-1 3.14798E-1 4.07613E-2 2.14704E-1 6.07352E-1 7.86995E-1 8.0555E-1 4.22718E-1 2.47614E-1 3.31236E-3
-9999 -9999 -9999 -9999 -9999 -9999 -9999 -9999 -9999 -9999 -9999 -9999 -9999 -9999 -9999 -9999 -9999 -9999 -9999 -9999 -9999 -9999 -9999 -9999 9.99997E-1 -9999 -9999 9.97824E-1 9.99884E-1 9.99339E-1 9.93444E-1 9.97295E-1 9.94075E-1 9.9987E-1 9.83111E-1 9.97347E-1 9.99654E-1 9.99626E-1 9.99143E-1 9.99382E-1 9.99992E-1 9.99971E-1 9.99778E-1 9.99842E-1 9.99956E-1 9.99661E-1 9.99682E-1 9.99779E-1 9.91434E-1 9.53916E-1 9.55004E-1 9.6951E-1 9.66733E-1 9.51382E-1 9.99776E-1 9.91821E-1 9.8273E-1 8.17607E-1 5.23889E-1 1.92909E-1 1.66733E-1 2.41647E-1 2.2676E-1 9.26795E-2 1.07523E-1 1.761E-1 3.59968E-2 1.61754E-1 5.15613E-1 6.88467E-1 8.48163E-1 6.96753E-1 4.91349E-1 1.24432E-1
-9999 -9999 -9999 -9999 -9999 -9999 -9999 -9999 -9999 -9999 -9999 -9999 -9999 -9999 -9999 -9999 -9999 -9999 -9999 -9999 -9999 -9999 -9999 -9999 9.99631E-1 9.99762E-1 9.95423E-1 9.99715E-1 9.99892E-1 9.84955E-1 9.9029E-1 9.93445E-1 9.97798E-1 9.97109E-1 9.99336E-1 9.99931E-1 9.99989E-1 9.99937E-1 9.99172E-1 9.99738E-1 9.99986E-1 9.9999E-1 9.99766E-1 9.97564E-1 9.9886E-1 9.9622E-1 9.78707E-1 9.96616E-1 9.96005E-1 8.7968E-1 9.44231E-1 9.78784E-1 8.89585E-1 9.89734E-1 9.7893E-1 8.05866E-1 4.5817E-1 1.49279E-1 3.05256E-1 4.50152E-1 1.16262E-1 1.28275E-1 3.43132E-1 3.85399E-1 1.57007E-1 4.50614E-2 3.0395E-2 1.21612E-1 5.61771E-1 7.26384E-1 8.85105E-1 9.95456E-1 6.26894E-1 2.58466E-1
-9999 -9999 -9999 -9999 -9999 -9999 -9999 -9999 -9999 -9999 -9999 -9999 -9999 -9999 -9999 -9999 -9999 -9999 -9999 -9999 -9999 -9999 -9999 -9999 -9999 9.9992E-1 9.92102E-1 9.99891E-1 -9999 -9999 -9999 9.81834E-1 9.99598E-1 9.79633E-1 9.33141E-1 9.20483E-1 9.99986E-1 9.8894E-1 9.9865E-1 9.80362E-1 9.96337E-1 9.91372E-1 9.99729E-1 9.86816E-1 9.93247E-1 8.12481E-1 9.88688E-1 9.65711E-1 9.99597E-1 9.99195E-1 9.98872E-1 8.89875E-1 9.46261E-1 9.8019E-1 9.52616E-1 7.55322E-1 5.68118E-1 5.19074E-1 4.12786E-1 3.96646E-1 9.15776E-2 1.62595E-1 6.16506E-1 3.59791E-1 1.17541E-2 8.24947E-2 1.03659E-2 8.38392E-2 3.47499E-1 6.98092E-1 7.37493E-1 7.82994E-1 8.72551E-2 6.03E-2
-9999 -9999 -9999 -9999 -9999 -9999 -9999 -9999 -9999 -9999 -9999 -9999 -9999 -9999 -9999 -9999 -9999 -9999 -9999 -9999 -9999 -9999 -9999 -9999 -9999 -9999 9.99968E-1 -9999 -9999 -9999 7.88776E-1 8.65614E-1 9.33276E-1 9.48839E-1 9.96681E-1 9.97405E-1 9.98628E-1 9.99201E-1 9.99549E-1 9.66888E-1 9.43802E-1 9.65158E-1 9.22169E-1 9.99485E-1 9.98653E-1 9.7667E-1 9.91636E-1 9.85295E-1 9.92888E-1 9.99908E-1 9.99354E-1 9.9995E-1 9.98544E-1 9.84107E-1 7.84903E-1 7.0122E-1 3.71842E-1 1.69604E-1 1.23594E-1 4.5151E-1 2.34523E-1 1.29998E-1 2.45281E-1 3.66183E-1 1.20129E-1 6.86809E-3 1.91072E-2 2.45762E-1 3.85982E-1 7.07726E-1 6.98691E-1 8.0509E-1 2.00567E-2 1.81797E-2
