ENM/Final_Models/M_1_F_lqp_Set_1_EC/Gustavia_santanderiensis_3_Choco_novel.asc
ncols         367
nrows         963
xllcorner     -78.6
yllcorner     0.65
cellsize      0.00833333333333323
NODATA_value  -9999
[rows 150 to 179 of 963, columns 272 to 339 of 367]
2.21535E0 4.71011E0 1.17952E1 1.44896E1 1.25337E1 1.69444E1 1.53677E0 2.07564E0 1.87606E0 1.4769E0 8.02315E0 1.06377E1 2.57459E0 3.03363E0 3.25317E0 1.11765E0 1.07774E0 3.03363E0 3.03363E0 1.69444E1 7.58407E0 1.69644E1 1.97585E1 1.97585E1 1.40904E1 1.03383E1 4.15128E0 3.25317E0 3.25317E0 1.88804E1 1.16156E1 2.39497E0 3.45275E0 2.79413E0 2.07564E0 1.29728E0 8.68177E0 4.39078E0 4.71011E0 2.22134E1 1.97585E1 1.90799E1 1.427E1 1.13761E1 2.57459E0 1.25736E0 1.4769E0 4.15128E0 3.73216E0 2.79413E0 1.07774E0 1.15757E0 1.69444E1 1.69444E1 2.57459E0 8.58198E-1 1.53677E0 3.45275E0 1.11765E0 1.97585E1 1.97585E1 1.69444E1 1.97585E1 1.97585E1 1.44497E1 1.07574E1 1.24538E1 1.07574E1
1.29728E0 2.07564E0 2.57459E0 1.32721E1 1.08173E1 7.10508E0 2.79413E0 2.21535E0 1.87606E0 1.79623E0 1.7164E0 7.50424E0 3.03363E0 2.39497E-1 3.39287E-1 9.97904E-2 9.97904E-2 2.57459E0 4.15128E0 8.68177E0 1.2853E1 7.58407E0 2.21535E0 6.54625E0 1.97585E1 1.8102E1 2.57459E0 1.79623E0 2.57459E0 1.15557E1 1.49087E1 2.07564E0 3.45275E0 2.87396E0 1.79623E0 1.25736E0 7.58407E0 4.39078E0 3.45275E0 8.68177E0 1.6685E1 2.18741E1 1.53079E1 1.2873E1 1.87606E0 1.29728E0 2.07564E0 5.1891E-1 6.18701E-1 2.79413E0 2.07564E0 1.97585E1 1.97585E1 1.69444E1 1.69444E1 1.61661E0 2.87396E0 1.69444E1 1.97585E1 1.97585E1 1.69444E1 1.44497E1 1.97585E1 1.97585E1 1.69444E1 1.24538E1 1.44497E1 1.44497E1
1.53677E0 7.58407E0 7.50424E0 1.29927E1 1.02385E1 9.32043E0 2.79413E0 2.87396E0 2.39497E0 1.79623E0 2.07564E0 8.36244E0 2.87396E0 1.39707E-1 9.97904E-2 9.97904E-2 1.25736E0 1.79623E0 3.25317E0 2.21535E0 2.39497E0 3.03363E0 2.79413E0 9.95909E0 1.97585E1 1.96587E1 1.69444E1 5.20906E0 1.87606E0 1.62658E1 6.50634E0 3.03363E0 9.3803E-1 3.39287E-1 2.79413E-1 1.25736E0 5.72797E0 3.45275E0 9.95909E0 4.39078E0 1.59066E1 1.49486E1 1.56471E1 1.29129E1 2.21535E0 1.61661E0 1.79623E-1 2.39497E-1 5.1891E-1 2.21535E0 7.58407E0 1.69444E1 1.97585E1 1.97585E1 1.69444E1 1.69444E1 1.69444E1 1.97585E1 2.13352E1 2.22134E1 1.69444E1 2.22134E1 1.69444E1 1.69444E1 1.44097E1 1.07574E1 1.44497E1 1.97585E1
1.79623E0 6.54625E0 7.145E0 1.53677E0 8.02315E0 1.13562E1 1.79623E0 2.79413E0 2.57459E0 1.15757E0 3.45275E0 7.98324E0 2.57459E0 4.78994E-1 9.97904E-2 4.39078E-1 1.53677E0 1.87606E0 2.39497E0 1.53677E0 1.87606E0 2.87396E0 1.15757E0 2.87396E0 1.97585E1 1.18551E1 1.97585E1 1.7164E0 2.79413E0 1.15757E1 7.18491E0 2.39497E0 6.18701E-1 1.19749E-1 3.99162E-1 3.03363E0 4.15128E0 4.39078E0 7.145E0 3.25317E0 1.2853E1 1.27133E1 1.33919E1 1.1895E1 7.145E0 3.45275E0 1.79623E-1 1.19749E-1 1.39707E-1 2.39497E0 3.25317E0 1.97585E1 1.69444E1 1.69444E1 1.97585E1 1.69444E1 1.69444E1 1.97585E1 1.69444E1 1.69444E1 1.97585E1 1.97585E1 1.97585E1 1.44497E1 1.24538E1 1.69444E1 1.39507E1 1.97585E1
1.4769E0 4.15128E0 1.87606E0 2.57459E0 2.07564E0 1.07774E0 1.07774E0 1.29728E0 1.7164E0 1.4769E0 3.25317E0 4.71011E0 9.3803E-1 2.79413E-1 1.53677E0 1.87606E0 1.11765E0 1.07774E0 1.53677E0 2.07564E0 2.57459E0 1.07774E0 3.03363E0 3.03363E0 1.96188E1 1.97585E1 1.63856E1 9.95909E0 1.35316E1 1.03982E1 5.48847E0 2.79413E0 6.38659E-1 1.19749E-1 2.79413E-1 2.79413E0 2.57459E0 3.25317E0 1.15757E0 1.11765E0 3.73216E0 1.27133E1 1.69045E1 1.46093E1 8.02315E0 2.57459E0 9.97904E-2 1.79623E-1 1.79623E-1 1.61661E0 4.39078E0 1.97585E1 1.69444E1 1.97585E1 1.69444E1 1.97585E1 1.97585E1 1.97585E1 1.97585E1 1.44497E1 1.69444E1 2.22134E1 1.97585E1 1.25337E1 1.44497E1 1.97585E1 1.97585E1 2.22134E1
6.38659E-1 1.61661E0 1.29728E0 2.21535E0 5.1891E-1 1.4769E0 8.58198E-1 1.29728E0 6.08722E0 1.05778E1 1.29129E1 7.145E0 9.95909E0 1.25736E0 1.53677E0 1.61661E0 1.25736E0 1.29728E0 6.38659E-1 1.7164E0 1.11765E0 1.79623E0 2.57459E0 2.57459E0 2.22134E1 2.01776E1 1.8102E1 1.11167E1 1.39507E1 1.2853E1 7.62399E0 6.72588E0 3.45275E0 3.25317E0 4.39078E0 2.57459E0 2.21535E0 1.79623E0 2.07564E0 7.18491E-1 6.38659E-1 2.07564E0 1.33719E1 7.145E0 1.52679E1 1.15757E0 1.19749E-1 4.39078E-1 1.39707E-1 1.15757E0 1.97585E1 1.97585E1 1.69444E1 1.69444E1 1.69444E1 2.22134E1 1.97585E1 2.22134E1 2.22134E1 1.44497E1 1.69444E1 1.97585E1 2.22134E1 1.97585E1 1.56871E1 1.69444E1 1.97585E1 2.22134E1
9.97904E-2 1.19749E-1 8.18282E-1 8.18282E-1 1.07774E0 1.7164E0 1.87606E0 6.38659E0 1.27931E1 6.54625E0 9.3803E-1 1.79623E0 2.03573E1 3.45275E0 6.18701E-1 1.39707E-1 9.97904E-2 1.79623E-1 5.38868E-1 3.39287E-1 7.18491E-1 1.15757E0 1.87606E0 1.60463E1 1.59066E1 1.59665E1 1.69444E1 1.16156E1 7.145E0 1.97585E1 4.71011E0 1.1416E1 9.32043E0 1.36713E1 1.6206E1 1.45095E1 1.16156E1 1.25736E0 1.87606E0 7.98324E-2 9.97904E-2 9.97904E-2 1.87606E0 1.69644E1 5.20906E0 1.50883E1 1.7164E0 2.39497E0 9.97904E-2 2.59455E-1 2.22134E1 1.97585E1 1.97585E1 1.69444E1 1.69444E1 1.97585E1 1.97585E1 1.97585E1 1.69444E1 1.24538E1 1.44497E1 1.97585E1 2.21535E0 1.97585E1 1.65453E1 1.97585E1 1.97585E1 2.22134E1
9.97904E-2 9.97904E-2 9.97904E-2 9.97904E-2 7.98324E-2 9.97904E-2 6.38659E-1 1.11765E0 4.39078E0 3.03363E0 8.58198E-1 6.18701E-1 1.11765E0 5.38868E-1 7.98324E-2 5.98743E-2 9.97904E-2 7.98324E-2 9.97904E-2 7.18491E-1 1.53677E0 3.73216E0 1.09769E1 1.39507E1 1.60463E1 1.63856E1 1.16156E1 1.61661E0 2.39497E0 9.40026E0 3.25317E0 1.07175E1 8.68177E0 7.58407E0 1.16156E1 1.34717E1 1.4769E0 1.7164E0 6.18701E-1 4.78994E-1 1.53677E0 1.07774E0 3.03363E0 2.21535E0 8.74164E0 7.64395E0 1.07175E1 1.07175E1 1.11765E0 1.39707E-1 1.15757E0 2.22134E1 2.22134E1 1.97585E1 1.44497E1 2.22134E1 2.22134E1 1.69444E1 1.44497E1 1.24538E1 1.97585E1 1.97585E1 4.15128E0 2.22134E1 1.97585E1 2.22134E1 1.97585E1 1.69444E1
5.38868E-1 9.97904E-2 1.79623E-1 1.39707E-1 7.98324E-2 3.99162E-1 1.61661E0 7.18491E-1 9.77946E-1 1.25736E0 3.25317E0 1.53677E0 2.79413E-1 9.97904E-2 9.97904E-2 1.19749E-1 2.39497E-1 5.98743E-2 7.98324E-2 1.79623E0 1.25736E0 1.69644E1 1.16156E1 1.77028E1 1.72238E1 1.13562E1 1.16156E1 1.61661E0 1.87606E0 1.50085E1 5.72797E0 1.42301E1 1.63856E1 7.58407E0 1.72238E1 7.58407E0 1.7164E0 1.61661E0 8.58198E-1 9.97904E-2 9.97904E-2 1.87606E0 1.29728E0 1.49087E1 1.02385E1 1.75432E1 1.97585E1 7.58407E0 7.58407E0 6.54625E0 3.03363E0 9.77946E-1 1.97585E1 1.97585E1 1.44497E1 2.22134E1 1.97585E1 1.44497E1 9.42022E0 1.24538E1 1.44497E1 1.69444E1 1.97585E1 2.52869E1 2.22134E1 2.22134E1 1.69444E1 1.07574E1
2.87396E0 9.97904E-2 7.98324E-2 5.98743E-2 9.97904E-2 1.39707E-1 7.18491E-1 5.1891E-1 9.77946E-1 7.18491E-1 1.15757E0 8.58198E-1 6.18701E-1 4.39078E-1 3.79204E-1 1.19749E-1 9.97904E-2 9.97904E-2 9.97904E-2 8.18282E-1 3.25317E0 1.39507E1 1.36912E1 1.97585E1 1.97585E1 1.31125E1 1.07175E1 9.95909E0 1.16156E1 1.39507E1 1.46093E1 1.7623E1 1.64255E1 5.72797E0 1.29728E0 1.15158E1 1.87606E0 1.53677E0 8.18282E-1 8.18282E-1 9.97904E-2 2.59455E-1 1.7164E0 2.22134E1 7.12504E0 2.22134E1 2.52869E1 6.54625E0 2.22134E1 2.22134E1 6.08722E0 1.97585E1 2.22134E1 1.97585E1 1.69444E1 1.97585E1 1.69444E1 1.07574E1 8.44227E0 9.42022E0 1.07574E1 1.44497E1 1.69444E1 2.52869E1 2.22134E1 2.22134E1 1.44497E1 9.42022E0
2.87396E0 1.19749E-1 9.97904E-2 7.98324E-2 9.97904E-2 5.98743E-2 2.79413E-1 9.97904E-2 4.39078E-1 7.18491E-1 2.87396E0 1.79623E0 9.77946E-1 2.57459E0 7.18491E-1 4.39078E-1 2.39497E-1 9.97904E-2 4.39078E-1 1.61661E0 1.15557E1 1.97585E1 1.40505E1 1.97585E1 1.97585E1 2.0976E1 9.95909E0 2.58856E1 6.08722E0 1.2853E1 1.59066E1 1.48887E1 2.05369E1 4.15128E0 6.54625E0 3.73216E0 8.18282E-1 6.18701E-1 4.78994E-1 1.29728E0 1.19749E-1 2.07564E0 1.25736E0 1.49087E1 1.06776E1 2.1914E1 5.72797E0 5.72797E0 6.08722E0 2.52869E1 2.82607E1 2.22134E1 1.97585E1 2.22134E1 1.97585E1 1.97585E1 1.44497E1 8.44227E0 8.44227E0 1.07574E1 1.44497E1 1.69444E1 1.69444E1 2.22134E1 2.22134E1 1.44497E1 1.24538E1 9.42022E0
1.49087E1 8.58198E-1 3.79204E-1 7.98324E-2 9.97904E-2 7.98324E-2 3.99162E-2 3.99162E-2 9.97904E-2 8.18282E-1 2.39497E0 4.39078E0 2.82607E1 2.52869E1 2.82607E1 4.78994E-1 1.29728E0 5.20906E0 5.72797E0 5.20906E0 2.35905E1 2.52869E1 1.84612E1 1.97585E1 2.52869E1 2.22134E1 4.39078E0 9.40026E0 1.53677E0 2.21535E0 1.97585E1 1.74035E1 1.83614E1 7.145E0 3.25317E0 1.87606E0 1.15757E0 6.18701E-1 5.1891E-1 5.38868E-1 1.29728E0 1.16156E1 1.39507E1 2.22134E1 1.29129E1 2.16346E1 4.39078E0 5.72797E0 5.72797E0 2.82607E1 2.52869E1 2.82607E1 2.52869E1 2.22134E1 1.97585E1 1.69444E1 1.24538E1 8.44227E0 8.44227E0 1.07574E1 1.44497E1 2.22134E1 1.69444E1 2.52869E1 2.22134E1 1.24538E1 1.07574E1 1.44497E1
2.52869E1 2.03573E1 1.2853E1 6.38659E-1 8.18282E-1 2.87396E0 8.58198E-1 1.99581E-2 1.39707E-1 1.79623E0 2.87396E0 3.13741E1 2.82607E1 2.22134E1 3.13741E1 3.25317E0 3.73216E0 1.16156E1 2.35905E1 1.16156E1 1.39507E1 2.82607E1 2.22134E1 2.22134E1 2.2393E1 2.46482E1 2.39497E0 3.03363E0 1.07175E1 1.16156E1 2.22134E1 2.22134E1 2.22134E1 1.97585E1 1.7164E0 3.73216E0 9.77946E-1 1.4769E0 1.7164E0 1.61661E0 6.18701E-1 6.08722E0 3.45275E0 2.22134E1 2.22134E1 1.17553E1 9.95909E0 1.53677E0 2.79413E0 6.08722E0 2.52869E1 2.58856E1 2.82607E1 2.22134E1 1.97585E1 1.97585E1 1.44497E1 8.44227E0 8.44227E0 1.69444E1 2.22134E1 2.52869E1 1.69444E1 2.22134E1 1.69444E1 1.07574E1 1.24538E1 1.69444E1
2.82607E1 2.52869E1 2.82607E1 1.69644E1 1.2853E1 2.46482E1 6.54625E0 9.3803E-1 6.38659E-1 4.39078E0 2.35905E1 2.73426E1 2.82607E1 2.22134E1 2.82607E1 3.53458E1 3.13741E1 1.87606E0 2.07564E0 1.61661E0 3.03363E0 2.52869E1 2.22134E1 2.22134E1 2.13352E1 3.11147E1 1.61661E0 1.07774E0 2.87396E0 5.20906E0 2.52869E1 2.22134E1 1.86608E1 2.27722E1 2.52869E1 2.17743E1 1.7164E0 5.38868E-1 1.87606E0 2.67438E1 2.07564E0 3.45275E0 6.54625E0 2.22134E1 2.82607E1 8.66181E0 2.25526E1 2.21535E0 1.61661E0 1.59066E1 1.69644E1 2.52869E1 2.82607E1 2.82607E1 2.82607E1 2.22134E1 1.44497E1 8.44227E0 1.07574E1 1.69444E1 -9999 -9999 -9999 -9999 -9999 -9999 -9999 -9999
3.13741E1 2.52869E1 2.52869E1 2.82607E1 2.82607E1 2.52869E1 2.82607E1 6.54625E0 2.21535E0 1.4769E0 2.35905E1 2.82607E1 2.22134E1 2.22134E1 7.145E0 1.79623E0 1.87606E0 6.38659E-1 9.77946E-1 5.38868E-1 1.07175E1 2.52869E1 2.22134E1 2.22134E1 2.52869E1 2.1435E1 1.15757E0 1.4769E0 1.87606E0 4.71011E0 1.29728E0 1.95589E1 2.22134E1 2.10957E1 1.72637E1 2.4289E1 1.78026E1 3.45275E0 1.4769E0 6.08722E0 2.21535E0 2.79413E0 2.22134E1 2.22134E1 2.87596E1 1.34717E1 8.1429E0 1.65453E1 1.07175E1 1.29728E0 2.79413E0 6.08722E0 2.22134E1 2.52869E1 2.52869E1 2.52869E1 1.44497E1 1.07574E1 -9999 -9999 -9999 -9999 -9999 -9999 -9999 -9999 -9999 -9999
2.82607E1 2.52869E1 2.22134E1 2.52869E1 2.52869E1 2.22134E1 2.52869E1 2.39297E1 5.20906E0 5.20906E0 3.13741E1 2.52869E1 2.82607E1 3.13741E1 7.18491E-1 5.38868E-1 1.29728E0 8.18282E-1 6.18701E-1 6.54625E0 2.82607E1 1.69444E1 2.52869E1 1.91198E1 2.52869E1 2.58856E1 3.13741E1 2.73426E1 1.87606E0 3.45275E0 1.61661E0 1.79423E1 1.69444E1 1.94591E1 2.22134E1 1.81619E1 2.03772E1 1.55274E1 3.25317E0 2.21535E0 8.18282E-1 2.57459E0 2.22134E1 2.52869E1 3.13741E1 2.82607E1 2.30117E1 1.41902E1 1.2873E1 1.60463E1 5.20906E0 2.54466E1 2.82607E1 2.22134E1 1.69444E1 1.69444E1 -9999 -9999 -9999 -9999 -9999 -9999 -9999 -9999 -9999 -9999 -9999 -9999
3.13741E1 2.82607E1 2.52869E1 2.22134E1 1.97585E1 1.69444E1 2.22134E1 2.35905E1 1.29728E0 1.4769E0 2.82607E1 2.52869E1 2.82607E1 1.69644E1 3.73216E0 8.58198E-1 4.78994E-1 5.1891E-1 4.71011E0 9.95909E0 2.52869E1 2.6205E1 2.82607E1 3.13741E1 3.13741E1 1.81619E1 3.53458E1 3.13741E1 2.07564E0 4.39078E0 1.39507E1 2.22134E1 2.35905E1 2.12154E1 2.52869E1 1.65453E1 2.0497E1 2.56861E1 3.45275E0 2.21535E0 8.58198E-1 1.07774E0 2.52869E1 2.52869E1 3.13741E1 3.13741E1 3.53458E1 3.53458E1 3.53458E1 3.53458E1 1.77427E1 2.68237E1 3.11147E1 2.52869E1 -9999 -9999 -9999 -9999 -9999 -9999 -9999 -9999 -9999 -9999 -9999 -9999 -9999 -9999
2.52869E1 2.82607E1 2.82607E1 1.97585E1 1.97585E1 1.24538E1 1.44497E1 2.22134E1 3.45275E0 3.45275E0 3.15537E1 3.53458E1 2.52869E1 3.13741E1 2.2393E1 5.20906E0 5.72797E0 1.81419E1 2.9538E1 2.36903E1 3.13741E1 2.82607E1 2.82607E1 3.53458E1 3.01766E1 2.35905E1 1.49087E1 2.82607E1 1.61661E0 1.07774E0 5.20906E0 8.02315E0 2.18341E1 3.42481E1 2.52869E1 1.86608E1 2.21535E1 2.52869E1 2.29119E1 1.16156E1 1.4769E0 3.45275E0 2.52869E1 3.53458E1 2.13352E1 3.53458E1 3.53458E1 3.13741E1 3.13741E1 3.13741E1 3.53458E1 2.28121E1 2.52869E1 -9999 -9999 -9999 -9999 -9999 -9999 -9999 -9999 -9999 -9999 -9999 -9999 -9999 -9999 -9999
2.82607E1 2.82607E1 2.82607E1 1.97585E1 2.22134E1 2.22134E1 1.44497E1 1.97585E1 2.82607E1 3.13741E1 3.25317E0 2.79413E0 1.7164E0 3.25317E0 2.85001E1 2.73426E1 2.82207E1 3.44876E1 3.06556E1 3.53458E1 4.00958E1 2.82607E1 2.82607E1 2.2393E1 3.15537E1 2.35905E1 2.58856E1 2.35905E1 2.58856E1 8.18282E-1 1.25736E0 9.40026E0 2.46482E1 3.42481E1 1.93394E1 3.53458E1 3.13741E1 2.35905E1 3.13741E1 3.13741E1 1.2853E1 2.73426E1 2.78814E1 4.00958E1 2.13352E1 2.85001E1 2.95978E1 3.13741E1 2.22134E1 2.82607E1 3.13741E1 3.06556E1 2.82607E1 -9999 -9999 -9999 -9999 -9999 -9999 -9999 -9999 -9999 -9999 -9999 -9999 -9999 -9999 -9999
2.48678E1 2.82607E1 2.82607E1 2.52869E1 2.82607E1 2.52869E1 1.97585E1 1.69444E1 2.82607E1 4.00958E1 2.9538E1 3.03962E1 2.65642E1 2.84403E1 3.53258E1 3.29308E1 3.75412E1 3.23321E1 3.0017E1 4.00958E1 4.00958E1 3.53458E1 2.82607E1 3.19928E1 2.85001E1 3.13741E1 2.52869E1 3.13741E1 2.82607E1 3.99162E-1 9.97904E-2 8.18282E-1 3.73216E0 9.77946E-1 2.46482E1 1.2853E1 7.58407E0 2.58856E1 2.82607E1 2.93783E1 3.53458E1 3.53458E1 3.13741E1 3.30506E1 3.53458E1 3.53458E1 3.14539E1 3.13741E1 2.22134E1 2.22134E1 3.53458E1 3.13741E1 1.97585E1 -9999 -9999 -9999 -9999 -9999 -9999 -9999 -9999 -9999 -9999 -9999 -9999 -9999 -9999 -9999
1.79623E0 2.82607E1 2.27921E1 3.13741E1 3.13741E1 2.52869E1 1.97585E1 1.97585E1 2.82607E1 3.53458E1 4.47061E1 3.26115E1 4.47061E1 3.94172E1 4.00958E1 4.00958E1 3.53458E1 4.00958E1 3.73017E1 3.53458E1 3.55653E1 3.95769E1 3.13741E1 2.30117E1 3.27911E1 2.58058E1 2.82607E1 2.52869E1 2.52869E1 1.11765E0 7.18491E-1 3.73216E0 4.71011E0 2.46482E1 4.00958E1 3.53458E1 4.00958E1 3.53458E1 2.48079E1 3.21126E1 3.13741E1 3.89781E1 3.73017E1 2.58856E1 3.14539E1 3.53458E1 3.53458E1 2.82607E1 2.52869E1 1.97585E1 2.82607E1 3.13741E1 2.52869E1 -9999 -9999 -9999 -9999 -9999 -9999 -9999 -9999 -9999 -9999 -9999 -9999 -9999 -9999 -9999
5.94751E0 1.39108E1 1.73236E1 2.23131E1 3.13741E1 2.82607E1 2.22134E1 1.97585E1 2.82607E1 3.84592E1 3.7641E1 4.47061E1 3.70023E1 4.47061E1 4.00958E1 4.00958E1 3.53458E1 4.00958E1 4.00958E1 3.89781E1 4.00958E1 2.85001E1 3.53458E1 2.22732E1 3.53458E1 2.97176E1 2.82607E1 2.22134E1 3.13741E1 1.07774E0 6.18701E-1 2.79413E0 2.16146E1 2.46482E1 4.00958E1 3.13741E1 3.0017E1 3.53458E1 3.02165E1 3.89781E1 3.53458E1 3.53458E1 4.00958E1 3.40884E1 3.53458E1 3.99162E1 2.82607E1 2.22134E1 1.44497E1 1.69444E1 2.52869E1 3.13741E1 1.97585E1 -9999 -9999 -9999 -9999 -9999 -9999 -9999 -9999 -9999 -9999 -9999 -9999 -9999 -9999 -9999
3.99162E0 6.44646E0 1.04381E1 1.66051E1 3.13741E1 3.13741E1 2.52869E1 1.97585E1 2.82607E1 3.2851E1 3.22722E1 4.47061E1 4.6682E1 3.51861E1 4.47061E1 4.00958E1 3.13741E1 2.58856E1 1.49087E1 1.11765E0 1.61661E0 1.81619E1 3.48867E1 3.67428E1 2.64245E1 3.15338E1 3.53458E1 2.52869E1 3.13741E1 3.42481E1 2.87396E0 1.07774E0 1.55673E1 4.39078E0 4.00958E1 2.13352E1 2.73426E1 2.03573E1 3.53458E1 3.26115E1 3.53458E1 2.82607E1 4.00958E1 4.00958E1 3.75412E1 3.53458E1 2.85001E1 1.97585E1 1.07574E1 1.24538E1 2.22134E1 2.82607E1 2.22134E1 -9999 -9999 -9999 -9999 -9999 -9999 -9999 -9999 -9999 -9999 -9999 -9999 -9999 -9999 -9999
2.57459E0 1.10568E1 3.73216E0 2.0497E1 3.53458E1 2.52869E1 2.22134E1 1.44497E1 2.82607E1 4.00958E1 3.2851E1 3.36693E1 2.89193E1 3.95769E1 3.13741E1 3.15537E1 2.52869E1 2.52869E1 5.72797E0 1.25736E0 1.07774E0 2.35905E1 3.90779E1 4.83784E1 4.00958E1 3.53258E1 4.00958E1 2.82607E1 3.13741E1 2.58856E1 4.71011E0 4.39078E0 2.35905E1 2.46482E1 3.53458E1 1.81619E1 1.49087E1 1.91198E1 3.73017E1 3.42481E1 2.82607E1 2.82607E1 3.53458E1 3.96567E1 3.53458E1 3.13741E1 3.53458E1 3.13741E1 1.69444E1 1.44497E1 1.69444E1 1.97585E1 -9999 -9999 -9999 -9999 -9999 -9999 -9999 -9999 -9999 -9999 -9999 -9999 -9999 -9999 -9999 -9999
4.15128E0 2.57459E0 4.71011E0 4.39078E0 3.53458E1 3.13741E1 2.52869E1 1.69444E1 2.52869E1 4.00958E1 4.27502E1 3.7122E1 2.58856E1 4.00958E1 2.82607E1 3.53458E1 2.22134E1 2.52869E1 3.13741E1 1.07774E0 2.2393E1 2.35905E1 3.89781E1 4.47061E1 4.47061E1 4.45465E1 3.66431E1 3.53458E1 3.13741E1 2.82607E1 2.73426E1 2.35905E1 4.39078E0 3.45275E0 3.53458E1 3.13741E1 4.00958E1 3.51861E1 3.11745E1 3.53458E1 2.22134E1 2.82607E1 4.00958E1 4.00958E1 3.13741E1 2.22134E1 3.13741E1 3.13741E1 1.69444E1 1.24538E1 1.44497E1 1.44497E1 -9999 -9999 -9999 -9999 -9999 -9999 -9999 -9999 -9999 -9999 -9999 -9999 -9999 -9999 -9999 -9999
3.45275E0 1.07175E1 3.25317E0 1.16156E1 3.53458E1 2.82607E1 1.97585E1 1.69444E1 2.52869E1 4.00958E1 3.53458E1 4.00958E1 3.53458E1 3.13741E1 2.22134E1 2.52869E1 2.22134E1 1.97585E1 2.82607E1 3.42481E1 2.46482E1 3.89781E1 3.27113E1 4.00958E1 4.00958E1 3.90779E1 3.48867E1 4.47061E1 4.47061E1 3.13741E1 2.82607E1 3.01766E1 1.69644E1 3.53458E1 3.13741E1 2.52869E1 3.53458E1 3.73017E1 4.00958E1 3.53458E1 2.52869E1 2.82607E1 2.2393E1 3.53458E1 2.82607E1 1.69444E1 1.97585E1 2.22134E1 1.97585E1 1.07574E1 1.24538E1 1.44497E1 -9999 -9999 -9999 -9999 -9999 -9999 -9999 -9999 -9999 -9999 -9999 -9999 -9999 -9999 -9999 -9999
1.59066E1 1.59066E1 1.59066E1 2.35905E1 2.85001E1 4.00958E1 2.22134E1 2.22134E1 2.82607E1 3.53458E1 3.13741E1 2.82607E1 2.52869E1 2.22134E1 1.97585E1 2.22134E1 1.69444E1 2.22134E1 3.13741E1 3.53458E1 4.99152E1 4.47061E1 4.00958E1 2.82607E1 3.13741E1 3.53458E1 3.53258E1 4.47061E1 3.53458E1 3.53458E1 2.82607E1 3.53458E1 4.00958E1 2.52869E1 2.82607E1 2.22134E1 4.00958E1 4.47061E1 3.92576E1 3.49267E1 3.13741E1 2.52869E1 2.82607E1 3.53458E1 2.52869E1 1.69444E1 1.07574E1 2.22134E1 1.69444E1 1.24538E1 1.07574E1 -9999 -9999 -9999 -9999 -9999 -9999 -9999 -9999 -9999 -9999 -9999 -9999 -9999 -9999 -9999 -9999 -9999
2.87396E0 3.24718E1 2.03573E1 2.73426E1 4.00958E1 3.13741E1 2.52869E1 1.97585E1 2.82607E1 3.13741E1 2.52869E1 1.44497E1 2.22134E1 2.22134E1 1.44497E1 1.44497E1 1.44497E1 2.22134E1 2.82607E1 4.00958E1 4.47061E1 3.53458E1 2.82607E1 2.22134E1 2.52869E1 3.13741E1 5.02545E1 4.47061E1 3.13741E1 2.52869E1 3.53458E1 2.52869E1 2.22134E1 1.69444E1 2.52869E1 3.13741E1 4.00958E1 2.03573E1 2.2393E1 3.92576E1 4.00958E1 3.53458E1 2.52869E1 2.82607E1 2.52869E1 1.69444E1 1.07574E1 1.44497E1 1.24538E1 1.24538E1 1.24538E1 -9999 -9999 -9999 -9999 -9999 -9999 -9999 -9999 -9999 -9999 -9999 -9999 -9999 -9999 -9999 -9999 -9999
3.25317E0 2.46482E1 3.40884E1 4.00958E1 3.13741E1 2.52869E1 2.22134E1 1.97585E1 2.52869E1 2.22134E1 1.69444E1 1.44497E1 1.97585E1 1.44497E1 9.42022E0 1.07574E1 1.44497E1 2.22134E1 2.52869E1 4.00958E1 4.00958E1 3.13741E1 1.69444E1 1.97585E1 2.82607E1 3.53458E1 4.47061E1 3.53458E1 3.53458E1 2.22134E1 1.97585E1 2.52869E1 1.44497E1 1.69444E1 2.82607E1 3.13741E1 4.00958E1 4.15727E1 3.53458E1 3.53458E1 4.47061E1 4.00958E1 2.52869E1 1.44497E1 1.44497E1 1.24538E1 9.42022E0 1.07574E1 1.44497E1 1.24538E1 -9999 -9999 -9999 -9999 -9999 -9999 -9999 -9999 -9999 -9999 -9999 -9999 -9999 -9999 -9999 -9999 -9999 -9999
7.58407E0 1.77028E1 2.39297E1 4.00958E1 3.13741E1 2.22134E1 1.69444E1 1.97585E1 1.69444E1 1.97585E1 1.44497E1 1.44497E1 1.07574E1 9.42022E0 9.42022E0 1.44497E1 1.97585E1 2.52869E1 3.13741E1 4.00958E1 3.13741E1 2.52869E1 1.69444E1 1.44497E1 1.69444E1 2.52869E1 3.53458E1 3.13741E1 2.22134E1 1.97585E1 1.69444E1 1.44497E1 1.44497E1 1.69444E1 2.52869E1 2.52869E1 3.53458E1 3.53458E1 2.82607E1 2.52869E1 3.53458E1 4.00958E1 3.13741E1 1.44497E1 9.42022E0 7.84353E0 7.60403E0 9.42022E0 1.07574E1 -9999 -9999 -9999 -9999 -9999 -9999 -9999 -9999 -9999 -9999 -9999 -9999 -9999 -9999 -9999 -9999 -9999 -9999 -9999
