ENM/Final_Models/M_1_F_lqp_Set_1_EC/Gustavia_santanderiensis_7_Choco.asc
ncols         367
nrows         963
xllcorner     -78.6
yllcorner     0.65
cellsize      0.00833333333333323
NODATA_value  -9999
[rows 480 to 511 of 963, columns 216 to 287 of 367]
1E0 1E0 1E0 1E0 1E0 1E0 1E0 1E0 9.99999E-1 1E0 9.99999E-1 9.99998E-1 1E0 9.99999E-1 9.99998E-1 1E0 1E0 1E0 9.99999E-1 9.99921E-1 9.99794E-1 9.99417E-1 9.91504E-1 9.91282E-1 9.93317E-1 9.6228E-1 7.56578E-1 8.18304E-1 7.85466E-1 9.4179E-1 8.56439E-1 8.80999E-1 8.56986E-1 8.10243E-1 7.24542E-1 8.09518E-1 6.23083E-1 4.99721E-1 1.45018E-1 2.95073E-1 1.98606E-1 4.20394E-1 7.6967E-1 2.99665E-1 8.86206E-1 9.58935E-1 9.89601E-1 8.61603E-1 2.97985E-1 1.71635E-1 2.16864E-1 5.78376E-1 6.47773E-1 2.63036E-1 2.76585E-1 3.63784E-1 1.15166E-1 2.03007E-2 2.74458E-2 5.10537E-3 9.89087E-4 5.29708E-3 5.32683E-3 8.34141E-3 2.94628E-3 5.38888E-3 1.28562E-2 2.93308E-2 1.59414E-2 2.64273E-2 2.2624E-2 2.23687E-2
9.99999E-1 1E0 1E0 1E0 1E0 1E0 1E0 1E0 1E0 9.99999E-1 1E0 1E0 1E0 1E0 9.99998E-1 1E0 9.99997E-1 1E0 9.99999E-1 9.99982E-1 9.99982E-1 9.99907E-1 9.91538E-1 9.80208E-1 9.92045E-1 8.98102E-1 9.86578E-1 6.63953E-1 8.16333E-1 9.7832E-1 9.62034E-1 4.57036E-1 3.29694E-1 7.74684E-1 8.64375E-1 9.54476E-1 9.85355E-1 2.89518E-1 4.58865E-1 5.85053E-1 4.29059E-1 2.53564E-1 6.92238E-1 3.86639E-1 5.32509E-1 6.46227E-1 9.73383E-1 9.79348E-1 4.35992E-1 1.7534E-1 3.81004E-1 8.0343E-1 7.95467E-1 4.02619E-1 2.25264E-1 1.75766E-1 3.10776E-2 3.62927E-2 1.96654E-2 5.23493E-3 8.35067E-3 5.38771E-3 5.81661E-3 5.07576E-3 8.91688E-3 3.26012E-2 3.15626E-2 1.66477E-2 3.36197E-2 2.45428E-2 6.49242E-2 9.34054E-2
1E0 1E0 9.99999E-1 1E0 1E0 1E0 1E0 1E0 1E0 1E0 1E0 9.99999E-1 1E0 1E0 1E0 1E0 9.99997E-1 9.99999E-1 1E0 9.99911E-1 9.99985E-1 9.99996E-1 9.88687E-1 9.9352E-1 8.60897E-1 9.28579E-1 9.95758E-1 9.77888E-1 9.94901E-1 9.87894E-1 9.79457E-1 9.77371E-1 7.26228E-1 6.59446E-1 6.92015E-1 9.99159E-1 9.54937E-1 9.91586E-1 9.71091E-1 8.69344E-1 4.71008E-1 6.21053E-1 8.60328E-1 5.84772E-1 7.48025E-1 5.81885E-1 9.38284E-1 9.91414E-1 8.1889E-1 5.24409E-1 7.99406E-1 9.04453E-1 8.73946E-1 6.79926E-1 5.09439E-1 5.0783E-1 6.62782E-2 2.31055E-2 1.95996E-2 4.72534E-3 3.42413E-3 2.1159E-3 4.65083E-3 6.3836E-3 1.67523E-2 5.60136E-3 1.17211E-2 3.39032E-2 4.83538E-2 3.42498E-2 1.03047E-1 7.93937E-2
9.99998E-1 9.99999E-1 1E0 1E0 9.99999E-1 1E0 1E0 1E0 1E0 1E0 1E0 9.99967E-1 1E0 1E0 1E0 1E0 1E0 1E0 9.99999E-1 9.99996E-1 9.99958E-1 9.99942E-1 9.99958E-1 9.6862E-1 9.50149E-1 9.65089E-1 9.98686E-1 9.92E-1 9.18646E-1 9.75091E-1 9.97956E-1 9.80194E-1 9.99368E-1 9.99695E-1 9.99685E-1 9.97903E-1 9.99757E-1 9.92064E-1 9.02861E-1 6.42155E-1 8.50893E-1 9.96979E-1 9.93203E-1 7.83606E-1 5.05202E-1 3.94862E-1 8.25629E-1 8.32823E-1 8.60679E-1 3.19556E-1 2.60258E-1 2.61426E-1 2.28233E-1 2.32666E-1 3.18329E-1 2.93084E-1 2.15812E-1 1.04627E-1 4.26895E-2 4.54068E-3 1.43371E-2 7.92961E-3 6.65568E-3 6.13385E-3 1.12518E-2 2.07493E-2 3.63178E-2 5.03817E-3 4.7329E-2 2.11986E-2 7.39609E-2 1.02657E-1
9.99999E-1 9.99999E-1 1E0 9.99999E-1 1E0 1E0 1E0 1E0 1E0 1E0 1E0 1E0 1E0 9.99997E-1 9.99996E-1 9.99994E-1 9.99999E-1 9.99999E-1 9.99898E-1 9.99509E-1 9.99995E-1 9.99996E-1 9.98087E-1 9.96281E-1 9.98916E-1 9.75266E-1 9.97593E-1 9.94353E-1 9.50432E-1 9.9371E-1 9.9924E-1 9.99958E-1 9.99699E-1 9.99895E-1 1E0 9.99992E-1 9.9778E-1 9.98048E-1 9.74724E-1 5.93637E-1 6.64242E-1 9.69116E-1 9.9657E-1 9.81701E-1 9.23181E-1 8.09674E-1 7.53482E-1 2.84771E-1 3.26122E-1 8.05299E-1 3.12129E-1 3.59597E-1 6.36936E-1 6.01243E-1 5.83108E-1 2.3705E-1 7.84405E-2 1.39945E-1 2.10461E-3 2.32034E-2 1.71757E-2 1.60747E-2 1.76715E-2 1.70312E-2 1.79202E-2 3.01858E-2 5.40862E-2 2.32879E-2 3.92899E-2 4.04158E-2 1.22691E-1 7.01951E-2
9.99999E-1 1E0 9.99999E-1 9.99999E-1 1E0 1E0 1E0 1E0 9.99999E-1 1E0 9.99999E-1 1E0 1E0 9.99999E-1 9.99999E-1 9.99996E-1 9.99997E-1 9.99996E-1 9.97457E-1 9.99974E-1 9.99861E-1 9.99995E-1 1E0 9.99898E-1 9.99599E-1 9.9891E-1 9.97974E-1 9.9939E-1 9.97287E-1 9.98739E-1 9.99944E-1 9.99866E-1 9.99704E-1 9.98813E-1 9.99998E-1 9.99945E-1 9.99997E-1 9.99922E-1 9.80913E-1 6.33075E-1 5.26294E-1 8.40495E-1 9.88783E-1 9.88992E-1 6.69316E-1 8.46497E-1 6.15733E-1 4.84074E-1 7.37986E-1 6.69742E-1 6.87025E-1 6.05558E-1 7.59123E-1 6.45809E-1 6.05144E-1 1.85102E-1 7.26117E-2 5.46416E-3 4.62909E-3 1.18518E-2 3.92609E-2 1.1165E-2 2.25935E-2 7.28684E-3 1.09257E-2 6.04184E-2 2.50885E-2 5.31492E-2 6.95935E-2 4.35736E-2 7.66397E-2 9.7789E-2
1E0 1E0 1E0 1E0 9.99999E-1 1E0 9.99999E-1 9.99997E-1 9.99998E-1 9.99999E-1 1E0 9.99999E-1 1E0 1E0 1E0 9.99999E-1 9.99999E-1 1E0 9.99998E-1 9.9999E-1 9.99995E-1 9.99447E-1 9.99097E-1 9.98905E-1 9.98623E-1 9.81072E-1 9.95101E-1 9.97088E-1 9.96822E-1 9.98994E-1 9.99893E-1 9.99827E-1 9.99918E-1 9.99995E-1 9.99999E-1 9.99508E-1 9.96787E-1 9.99454E-1 9.82489E-1 9.17947E-1 7.86836E-1 6.24197E-1 6.02791E-1 8.10392E-1 9.1669E-1 5.81358E-1 5.99896E-1 5.40039E-1 5.24943E-1 5.12272E-1 9.05973E-1 5.44081E-1 5.10167E-1 2.67139E-1 1.81425E-1 2.11588E-1 5.42247E-2 1.28804E-2 1.29409E-2 1.09283E-2 8.53945E-3 9.87441E-3 6.82436E-3 1.25621E-2 3.88967E-2 2.98285E-2 8.14615E-2 7.67573E-2 2.12848E-2 4.08691E-2 6.41011E-2 8.00877E-2
1E0 9.99999E-1 1E0 1E0 1E0 9.99996E-1 9.99991E-1 9.99991E-1 9.99997E-1 9.99999E-1 1E0 1E0 1E0 1E0 1E0 1E0 1E0 9.99998E-1 9.99703E-1 9.99827E-1 9.99993E-1 9.99987E-1 9.99773E-1 9.91049E-1 9.92083E-1 9.45847E-1 9.31389E-1 9.98785E-1 9.98203E-1 9.98584E-1 9.97747E-1 9.99172E-1 9.99689E-1 9.99968E-1 9.99987E-1 9.82185E-1 5.23389E-1 2.43286E-1 3.04842E-1 6.1363E-1 6.0091E-1 4.34758E-1 2.11341E-1 1.17247E-1 2.75853E-1 4.55384E-1 6.54609E-1 3.6788E-1 4.02021E-1 3.43377E-1 7.3037E-1 4.39339E-1 2.31212E-1 1.54411E-1 4.71571E-2 4.74217E-2 7.08896E-2 6.73534E-3 5.09061E-3 4.44052E-2 8.21004E-2 5.5506E-2 2.3708E-2 2.35907E-2 2.4534E-2 4.39239E-2 8.48915E-2 9.04312E-2 1.37894E-1 1.19489E-1 3.74027E-2 3.41074E-2
1E0 1E0 1E0 1E0 1E0 9.99999E-1 9.99998E-1 9.99999E-1 9.99999E-1 9.99999E-1 1E0 1E0 1E0 1E0 1E0 1E0 1E0 1E0 9.99982E-1 9.99456E-1 9.99991E-1 9.99075E-1 9.99383E-1 9.98968E-1 9.68645E-1 9.50281E-1 9.08677E-1 9.99878E-1 9.98778E-1 9.99735E-1 9.99782E-1 9.99649E-1 9.98426E-1 9.999E-1 9.99985E-1 9.8002E-1 7.4274E-1 2.13648E-1 1.59175E-1 1.51767E-1 2.40197E-1 1.36243E-1 1.08361E-1 7.38627E-2 3.53216E-1 5.56114E-1 8.84651E-1 7.55667E-1 3.8896E-1 3.13657E-1 7.61337E-1 5.38677E-1 4.3676E-1 2.14456E-1 9.40398E-2 2.36323E-2 2.90174E-3 2.27783E-3 8.52167E-3 4.53896E-2 9.74954E-2 1.00929E-1 1.86057E-2 3.94428E-2 1.03526E-1 1.27431E-1 1.18535E-1 9.08728E-2 1.17682E-1 5.99355E-2 6.29713E-2 -9999
1E0 1E0 1E0 9.99999E-1 9.99996E-1 9.99998E-1 9.99999E-1 9.99999E-1 9.99999E-1 1E0 9.99999E-1 1E0 1E0 1E0 1E0 1E0 1E0 1E0 9.99995E-1 9.99873E-1 9.99928E-1 9.99545E-1 9.99078E-1 9.951E-1 9.99562E-1 9.65077E-1 9.32574E-1 9.9818E-1 9.98987E-1 9.99777E-1 9.99901E-1 9.99844E-1 9.99721E-1 9.99494E-1 9.99972E-1 9.98767E-1 9.95571E-1 9.98518E-1 7.27241E-1 1.89516E-1 1.13614E-1 4.86907E-2 2.93184E-2 6.73916E-2 4.34563E-1 7.82168E-1 9.13563E-1 8.88091E-1 7.99386E-1 5.72267E-1 7.51646E-1 3.76581E-1 2.10318E-1 5.16294E-2 3.25379E-2 1.16144E-2 2.82406E-3 5.25981E-3 1.07874E-2 3.92072E-2 3.50328E-2 4.39454E-2 3.70515E-2 4.8613E-2 1.68225E-1 7.83838E-2 5.09962E-2 3.68299E-2 6.92759E-2 1.63174E-2 4.12179E-2 -9999
1E0 1E0 9.99999E-1 9.99999E-1 9.99999E-1 9.99999E-1 9.99998E-1 1E0 1E0 1E0 9.99999E-1 9.99999E-1 1E0 1E0 1E0 1E0 1E0 1E0 9.99992E-1 9.99975E-1 9.99514E-1 9.77607E-1 9.9737E-1 9.10195E-1 9.90749E-1 9.98263E-1 9.2161E-1 9.99545E-1 9.99935E-1 9.99808E-1 9.99417E-1 9.99965E-1 9.99962E-1 9.954E-1 9.99711E-1 9.99989E-1 9.99854E-1 9.99974E-1 9.9979E-1 9.93093E-1 2.7764E-1 5.71695E-2 5.02501E-2 1.24793E-1 5.41442E-1 8.22285E-1 9.53696E-1 9.02647E-1 8.0785E-1 6.04341E-1 4.1907E-1 2.93981E-1 7.77278E-2 9.35842E-2 6.40613E-3 2.43842E-3 5.20246E-3 1.3769E-2 2.13973E-2 3.1687E-2 4.63424E-2 7.8021E-2 3.49674E-2 1.40438E-1 7.77644E-2 3.5748E-2 3.12617E-2 5.0878E-2 6.21026E-2 2.93825E-2 1.33522E-2 -9999
1E0 1E0 1E0 1E0 9.99999E-1 9.99987E-1 1E0 9.99999E-1 9.99999E-1 1E0 1E0 9.99999E-1 1E0 1E0 1E0 1E0 1E0 1E0 1E0 9.99791E-1 9.99046E-1 9.83885E-1 8.95435E-1 9.41773E-1 9.62937E-1 9.99076E-1 9.17704E-1 9.99756E-1 9.99897E-1 9.98345E-1 9.86208E-1 9.86304E-1 9.99677E-1 9.93966E-1 9.14887E-1 9.43349E-1 6.28331E-1 6.46643E-1 8.22837E-1 9.1402E-1 7.7183E-1 2.10957E-1 2.07557E-1 2.70748E-1 6.77914E-1 8.63769E-1 7.74356E-1 5.92211E-1 5.27525E-1 2.46155E-1 9.10313E-2 1.49828E-1 1.27137E-1 5.15354E-3 4.0534E-3 4.88736E-3 8.46234E-3 3.27346E-2 1.58277E-2 7.97626E-2 1.03822E-1 8.31756E-2 1.62708E-1 2.12702E-1 4.84163E-2 4.05615E-2 7.8946E-3 3.0478E-2 7.35867E-3 1.07721E-2 1.14541E-2 -9999
1E0 1E0 1E0 1E0 1E0 9.99984E-1 9.99993E-1 1E0 1E0 1E0 1E0 9.99999E-1 1E0 1E0 1E0 1E0 1E0 1E0 9.99931E-1 9.96772E-1 9.74792E-1 9.65509E-1 9.92549E-1 9.13948E-1 9.81912E-1 7.36386E-1 9.94612E-1 9.99967E-1 9.9999E-1 9.99958E-1 9.99916E-1 9.99626E-1 9.9988E-1 9.99782E-1 7.48896E-1 3.83567E-1 1.92012E-1 5.0529E-2 4.43765E-2 9.69575E-2 1.51283E-1 3.78162E-2 1.18428E-1 2.33533E-1 3.04222E-1 6.08351E-1 5.4383E-1 3.03213E-1 1.55007E-1 6.84702E-2 2.06248E-2 5.73641E-2 5.0803E-2 3.0617E-3 7.88049E-3 4.80968E-3 2.97188E-2 2.47516E-2 6.74435E-2 8.05556E-2 6.6749E-2 6.4122E-2 3.51836E-2 2.58983E-2 1.26653E-2 2.84443E-2 2.49259E-2 3.67254E-2 1.61577E-2 6.54601E-3 -9999 -9999
1E0 1E0 1E0 1E0 1E0 9.99999E-1 9.99977E-1 9.99999E-1 1E0 1E0 1E0 9.99999E-1 9.99999E-1 1E0 1E0 1E0 1E0 1E0 9.99998E-1 9.99806E-1 9.99633E-1 9.99278E-1 9.98492E-1 9.84809E-1 9.69488E-1 9.03132E-1 9.99927E-1 9.99961E-1 9.99873E-1 9.99935E-1 9.99986E-1 9.99345E-1 9.99064E-1 9.99252E-1 9.74847E-1 8.79192E-1 4.41289E-1 5.93996E-2 4.81961E-2 1.54371E-2 3.20454E-2 3.19547E-2 2.95678E-2 4.96026E-2 8.02232E-2 3.35657E-1 4.13382E-1 2.50594E-1 5.34689E-2 3.15462E-2 2.62686E-2 5.69984E-2 3.4567E-3 2.48173E-3 8.64518E-3 1.39405E-2 3.7084E-2 1.08325E-2 6.63302E-2 1.24349E-1 6.38321E-2 1.10068E-2 3.41878E-2 1.34641E-2 2.02884E-2 1.2411E-2 9.13225E-3 8.95237E-3 4.772E-3 3.14419E-3 -9999 -9999
9.99999E-1 1E0 1E0 1E0 9.99999E-1 1E0 9.99996E-1 1E0 1E0 1E0 1E0 1E0 1E0 1E0 1E0 9.99999E-1 1E0 1E0 1E0 9.99994E-1 9.9996E-1 9.97623E-1 9.99572E-1 9.63056E-1 9.24547E-1 9.95726E-1 9.99959E-1 9.99996E-1 9.99476E-1 9.99903E-1 9.99339E-1 9.70505E-1 4.81266E-1 9.23131E-1 9.98495E-1 9.75163E-1 5.22032E-1 2.32753E-1 9.66197E-2 1.34765E-2 1.65934E-2 2.38084E-2 2.85295E-2 2.90315E-2 2.87403E-2 2.08521E-1 1.49081E-1 6.76658E-2 5.92886E-2 3.3061E-2 4.39111E-3 9.96158E-3 4.757E-3 5.74502E-3 6.46802E-3 4.32954E-2 2.19113E-2 7.18813E-3 4.67575E-2 2.94425E-1 4.31187E-2 1.05456E-2 1.67042E-2 2.69435E-2 1.52503E-2 9.63587E-3 1.45869E-2 1.08744E-2 1.09323E-2 1.88985E-3 -9999 -9999
1E0 1E0 1E0 1E0 1E0 1E0 9.99994E-1 9.99992E-1 1E0 1E0 1E0 1E0 1E0 9.99999E-1 9.99998E-1 1E0 1E0 1E0 1E0 9.99999E-1 9.99956E-1 9.99306E-1 9.99236E-1 9.46513E-1 9.43452E-1 9.96136E-1 9.99997E-1 9.99935E-1 9.99443E-1 9.94654E-1 8.02058E-1 2.26992E-1 2.50321E-1 6.17448E-1 9.92322E-1 4.58764E-1 3.59129E-1 1.67073E-1 9.21698E-2 2.72252E-2 3.36349E-2 3.42885E-2 4.45835E-2 7.55929E-2 5.1441E-2 8.04259E-2 1.82576E-2 1.46582E-2 7.84871E-3 1.17304E-3 5.19061E-3 2.89267E-2 2.41661E-2 4.12577E-2 3.10075E-2 1.33784E-2 2.23638E-2 4.98198E-3 1.37255E-1 1.91087E-1 1.73868E-2 1.90984E-2 1.90908E-2 7.84323E-3 1.01523E-2 1.17065E-2 9.59542E-3 1.95184E-2 7.26324E-3 -9999 -9999 -9999
9.99999E-1 1E0 1E0 1E0 1E0 1E0 1E0 1E0 1E0 9.99999E-1 1E0 1E0 1E0 1E0 1E0 1E0 1E0 1E0 1E0 1E0 9.99648E-1 9.99861E-1 9.99602E-1 9.99464E-1 9.99945E-1 9.99976E-1 9.99899E-1 9.99205E-1 9.97429E-1 9.83167E-1 7.66508E-1 3.23455E-1 4.08082E-1 9.19159E-1 9.74339E-1 8.40207E-1 6.4455E-1 3.53161E-1 1.22481E-1 7.90896E-2 1.56087E-1 1.61054E-1 2.17266E-1 1.97494E-1 9.35129E-2 1.95525E-2 6.97514E-3 8.2984E-4 4.41821E-3 8.24376E-3 8.00178E-3 4.07451E-2 2.03297E-2 4.79255E-2 3.46888E-2 4.05704E-2 5.03569E-2 2.13575E-2 1.81963E-1 6.68134E-2 3.77571E-2 3.81015E-2 1.08166E-2 1.72831E-2 6.7719E-3 2.78366E-2 2.68201E-2 4.41733E-3 7.99237E-3 -9999 -9999 -9999
1E0 1E0 1E0 1E0 1E0 9.99999E-1 1E0 1E0 9.99995E-1 9.99999E-1 9.99977E-1 9.99959E-1 9.99985E-1 9.99999E-1 9.99998E-1 9.99999E-1 1E0 1E0 1E0 1E0 9.9999E-1 9.9982E-1 9.99949E-1 9.99846E-1 9.99967E-1 9.99987E-1 9.99995E-1 9.99927E-1 9.99824E-1 9.95831E-1 9.46558E-1 9.87172E-1 9.98502E-1 9.99945E-1 9.99344E-1 9.97805E-1 9.99044E-1 9.92809E-1 7.36652E-1 5.15778E-1 6.64423E-1 3.35463E-1 9.31054E-2 1.02335E-1 3.10571E-2 9.86496E-3 2.38279E-3 2.15637E-3 2.94177E-3 1.25729E-2 3.14108E-2 9.14279E-2 3.57272E-2 3.93212E-2 3.12558E-2 2.66269E-2 1.45493E-2 1.04216E-1 8.77628E-2 1.31534E-1 6.24715E-2 4.96566E-2 1.38242E-2 2.18313E-2 2.05914E-2 4.25135E-2 2.10973E-2 1.36388E-2 1.51013E-2 -9999 -9999 -9999
1E0 9.99999E-1 1E0 1E0 1E0 1E0 1E0 1E0 9.99998E-1 9.99986E-1 9.99999E-1 9.99999E-1 9.99995E-1 9.99999E-1 9.99999E-1 9.99998E-1 9.99999E-1 1E0 9.99999E-1 1E0 9.99943E-1 9.9993E-1 9.99895E-1 9.99989E-1 9.99991E-1 9.99965E-1 9.99986E-1 9.99999E-1 9.99991E-1 9.9843E-1 9.9593E-1 9.99804E-1 9.99911E-1 9.98189E-1 9.98984E-1 9.99564E-1 9.87495E-1 8.93456E-1 2.09159E-1 7.26402E-2 8.74252E-2 1.94501E-1 5.68885E-2 2.23251E-2 4.68874E-2 4.65983E-3 2.20568E-3 5.75605E-3 1.83387E-2 2.45707E-2 6.4609E-2 5.34277E-2 8.13315E-2 2.1412E-2 3.23971E-2 8.12618E-3 1.02714E-1 1.44392E-1 1.19691E-1 4.85013E-2 2.98063E-2 2.15336E-2 1.69736E-2 2.19635E-2 3.05314E-2 3.05723E-2 2.01039E-2 7.24535E-2 9.33204E-2 -9999 -9999 -9999
1E0 1E0 9.99999E-1 1E0 1E0 1E0 1E0 1E0 1E0 1E0 9.99994E-1 9.99993E-1 9.99994E-1 9.99987E-1 9.99998E-1 9.99995E-1 9.99999E-1 1E0 1E0 9.99997E-1 9.99904E-1 9.99697E-1 9.99991E-1 9.99992E-1 9.99968E-1 9.99896E-1 9.99966E-1 9.99997E-1 9.99998E-1 9.99979E-1 9.99982E-1 9.99971E-1 9.99367E-1 9.93679E-1 9.52653E-1 9.78415E-1 9.81218E-1 9.00882E-1 1.70841E-1 3.39362E-2 7.4109E-2 8.00769E-2 3.72774E-2 1.28495E-2 4.31667E-2 7.70378E-2 3.35064E-2 2.09539E-2 3.1341E-2 5.71118E-2 2.4765E-2 1.65589E-2 8.69104E-2 5.08621E-2 4.36221E-2 5.01905E-2 2.47296E-1 6.54732E-2 3.99396E-2 4.51206E-2 2.88092E-2 4.47729E-2 4.61624E-2 8.69685E-3 3.51774E-2 2.23163E-2 5.11532E-2 7.76896E-2 -9999 -9999 -9999 -9999
1E0 1E0 1E0 1E0 1E0 1E0 1E0 9.99999E-1 1E0 9.99999E-1 1E0 1E0 9.99997E-1 9.99996E-1 9.99998E-1 9.99997E-1 9.9999E-1 9.99994E-1 9.99999E-1 9.99998E-1 9.9482E-1 9.99495E-1 9.9951E-1 9.99896E-1 9.99995E-1 9.99916E-1 9.99848E-1 9.99834E-1 9.99971E-1 9.99928E-1 9.998E-1 9.96972E-1 8.65965E-1 4.90667E-1 2.50639E-1 1.97877E-1 2.34736E-1 1.22266E-1 1.1378E-1 1.28113E-1 1.15796E-1 2.62997E-2 1.36979E-2 1.45481E-2 5.85265E-2 1.43727E-1 2.91574E-1 4.36639E-2 1.06962E-1 9.87649E-2 4.21944E-2 7.8393E-2 1.61537E-1 1.85329E-1 1.24966E-1 9.31927E-2 1.1481E-1 2.8342E-2 1.63883E-2 3.71833E-2 7.59597E-2 7.03429E-2 3.68049E-2 2.44959E-2 1.39452E-2 1.36956E-2 1.92798E-2 3.89155E-2 -9999 -9999 -9999 -9999
1E0 1E0 1E0 1E0 1E0 1E0 1E0 9.99999E-1 9.99999E-1 1E0 9.99998E-1 1E0 9.99998E-1 9.99951E-1 9.99997E-1 9.99999E-1 9.99998E-1 9.99983E-1 9.99999E-1 9.99994E-1 9.9811E-1 9.74594E-1 9.99884E-1 9.99823E-1 9.99965E-1 9.99682E-1 9.99922E-1 9.99915E-1 9.92891E-1 9.79685E-1 9.83435E-1 8.63143E-1 3.83051E-1 2.09231E-1 8.20999E-2 6.46276E-2 1.57892E-1 6.87591E-2 3.48801E-2 2.93905E-2 5.16285E-2 1.33186E-2 3.29055E-2 1.02131E-1 8.34334E-2 2.02733E-1 3.43082E-1 1.51188E-1 4.80205E-2 8.05175E-2 4.61911E-2 2.69067E-1 1.98253E-1 1.0482E-1 4.30183E-2 2.35258E-2 1.90923E-2 2.35972E-2 4.22978E-3 4.53625E-2 5.19157E-2 5.683E-2 4.02118E-2 3.75002E-2 1.79012E-2 2.71051E-2 2.45478E-2 3.75058E-2 -9999 -9999 -9999 -9999
1E0 1E0 1E0 1E0 1E0 1E0 1E0 9.99999E-1 9.99999E-1 1E0 9.99998E-1 9.99998E-1 9.99998E-1 1E0 1E0 9.99999E-1 9.99999E-1 9.99999E-1 9.99999E-1 1E0 9.91377E-1 9.56671E-1 9.99618E-1 9.99988E-1 9.99966E-1 9.99991E-1 9.99993E-1 9.99779E-1 9.88555E-1 9.60528E-1 7.56555E-1 2.67282E-1 2.43111E-1 1.62511E-1 6.03283E-2 4.82706E-2 9.14859E-2 4.23344E-2 4.51969E-2 2.92811E-2 2.36915E-2 2.9239E-2 3.50785E-2 7.39323E-2 2.07196E-1 8.38289E-2 3.96004E-1 1.89123E-1 4.77435E-2 1.25044E-1 1.20335E-1 1.15453E-1 1.35582E-1 1.25697E-1 1.77827E-1 2.99422E-2 4.32828E-2 4.14356E-2 5.64086E-2 4.29813E-2 3.89832E-2 2.48593E-2 2.05933E-2 1.18104E-2 1.9677E-2 3.89609E-2 2.6631E-2 -9999 -9999 -9999 -9999 -9999
9.99999E-1 1E0 1E0 1E0 1E0 1E0 1E0 1E0 9.99999E-1 1E0 1E0 1E0 1E0 1E0 9.99999E-1 9.99983E-1 9.99992E-1 9.99996E-1 9.99996E-1 9.99995E-1 9.99412E-1 9.97943E-1 9.99981E-1 1E0 9.99999E-1 9.99994E-1 9.99985E-1 9.99906E-1 9.91251E-1 9.98949E-1 9.87019E-1 9.89443E-1 5.39332E-1 1.88563E-1 4.97221E-2 5.16087E-2 6.44085E-2 8.45838E-2 7.24094E-2 9.98015E-2 1.08811E-1 6.27997E-2 6.47878E-2 1.11994E-1 2.24067E-1 8.86438E-2 2.72404E-1 3.94981E-2 1.44108E-1 2.76988E-1 1.3834E-1 6.92481E-3 6.31871E-2 7.12786E-2 2.16665E-2 2.13654E-2 2.16588E-2 8.15498E-2 1.18884E-1 1.29003E-2 3.1129E-2 1.78957E-2 7.71491E-3 1.18242E-2 1.97249E-2 4.10018E-2 -9999 -9999 -9999 -9999 -9999 -9999
1E0 1E0 9.99999E-1 1E0 9.99984E-1 1E0 9.99998E-1 1E0 9.99999E-1 1E0 1E0 1E0 1E0 9.99999E-1 1E0 1E0 1E0 1E0 1E0 9.99996E-1 9.99982E-1 9.99998E-1 9.99974E-1 9.99999E-1 9.99993E-1 9.99804E-1 9.99929E-1 9.99533E-1 9.99824E-1 9.99787E-1 9.9457E-1 9.85654E-1 2.95232E-1 9.97252E-2 8.94903E-2 7.43241E-2 1.45904E-1 1.93716E-1 1.80255E-1 1.0428E-1 2.90794E-1 2.54234E-1 8.79415E-2 1.83613E-1 1.63584E-1 2.61097E-1 1.70631E-1 6.37389E-1 3.58638E-1 2.76297E-1 1.09421E-1 3.55506E-2 1.29008E-2 1.59006E-2 1.32138E-2 1.1093E-2 1.39876E-2 1.56989E-2 7.46011E-3 3.16557E-2 3.27191E-2 5.67958E-3 3.2035E-3 6.56013E-3 1.10939E-2 -9999 -9999 -9999 -9999 -9999 -9999 -9999
1E0 1E0 9.99999E-1 1E0 1E0 1E0 1E0 1E0 1E0 1E0 1E0 9.99998E-1 9.99988E-1 9.99975E-1 9.99987E-1 9.99973E-1 9.99989E-1 9.99998E-1 9.99998E-1 9.99992E-1 9.99987E-1 9.99859E-1 9.99933E-1 1E0 9.99994E-1 9.99994E-1 9.99838E-1 9.98736E-1 9.99924E-1 9.99402E-1 9.63429E-1 6.44261E-1 2.37396E-1 9.92297E-2 9.39575E-2 8.56774E-2 4.0548E-1 5.75707E-1 2.73577E-1 2.15723E-1 3.24465E-1 2.97921E-1 4.01692E-1 1.56967E-1 2.01578E-1 1.31474E-1 6.02503E-1 4.78759E-1 1.60265E-1 1.69276E-1 1.35414E-1 2.01043E-2 3.38687E-2 5.04763E-3 4.7917E-3 3.36369E-2 4.11735E-3 7.69245E-3 3.22974E-2 1.57929E-2 1.08056E-2 8.16735E-3 4.20467E-3 4.72488E-3 -9999 -9999 -9999 -9999 -9999 -9999 -9999 -9999
1E0 9.99999E-1 9.99972E-1 1E0 1E0 1E0 1E0 1E0 9.99999E-1 1E0 1E0 1E0 1E0 9.99999E-1 1E0 9.99999E-1 9.99959E-1 9.99127E-1 9.99983E-1 9.99993E-1 9.9999E-1 9.99974E-1 9.99893E-1 9.99999E-1 9.99999E-1 9.99999E-1 1E0 9.99971E-1 9.99975E-1 9.99777E-1 9.87695E-1 9.13937E-1 5.32186E-1 2.08061E-1 7.87163E-2 9.78954E-2 6.40989E-1 7.59292E-1 2.09332E-1 2.31955E-1 1.93741E-1 3.70684E-1 1.76266E-1 9.46597E-2 1.91151E-1 4.44535E-1 4.63935E-1 3.88568E-1 4.68652E-2 3.82808E-2 3.22363E-2 2.41287E-1 1.00134E-1 2.24117E-2 3.39686E-3 2.13168E-3 6.00266E-3 7.4201E-3 6.39794E-3 6.05272E-3 1.00644E-2 3.42494E-3 -9999 -9999 -9999 -9999 -9999 -9999 -9999 -9999 -9999 -9999
9.99999E-1 9.99995E-1 9.99986E-1 1E0 1E0 9.99999E-1 1E0 1E0 1E0 1E0 1E0 1E0 1E0 1E0 1E0 9.99999E-1 9.99979E-1 9.99241E-1 9.99561E-1 9.99808E-1 9.99993E-1 9.99986E-1 9.99944E-1 9.99994E-1 9.9999E-1 9.99999E-1 9.99954E-1 9.99829E-1 9.99494E-1 9.80813E-1 8.21795E-1 7.57977E-1 3.57639E-1 1.70503E-1 2.22519E-1 2.27674E-1 8.47996E-1 8.35713E-1 2.73094E-1 1.53198E-1 1.20391E-1 1.4659E-1 1.40846E-1 4.17996E-1 5.1144E-2 5.81882E-1 3.31975E-1 6.31221E-2 5.37017E-2 3.27901E-2 5.43275E-2 6.37939E-2 1.49014E-2 1.48624E-2 2.10045E-3 1.55864E-3 3.02565E-3 1.2233E-2 6.76231E-3 4.68635E-3 4.78284E-3 -9999 -9999 -9999 -9999 -9999 -9999 -9999 -9999 -9999 -9999 -9999
1E0 9.99999E-1 1E0 9.99999E-1 9.99997E-1 9.99999E-1 9.99998E-1 1E0 9.99998E-1 1E0 1E0 1E0 1E0 1E0 1E0 1E0 9.99997E-1 9.99958E-1 9.99987E-1 9.99874E-1 9.99995E-1 9.99995E-1 9.99996E-1 9.99987E-1 9.99972E-1 9.99319E-1 9.9978E-1 9.9585E-1 9.98442E-1 9.7511E-1 5.55332E-1 5.03766E-1 3.07843E-1 3.49419E-1 7.2089E-1 8.1192E-1 9.77362E-1 8.05795E-1 5.01216E-1 2.05429E-1 2.60291E-1 1.08703E-1 2.24218E-1 1.69393E-1 3.95624E-1 5.74018E-1 4.81812E-1 7.15397E-2 6.10478E-2 1.16687E-1 5.74213E-2 2.21057E-2 1.22654E-3 6.38219E-4 5.32847E-4 2.19631E-3 6.984E-3 8.99028E-3 1.21153E-2 4.95653E-3 -9999 -9999 -9999 -9999 -9999 -9999 -9999 -9999 -9999 -9999 -9999 -9999
9.99994E-1 9.99998E-1 9.99974E-1 1E0 9.99986E-1 9.99997E-1 9.99993E-1 9.99997E-1 9.99988E-1 9.9998E-1 9.99999E-1 1E0 1E0 9.99999E-1 9.99997E-1 9.99999E-1 9.99998E-1 9.99956E-1 9.99945E-1 9.99999E-1 9.99946E-1 9.99991E-1 9.99997E-1 9.99979E-1 9.99929E-1 9.96256E-1 9.94691E-1 9.64708E-1 9.52184E-1 9.68441E-1 9.4138E-1 8.10751E-1 5.45469E-1 3.58985E-1 7.73261E-1 9.12254E-1 9.22674E-1 2.09314E-1 2.30154E-1 5.60636E-2 7.1061E-2 3.04809E-1 3.44644E-1 2.72137E-1 1.83151E-1 1.11213E-1 1.28725E-1 1.35537E-1 2.1976E-1 2.08904E-1 9.27667E-2 6.07888E-3 4.53014E-3 1.19823E-3 2.87234E-3 7.21435E-3 1.77009E-2 9.44076E-3 1.36539E-2 -9999 -9999 -9999 -9999 -9999 -9999 -9999 -9999 -9999 -9999 -9999 -9999 -9999
9.99993E-1 9.99931E-1 9.99999E-1 9.99999E-1 9.99998E-1 9.99968E-1 9.99964E-1 1E0 9.99989E-1 9.99993E-1 9.99962E-1 9.99996E-1 9.99997E-1 9.9971E-1 9.99995E-1 9.99999E-1 9.99243E-1 9.99905E-1 9.99957E-1 9.99998E-1 9.99997E-1 9.99977E-1 9.99974E-1 9.99796E-1 9.90356E-1 9.11416E-1 6.97307E-1 7.9458E-1 9.44047E-1 9.9105E-1 9.93348E-1 9.42977E-1 8.5451E-1 2.64974E-1 3.33243E-1 1.89832E-1 7.11043E-2 2.68303E-1 1.80358E-1 3.17888E-1 5.60748E-1 4.88342E-1 2.50584E-1 3.8261E-2 2.85867E-2 8.87782E-2 8.01044E-2 1.30858E-1 1.67819E-1 6.84246E-2 1.16366E-1 3.68608E-2 3.9869E-3 3.06666E-3 2.3686E-3 9.5162E-3 2.12143E-2 1.16935E-2 -9999 -9999 -9999 -9999 -9999 -9999 -9999 -9999 -9999 -9999 -9999 -9999 -9999 -9999
1E0 9.99872E-1 9.9996E-1 9.99947E-1 9.9999E-1 9.99999E-1 9.99999E-1 9.99999E-1 9.99981E-1 1E0 9.99994E-1 9.99999E-1 9.99971E-1 9.99988E-1 9.99996E-1 9.99997E-1 9.99999E-1 9.99994E-1 9.99887E-1 9.99995E-1 9.99999E-1 9.99997E-1 9.99995E-1 9.9988E-1 9.96077E-1 8.93772E-1 5.54954E-1 8.358E-1 9.85818E-1 9.99546E-1 9.98988E-1 9.8406E-1 4.08773E-1 6.43157E-1 3.73669E-1 1.40913E-1 4.89975E-1 4.42463E-1 5.14529E-1 4.31869E-1 4.9485E-2 4.22311E-2 2.92162E-1 2.16446E-1 1.56551E-1 9.40163E-2 1.97394E-1 1.53774E-1 8.85818E-2 4.35805E-2 4.56877E-2 1.70684E-2 4.2631E-3 6.81132E-3 3.75818E-3 7.23943E-3 2.47476E-2 -9999 -9999 -9999 -9999 -9999 -9999 -9999 -9999 -9999 -9999 -9999 -9999 -9999 -9999 -9999
