ENM/Final_Models/M_1_F_lqp_Set_1_EC/Gustavia_santanderiensis_Choco_avg.asc
ncols         367
nrows         963
xllcorner     -78.6
yllcorner     0.65
cellsize      0.00833333333333323
NODATA_value  -9999
[rows 810 to 839 of 963, columns 134 to 200 of 367]
4.81199E-2 4.11286E-2 1.33334E-2 5.46931E-3 2.82101E-3 7.06008E-4 5.97271E-5 2.22123E-5 1.29158E-5 5.72015E-5 8.62281E-4 8.45838E-3 6.93795E-3 1.75276E-3 3.63673E-4 6.44725E-5 3.26741E-5 1.63979E-5 7.91222E-6 8.53459E-5 5.44305E-4 3.08616E-3 8.04966E-3 2.02031E-2 -9999 -9999 1.18314E-2 -9999 -9999 -9999 -9999 -9999 -9999 -9999 -9999 -9999 -9999 -9999 -9999 -9999 -9999 -9999 -9999 -9999 -9999 -9999 -9999 -9999 -9999 -9999 -9999 -9999 -9999 -9999 -9999 -9999 -9999 -9999 1.85315E-3 2.06971E-3 7.14209E-3 9.60593E-3 1.01717E-2 -9999 -9999 1.92459E-2 1.45381E-2
9.7328E-2 3.35379E-2 1.82176E-2 4.40614E-3 1.33422E-3 1.97932E-4 2.76157E-5 6.94013E-6 1.47076E-5 6.15155E-5 1.63341E-3 1.28537E-2 5.73286E-3 1.49961E-3 2.15205E-4 8.40296E-5 1.99318E-5 2.17383E-5 3.34713E-5 3.77262E-4 2.74508E-3 3.9984E-3 1.32335E-2 1.82127E-2 -9999 -9999 1.66705E-2 -9999 -9999 -9999 -9999 -9999 -9999 -9999 -9999 -9999 -9999 -9999 -9999 -9999 -9999 -9999 -9999 -9999 -9999 -9999 -9999 -9999 -9999 -9999 -9999 -9999 -9999 -9999 -9999 -9999 -9999 -9999 1.37999E-3 1.33582E-3 7.21448E-3 4.3636E-3 1.94579E-3 2.16703E-3 4.13516E-3 4.81419E-3 1.41491E-2
1.32144E-1 4.24502E-2 1.64944E-2 1.13752E-2 4.49253E-3 1.37858E-3 4.69876E-5 7.75986E-6 4.47234E-5 9.40914E-5 2.25234E-3 1.28782E-2 4.89525E-3 1.43364E-3 2.76565E-4 9.42049E-5 5.96424E-5 2.56772E-5 3.32855E-5 3.57363E-4 5.49869E-3 5.32354E-3 1.44174E-2 -9999 -9999 -9999 -9999 -9999 -9999 -9999 -9999 -9999 -9999 -9999 -9999 -9999 -9999 -9999 -9999 -9999 -9999 -9999 -9999 -9999 -9999 -9999 -9999 -9999 -9999 -9999 -9999 -9999 -9999 -9999 -9999 1.39298E-2 1.63802E-2 -9999 -9999 1.38517E-3 1.79539E-3 2.28676E-3 1.79988E-3 6.58171E-4 2.28755E-4 4.22771E-4 4.5067E-3
1.24997E-1 3.79405E-2 1.78799E-2 2.07219E-2 1.14602E-2 2.25789E-3 1.09081E-4 1.09558E-5 2.00682E-5 1.72079E-4 3.41482E-3 1.66999E-2 4.96118E-3 7.76379E-4 2.81741E-4 7.76245E-4 1.41471E-3 1.49517E-4 5.65845E-5 6.65469E-4 9.37609E-3 2.0303E-2 7.49418E-3 1.97146E-2 -9999 -9999 -9999 -9999 -9999 -9999 -9999 -9999 -9999 -9999 -9999 -9999 -9999 -9999 -9999 -9999 -9999 -9999 -9999 -9999 -9999 -9999 -9999 -9999 -9999 -9999 -9999 -9999 -9999 -9999 -9999 1.18406E-2 1.86177E-2 -9999 -9999 1.12805E-3 1.78907E-3 4.43276E-4 2.43991E-4 1.44799E-4 3.97763E-4 6.36031E-4 3.05986E-3
1.38957E-1 8.61389E-2 4.00433E-2 8.59364E-3 2.31101E-3 1.54057E-3 2.24435E-3 1.25421E-3 7.22116E-4 1.36898E-3 6.60379E-3 9.01749E-3 4.26353E-3 4.1097E-4 3.12002E-4 1.88428E-3 3.26202E-4 7.07956E-5 2.74298E-4 3.66492E-3 9.89599E-3 2.21807E-2 -9999 -9999 5.24801E-2 -9999 -9999 -9999 -9999 -9999 -9999 -9999 -9999 -9999 -9999 -9999 -9999 -9999 -9999 -9999 -9999 -9999 -9999 -9999 -9999 -9999 -9999 -9999 -9999 -9999 -9999 -9999 -9999 -9999 -9999 9.17051E-3 1.77584E-2 6.03013E-3 3.46071E-3 1.60317E-3 2.78638E-3 2.02258E-4 3.47994E-5 2.75032E-4 8.63453E-4 3.14533E-3 2.89057E-3
5.61506E-2 2.1027E-1 8.34603E-2 3.57957E-2 1.35065E-2 1.18165E-2 7.17913E-3 9.91269E-3 6.04988E-3 4.03332E-3 1.41019E-2 1.02616E-2 3.09856E-3 2.74985E-3 4.45633E-3 2.5954E-3 5.0885E-4 1.24542E-4 1.12374E-3 6.5875E-3 1.16771E-2 1.42351E-2 1.77156E-2 -9999 -9999 -9999 -9999 -9999 -9999 -9999 -9999 -9999 -9999 -9999 -9999 -9999 -9999 -9999 -9999 -9999 -9999 -9999 -9999 -9999 -9999 -9999 -9999 -9999 -9999 -9999 -9999 -9999 -9999 -9999 -9999 7.27664E-3 2.78462E-3 4.68095E-3 5.18415E-3 3.63198E-3 1.22231E-3 2.75651E-4 8.64592E-5 3.99822E-4 7.26193E-4 1.12393E-3 9.98862E-4
1.60401E-1 2.15415E-1 1.08367E-1 4.32987E-2 2.828E-2 8.74846E-2 4.32761E-2 3.04533E-2 2.40132E-2 8.37848E-3 1.01372E-2 7.76909E-3 8.46765E-3 6.47822E-3 1.39913E-3 8.07375E-4 3.61884E-4 1.52918E-4 1.81216E-3 1.2999E-2 2.14635E-2 2.01823E-2 2.17267E-2 -9999 -9999 -9999 -9999 -9999 -9999 -9999 -9999 -9999 -9999 -9999 -9999 -9999 -9999 -9999 -9999 -9999 -9999 -9999 -9999 -9999 -9999 -9999 -9999 -9999 -9999 -9999 -9999 -9999 -9999 -9999 -9999 -9999 1.28514E-3 1.83462E-3 1.59117E-3 9.13116E-4 6.49732E-4 1.75228E-4 4.05506E-5 1.15394E-4 4.91905E-4 2.58663E-4 1.86392E-4
3.68424E-1 4.72502E-2 4.55913E-2 5.48576E-2 2.97806E-2 2.66158E-2 1.73683E-2 1.13969E-2 8.97713E-3 2.88537E-3 6.62729E-3 3.11575E-3 2.37309E-3 3.86619E-3 3.74865E-4 2.13924E-4 5.48192E-5 6.85589E-5 1.4314E-3 3.25306E-2 -9999 -9999 -9999 -9999 -9999 -9999 -9999 -9999 -9999 -9999 -9999 -9999 -9999 -9999 -9999 -9999 -9999 -9999 -9999 -9999 -9999 -9999 -9999 -9999 -9999 -9999 -9999 -9999 -9999 -9999 -9999 -9999 -9999 -9999 9.97931E-3 1.86671E-3 4.8081E-3 2.77903E-3 8.54054E-4 7.31675E-4 4.72774E-4 6.94286E-5 1.51113E-5 2.39054E-5 1.16415E-4 5.92955E-5 3.13808E-5
1.86741E-1 1.67109E-1 8.63723E-2 3.53083E-2 1.17453E-2 2.64201E-2 2.14924E-2 1.35872E-2 2.61572E-2 1.19915E-2 2.50709E-3 9.50218E-4 7.5642E-4 7.11726E-4 1.74489E-4 4.78754E-5 2.07915E-5 1.02934E-4 1.47585E-3 2.20175E-2 -9999 -9999 -9999 -9999 -9999 -9999 -9999 -9999 -9999 -9999 -9999 -9999 -9999 -9999 -9999 8.34802E-3 1.02276E-2 7.90089E-3 -9999 -9999 -9999 -9999 -9999 -9999 -9999 -9999 -9999 -9999 -9999 -9999 -9999 -9999 -9999 -9999 -9999 -9999 5.17958E-3 1.34578E-3 3.61538E-4 1.81374E-4 1.30152E-4 3.53717E-5 3.06059E-5 2.73599E-5 2.12732E-5 1.96797E-5 4.51943E-5
5.5457E-2 7.65639E-2 1.31729E-1 5.20452E-2 5.49019E-3 1.44016E-2 1.76986E-2 4.56165E-2 2.10268E-2 1.32811E-2 1.88722E-3 7.68138E-4 1.95728E-4 3.91788E-5 1.10352E-5 1.46412E-5 2.57882E-5 2.78053E-4 5.97108E-3 5.57264E-2 4.19406E-2 -9999 -9999 -9999 -9999 -9999 -9999 -9999 -9999 -9999 -9999 -9999 -9999 -9999 9.06969E-3 7.14121E-3 1.2578E-2 6.72316E-3 5.9698E-3 -9999 -9999 -9999 -9999 -9999 -9999 -9999 -9999 -9999 -9999 -9999 -9999 -9999 -9999 -9999 -9999 -9999 1.37563E-3 1.20329E-3 1.90573E-4 6.67907E-5 6.30661E-5 1.01391E-4 8.10759E-5 2.83298E-5 1.06804E-5 1.42598E-5 2.46186E-5
4.79665E-2 2.3857E-2 2.06554E-2 4.54492E-2 6.72367E-3 1.15539E-3 1.91869E-2 1.38799E-2 2.27129E-2 3.74146E-2 3.44018E-3 1.24438E-3 4.91904E-4 3.36933E-5 6.11517E-6 7.36428E-6 4.47531E-5 6.30117E-4 1.33782E-2 3.25381E-2 3.63009E-2 -9999 -9999 -9999 -9999 -9999 -9999 -9999 -9999 -9999 -9999 -9999 -9999 6.3242E-3 1.05273E-2 6.70295E-3 1.30964E-2 1.13201E-2 1.04081E-2 1.52564E-2 -9999 1.96682E-2 3.41323E-2 -9999 -9999 -9999 -9999 -9999 -9999 -9999 -9999 -9999 -9999 -9999 -9999 5.58609E-3 1.33183E-3 2.00558E-3 3.18923E-4 8.8665E-5 6.28695E-5 1.48046E-4 1.8883E-4 3.32065E-5 1.58402E-5 1.25123E-5 9.82777E-6
3.23596E-2 1.40966E-2 7.87222E-3 1.19527E-2 6.06965E-3 5.66306E-4 2.17708E-3 8.95673E-4 5.11687E-3 1.82415E-2 3.76084E-3 7.8064E-4 1.84424E-4 1.73666E-4 3.5545E-5 1.61127E-5 1.65159E-4 1.76508E-3 1.61E-2 6.21816E-2 7.91431E-2 -9999 -9999 -9999 -9999 -9999 -9999 -9999 -9999 -9999 -9999 -9999 -9999 -9999 7.3487E-3 7.52851E-3 1.42417E-2 9.688E-3 8.807E-3 1.03756E-2 8.36514E-3 1.34314E-2 3.70367E-2 -9999 -9999 -9999 -9999 -9999 -9999 -9999 -9999 -9999 1.89149E-2 2.51781E-2 2.02544E-2 8.27108E-3 2.01964E-3 1.4816E-3 1.2016E-3 2.46524E-4 2.42505E-4 2.63918E-4 1.06206E-4 4.73579E-5 1.85907E-5 2.20572E-5 2.09341E-5
2.59945E-2 1.39211E-2 6.53297E-3 1.7117E-3 1.79204E-3 1.59678E-3 1.24193E-3 2.65577E-4 1.74597E-3 1.16535E-2 5.04461E-3 1.51189E-3 1.28957E-3 2.89347E-4 6.70933E-5 2.29161E-5 1.27796E-4 7.49817E-4 2.26165E-2 6.51337E-2 -9999 -9999 -9999 -9999 -9999 -9999 -9999 -9999 -9999 -9999 -9999 -9999 -9999 1.25872E-2 1.84838E-2 -9999 -9999 7.80754E-3 1.23973E-2 7.33946E-3 1.18728E-2 2.55922E-2 -9999 -9999 -9999 -9999 -9999 -9999 -9999 -9999 -9999 -9999 -9999 -9999 -9999 -9999 -9999 -9999 6.47023E-4 3.9782E-4 2.72144E-4 5.18498E-4 2.61492E-4 1.26781E-4 4.76765E-5 2.22088E-5 1.31042E-5
3.70499E-2 2.94638E-2 2.93464E-2 2.07656E-2 7.82439E-3 1.86393E-2 1.5019E-3 2.02063E-4 1.06938E-3 7.03056E-3 1.14153E-3 2.92822E-4 3.88742E-4 1.45889E-4 7.04454E-5 2.70965E-5 4.12041E-5 1.64275E-3 2.18607E-2 7.46534E-2 -9999 -9999 -9999 -9999 -9999 -9999 -9999 -9999 -9999 -9999 -9999 -9999 -9999 -9999 -9999 -9999 -9999 6.98863E-3 7.72035E-3 6.49895E-3 1.45464E-2 2.56524E-2 -9999 -9999 -9999 -9999 -9999 -9999 -9999 -9999 -9999 -9999 -9999 -9999 -9999 -9999 -9999 -9999 -9999 1.07814E-3 8.2863E-4 1.05263E-3 1.93278E-4 4.22512E-5 3.03915E-5 2.75243E-5 4.10937E-5
3.77704E-2 1.99631E-2 2.12362E-2 1.17024E-2 1.08941E-2 1.27192E-2 2.18588E-3 2.96536E-4 2.78419E-4 3.14891E-3 9.12984E-4 1.7485E-4 3.57631E-5 1.50128E-5 1.54661E-5 1.05393E-5 1.68892E-4 3.28105E-3 2.90629E-2 5.8552E-2 -9999 -9999 -9999 -9999 -9999 -9999 -9999 -9999 -9999 -9999 -9999 -9999 -9999 -9999 -9999 -9999 -9999 6.84584E-3 6.10647E-3 6.76068E-3 1.86564E-2 4.41758E-2 -9999 -9999 -9999 -9999 -9999 -9999 -9999 -9999 1.68609E-2 2.76805E-2 2.67022E-2 -9999 -9999 -9999 1.27285E-3 1.3407E-3 3.80028E-3 4.09221E-3 3.31087E-3 8.20123E-4 3.92831E-4 1.60311E-4 6.2701E-5 1.80056E-5 2.30741E-5
2.66611E-2 1.3164E-2 1.57527E-2 7.61358E-3 3.54414E-3 1.15825E-2 8.01896E-4 1.79703E-4 2.11145E-4 1.57386E-3 1.09296E-3 2.01206E-4 1.42755E-4 1.17858E-5 4.90309E-6 1.57663E-5 1.49583E-4 4.38941E-3 3.96373E-2 5.55374E-2 -9999 -9999 -9999 -9999 -9999 -9999 -9999 -9999 -9999 -9999 -9999 -9999 -9999 -9999 -9999 -9999 1.78986E-2 9.7978E-3 1.041E-2 9.28051E-3 1.47953E-2 3.70899E-2 -9999 -9999 -9999 -9999 -9999 -9999 -9999 -9999 1.70146E-2 1.24203E-2 6.48986E-3 2.71626E-3 1.1874E-3 9.23101E-5 8.19987E-5 1.02842E-3 7.19514E-4 1.80267E-3 1.75607E-3 8.42562E-4 6.2546E-4 9.89678E-4 5.65248E-4 1.43385E-4 3.04113E-5
7.45648E-3 6.77241E-3 3.97781E-3 1.82028E-3 2.96714E-3 6.26785E-4 9.29542E-5 6.42342E-5 2.59848E-5 2.29501E-4 3.52616E-4 2.3701E-5 1.91434E-5 2.80775E-5 2.03046E-5 3.67277E-5 1.30892E-4 1.35678E-3 9.14164E-3 6.46807E-2 -9999 -9999 -9999 -9999 -9999 -9999 -9999 -9999 -9999 -9999 -9999 -9999 -9999 -9999 -9999 1.2947E-2 1.05121E-2 8.06893E-3 1.00033E-2 1.24111E-2 1.23739E-2 2.00684E-2 -9999 -9999 -9999 -9999 -9999 -9999 -9999 -9999 5.39811E-3 3.19212E-3 1.9669E-3 1.80975E-3 5.93734E-4 2.35717E-4 1.24498E-4 5.76963E-4 1.29573E-4 2.81748E-4 8.07324E-4 4.16545E-4 3.49311E-4 2.11984E-4 7.52538E-5 9.88013E-5 8.93158E-5
1.88879E-2 1.42035E-2 3.3764E-3 1.93453E-3 2.31524E-3 6.62599E-4 2.60306E-4 6.41995E-4 8.49258E-5 4.87363E-5 9.19231E-5 1.15336E-5 1.07341E-4 2.67203E-4 1.9771E-4 5.53536E-5 1.74612E-4 1.31957E-3 2.07389E-2 6.36332E-2 -9999 -9999 -9999 -9999 -9999 -9999 -9999 -9999 -9999 -9999 -9999 -9999 -9999 -9999 -9999 -9999 -9999 7.02173E-3 1.11226E-2 8.28201E-3 1.06976E-2 2.1017E-2 -9999 -9999 -9999 -9999 -9999 -9999 -9999 -9999 4.00192E-3 1.41942E-3 6.25825E-4 3.58748E-4 1.24935E-4 7.18961E-5 8.46156E-5 5.86306E-4 1.5786E-4 1.33349E-4 3.9642E-4 3.93745E-4 2.33982E-4 5.4889E-4 4.1759E-5 2.57678E-5 2.46649E-5
6.59112E-2 1.73608E-2 2.10951E-2 1.34051E-2 8.2387E-3 3.85299E-3 3.13107E-3 5.26516E-4 6.34473E-5 1.09815E-5 2.06455E-5 3.11817E-5 1.21153E-4 4.90776E-4 1.73601E-4 5.6569E-5 3.43549E-4 6.4836E-4 7.42687E-3 3.88081E-2 -9999 -9999 -9999 -9999 -9999 -9999 -9999 -9999 -9999 -9999 -9999 -9999 -9999 -9999 -9999 -9999 -9999 -9999 4.39458E-3 5.50861E-3 1.00927E-2 1.66418E-2 -9999 -9999 1.56456E-2 -9999 -9999 -9999 -9999 -9999 5.66902E-3 9.4125E-4 1.64824E-4 9.18674E-5 4.72293E-5 4.19319E-5 1.13608E-4 2.30294E-4 1.18627E-4 3.33295E-5 7.45458E-5 3.10766E-4 1.34895E-4 4.30669E-5 8.24254E-5 2.32289E-5 2.32128E-5
4.90544E-2 4.12448E-2 3.8255E-2 3.15546E-2 1.30638E-2 1.35696E-2 2.25659E-3 2.11271E-4 2.3969E-5 1.93432E-5 7.56784E-5 2.36156E-4 2.57391E-4 9.86885E-4 6.48857E-4 1.14317E-4 5.89375E-4 4.8925E-4 1.94784E-3 2.44198E-2 5.23947E-2 -9999 -9999 -9999 -9999 -9999 -9999 -9999 -9999 -9999 -9999 -9999 -9999 -9999 -9999 -9999 -9999 -9999 -9999 4.27345E-3 8.33271E-3 1.41047E-2 -9999 -9999 2.10362E-2 -9999 -9999 -9999 -9999 5.91293E-3 5.96128E-3 1.75119E-3 3.68994E-4 5.01575E-5 3.06376E-5 5.10235E-5 1.14534E-4 8.77169E-5 8.67672E-5 2.86446E-5 4.15474E-5 2.28907E-4 9.75881E-5 1.55045E-5 1.40194E-5 1.28845E-5 4.54088E-5
5.6629E-2 2.96248E-2 1.19858E-2 1.50238E-2 5.70152E-3 1.68964E-3 1.24364E-3 3.13413E-4 2.7915E-5 1.97714E-5 2.41955E-4 9.11908E-4 2.0018E-3 1.66816E-3 8.226E-4 4.80309E-4 1.452E-3 1.15174E-3 1.93327E-3 2.93117E-2 5.77845E-2 -9999 -9999 -9999 -9999 -9999 -9999 -9999 -9999 -9999 -9999 -9999 -9999 -9999 -9999 -9999 1.96698E-2 -9999 -9999 5.45162E-3 4.65054E-3 9.9975E-3 -9999 -9999 -9999 -9999 -9999 2.67993E-3 2.49646E-3 4.83255E-3 2.13163E-3 8.02109E-4 1.39072E-4 4.80072E-5 6.46245E-5 5.4393E-5 8.46214E-5 7.58067E-5 6.67187E-5 4.14371E-5 3.67638E-5 1.16823E-4 2.86044E-5 1.83033E-5 4.13838E-5 2.55409E-5 4.62764E-5
7.36099E-2 6.64167E-2 4.14724E-2 3.47534E-2 1.72765E-2 2.9718E-3 1.36485E-3 3.57477E-4 1.88373E-4 4.70694E-5 3.91332E-5 2.68817E-4 1.89127E-3 4.13954E-3 2.25791E-3 1.60707E-3 6.04629E-3 2.01122E-3 3.69661E-3 4.26923E-2 6.92972E-2 -9999 -9999 -9999 -9999 -9999 -9999 -9999 -9999 -9999 -9999 2.37721E-2 3.62532E-2 -9999 -9999 1.53689E-2 2.17697E-2 -9999 -9999 8.52207E-3 5.87254E-3 2.08254E-2 8.48504E-3 -9999 -9999 5.3216E-3 1.1226E-3 9.08822E-4 1.16396E-3 8.36884E-4 4.9965E-4 1.38211E-4 2.21321E-4 9.6093E-5 6.80249E-5 4.26665E-5 8.88083E-5 8.09587E-5 3.81396E-5 3.58174E-5 3.72718E-5 1.29912E-4 7.53853E-5 2.41928E-5 3.8018E-5 4.94924E-5 6.08408E-5
1.74981E-2 3.16867E-2 2.37487E-2 2.60145E-2 3.1535E-2 1.48168E-2 5.20538E-3 2.7162E-3 1.08432E-3 8.11278E-5 2.13211E-5 3.08764E-4 1.29222E-3 5.70328E-3 1.37431E-2 1.67929E-2 1.0165E-2 1.73783E-3 4.51561E-3 4.82513E-2 6.48112E-2 -9999 -9999 -9999 -9999 -9999 -9999 -9999 -9999 -9999 -9999 1.96399E-2 1.94992E-2 -9999 -9999 1.53568E-2 2.26697E-2 -9999 -9999 8.05714E-3 6.45382E-3 1.16237E-2 1.01139E-2 -9999 -9999 2.94074E-3 6.56561E-4 4.41792E-4 1.71906E-4 1.8245E-4 3.79303E-4 3.14028E-4 2.0805E-4 1.16731E-4 3.01688E-5 2.44211E-5 5.99152E-5 3.65524E-5 3.11773E-5 6.93637E-5 8.43232E-5 9.53726E-5 6.25328E-5 2.62992E-5 2.29777E-5 5.14217E-5 4.61561E-5
1.91294E-3 2.18133E-2 1.03863E-2 1.18173E-2 1.64489E-2 9.83536E-3 2.1945E-3 1.34563E-3 3.64509E-4 9.07773E-5 9.12485E-6 4.03523E-5 4.01137E-4 9.2579E-4 1.13478E-2 3.5898E-2 1.47912E-2 1.99305E-3 6.23184E-3 4.83864E-2 7.5577E-2 -9999 -9999 -9999 -9999 -9999 -9999 -9999 -9999 -9999 -9999 2.08489E-2 1.52896E-2 -9999 -9999 1.73179E-2 1.93504E-2 -9999 -9999 7.20313E-3 2.06154E-2 3.08959E-2 1.33626E-2 -9999 -9999 7.52064E-4 3.17272E-4 2.59484E-4 2.68368E-4 5.64362E-4 2.80876E-4 1.03864E-4 4.98311E-5 3.82965E-5 2.9057E-5 1.44105E-5 3.13194E-5 3.27753E-5 1.18757E-5 4.11944E-5 3.653E-5 7.76555E-5 6.34439E-5 3.82584E-5 3.31015E-5 4.82255E-5 3.96329E-5
1.77804E-3 1.53788E-2 7.78765E-3 9.06038E-3 6.09819E-3 1.46044E-2 1.46148E-3 1.48595E-4 5.04403E-5 1.2861E-5 2.26518E-5 2.61204E-4 9.09714E-4 9.381E-4 1.6231E-3 2.24553E-2 1.2209E-2 1.1913E-2 2.9449E-2 5.37054E-2 1.29193E-1 -9999 -9999 -9999 -9999 -9999 -9999 -9999 -9999 -9999 4.52209E-3 7.51391E-3 1.25638E-2 -9999 -9999 1.18985E-2 1.53328E-2 7.40995E-3 4.67926E-3 8.08448E-3 1.37614E-2 2.62317E-2 1.50319E-2 -9999 6.58972E-3 7.09632E-4 5.65726E-4 1.01057E-3 7.36003E-4 2.43749E-4 8.6105E-5 2.52558E-5 1.85297E-5 2.96827E-5 2.22909E-5 1.68107E-5 1.86908E-5 3.20917E-5 1.37642E-5 2.44365E-5 3.38752E-5 5.35208E-5 5.06778E-5 5.65301E-5 4.85631E-5 4.94814E-5 6.01887E-5
7.54777E-3 8.47356E-3 2.24084E-3 4.20141E-3 1.86755E-3 2.7139E-3 2.10179E-3 1.43981E-4 1.96516E-5 6.50189E-6 3.49556E-5 6.88533E-4 2.74452E-3 4.53771E-3 4.99257E-3 2.74202E-2 2.91082E-2 1.82866E-2 6.3596E-2 1.13722E-1 -9999 -9999 -9999 -9999 -9999 -9999 -9999 -9999 -9999 -9999 7.09662E-3 3.13359E-3 5.525E-3 9.06065E-3 -9999 9.27474E-3 6.718E-3 8.74979E-3 6.04203E-3 1.51974E-2 1.76843E-2 2.93599E-2 1.25017E-2 1.15925E-2 7.61402E-3 2.61769E-3 1.37866E-3 4.9206E-4 1.84528E-4 8.49757E-5 4.34856E-5 1.52982E-5 2.51029E-5 3.88935E-5 2.97937E-5 2.49318E-5 2.80331E-5 4.06462E-5 2.62621E-5 4.66124E-5 4.18509E-5 6.21862E-5 4.84448E-5 6.59492E-5 5.14854E-5 5.91164E-5 7.35393E-5
2.93585E-2 2.65717E-2 5.13547E-3 1.80344E-2 4.31713E-3 8.28648E-4 1.98866E-4 2.99106E-5 3.56522E-5 1.42583E-5 6.87552E-5 1.31282E-3 8.33466E-3 1.63933E-2 2.48111E-2 2.6695E-2 3.44182E-2 5.36475E-2 6.40719E-2 -9999 -9999 -9999 -9999 -9999 -9999 -9999 -9999 1.64942E-2 1.87479E-2 1.5013E-2 8.94812E-3 2.65189E-3 2.703E-3 3.85248E-3 4.22379E-3 5.08701E-3 5.17138E-3 4.67585E-3 1.52743E-2 1.40276E-2 1.66906E-2 3.07624E-2 1.40774E-2 1.21164E-2 7.12289E-3 2.61504E-3 6.45074E-4 4.93258E-4 2.3394E-4 2.51528E-5 2.69879E-5 1.91635E-5 1.57373E-5 2.35678E-5 2.36556E-5 2.32609E-5 3.02811E-5 3.02146E-5 4.24348E-5 2.4509E-5 2.06285E-5 3.65944E-5 4.37724E-5 3.68826E-5 3.87039E-5 8.04538E-5 8.38827E-5
-9999 -9999 1.27936E-2 2.73279E-2 5.27246E-3 4.22192E-4 3.99873E-5 1.6377E-5 1.13419E-4 3.92828E-5 1.0346E-3 8.91022E-3 1.49212E-2 4.80571E-2 6.77928E-2 2.77326E-2 4.3641E-2 5.59449E-2 -9999 -9999 -9999 -9999 -9999 -9999 -9999 -9999 -9999 3.80498E-2 3.15436E-2 3.32656E-2 3.32198E-2 1.31066E-2 -9999 3.51876E-3 4.76102E-3 7.4029E-3 7.063E-3 1.31201E-2 8.16899E-3 1.3741E-2 1.50024E-2 2.55079E-2 1.89178E-2 8.9466E-3 2.07448E-3 1.37059E-3 4.95889E-4 4.53154E-4 6.24025E-4 1.07717E-4 4.79268E-5 2.09762E-5 2.7912E-5 3.03871E-5 6.03331E-5 1.55565E-5 1.87885E-5 2.89606E-5 2.4909E-5 2.18917E-5 3.09905E-5 3.92387E-5 2.27197E-5 3.7015E-5 3.98978E-5 5.8915E-5 4.86779E-5
-9999 -9999 7.35288E-3 1.06818E-2 1.37179E-3 2.85058E-4 7.83812E-5 1.68537E-5 1.53087E-4 7.05296E-4 2.1451E-3 5.71253E-3 6.3775E-3 1.38748E-2 4.12347E-2 5.31127E-2 -9999 -9999 -9999 -9999 -9999 -9999 -9999 -9999 -9999 -9999 -9999 -9999 3.6526E-2 4.55996E-2 -9999 -9999 -9999 5.82153E-3 -9999 -9999 1.21363E-2 1.46163E-2 1.16162E-2 -9999 -9999 -9999 1.91446E-2 3.52815E-3 1.02951E-3 1.04376E-3 6.35547E-4 9.72974E-4 4.16747E-4 3.68113E-4 6.20618E-5 6.34572E-5 4.95376E-5 7.24828E-5 6.84957E-5 2.01823E-5 1.91441E-5 1.36829E-5 1.96367E-5 2.80532E-5 4.21931E-5 1.85506E-5 2.51264E-5 3.35164E-5 3.90844E-5 4.47592E-5 4.52657E-5
-9999 -9999 -9999 1.31974E-2 2.89413E-3 1.48747E-4 3.51377E-5 1.04778E-5 6.59589E-5 3.66502E-4 9.41267E-4 4.38208E-4 1.83417E-3 1.16626E-2 5.17983E-2 1.36047E-1 -9999 -9999 -9999 -9999 -9999 -9999 -9999 -9999 -9999 -9999 -9999 -9999 -9999 -9999 -9999 -9999 -9999 -9999 -9999 -9999 -9999 -9999 -9999 -9999 -9999 -9999 1.02781E-2 7.22328E-3 1.97915E-3 3.26273E-3 2.59234E-3 1.32898E-3 6.44917E-4 7.95661E-4 2.74413E-4 7.62082E-4 4.32698E-4 3.96147E-4 9.12246E-5 3.01755E-5 2.38711E-5 1.7192E-5 4.11922E-5 1.81782E-5 1.80451E-5 2.55497E-5 4.8836E-5 2.69383E-5 2.3763E-5 4.44938E-5 4.5028E-5
