ENM/Final_Models/M_1_F_lqp_Set_1_EC/Gustavia_santanderiensis_9_Choco_clamping.asc
ncols         367
nrows         963
xllcorner     -78.6
yllcorner     0.65
cellsize      0.00833333333333323
NODATA_value  -9999
[rows 403 to 433 of 963, columns 140 to 209 of 367]
-9999 -9999 -9999 -9999 -9999 -9999 -9999 -9999 -9999 -9999 -9999 1.69302E-1 4.7607E-1 4.6835E-1 1.98135E-1 1.86891E-1 1.98883E-1 2.2544E-1 4.6335E-3 7.0418E-3 5.23824E-3 4.55281E-4 0E0 0E0 0E0 0E0 0E0 0E0 5.33216E-4 4.20798E-3 2.22335E-1 4.79412E-1 3.05704E-1 2.67902E-1 4.79392E-1 6.96442E-1 6.80753E-1 5.18964E-1 5.19274E-1 5.24858E-1 2.78531E-1 1.77296E-1 7.5156E-2 2.07062E-1 1.85114E-1 2.02416E-1 3.50341E-1 2.40325E-1 2.04392E-1 1.96146E-1 6.4595E-1 4.11139E-1 2.68895E-1 4.56433E-1 9.14485E-1 8.97234E-1 9.23235E-1 5.92496E-1 2.11796E-1 4.27702E-1 4.34855E-1 4.17384E-1 9.11959E-1 8.95537E-1 8.49799E-1 8.92839E-1 7.57289E-1 7.82332E-1 8.03303E-1 7.81292E-1
-9999 -9999 -9999 -9999 -9999 -9999 -9999 -9999 -9999 -9999 -9999 2.76388E-1 4.0327E-1 4.98794E-1 5.32638E-1 2.02527E-1 1.32734E-2 1.30606E-2 3.68372E-3 4.61854E-3 4.41222E-3 3.12914E-4 0E0 0E0 0E0 0E0 0E0 0E0 6.91462E-4 1.10074E-2 4.97804E-1 4.9934E-1 3.10532E-1 2.80077E-1 3.26402E-1 4.77935E-1 4.79584E-1 2.40453E-1 2.86224E-1 3.06461E-1 2.19225E-1 3.02337E-1 2.60421E-1 2.33641E-1 2.49143E-1 2.04804E-1 2.03741E-1 1.93983E-1 2.89647E-1 3.10649E-1 4.08385E-1 3.99779E-1 1.67932E-1 1.54503E-1 3.59144E-1 6.0532E-1 5.08808E-1 5.23114E-1 6.26185E-1 5.76529E-1 9.07321E-1 8.67662E-1 9.11177E-1 9.17418E-1 8.98653E-1 9.39808E-1 9.45031E-1 9.41244E-1 9.30233E-1 9.03419E-1
-9999 -9999 -9999 -9999 -9999 -9999 -9999 -9999 -9999 -9999 -9999 4.4155E-1 4.92451E-1 6.65802E-1 5.57462E-1 5.38262E-1 1.08479E-1 1.40996E-2 5.47884E-3 4.78033E-3 5.01003E-3 2.97329E-4 0E0 0E0 0E0 0E0 0E0 0E0 2.12968E-3 2.12159E-1 5.09948E-1 4.79006E-1 4.98011E-1 3.1973E-1 3.04359E-1 3.05586E-1 5.18091E-1 3.11159E-1 3.22305E-1 1.81749E-1 2.62032E-1 2.90548E-1 4.2625E-1 5.25573E-1 4.88644E-1 4.73625E-1 1.83202E-1 3.11372E-1 4.42088E-1 4.28552E-1 2.6408E-1 2.52664E-1 1.48583E-1 7.03341E-2 2.49466E-1 5.1418E-1 6.102E-1 6.01157E-1 6.32854E-1 6.37079E-1 6.05077E-1 8.93309E-1 9.40791E-1 9.38014E-1 9.17881E-1 9.36218E-1 9.54679E-1 9.44829E-1 5.69857E-1 9.04671E-1
-9999 -9999 -9999 -9999 -9999 -9999 -9999 -9999 -9999 -9999 -9999 4.88664E-1 5.01888E-1 4.99489E-1 3.94262E-1 5.29208E-1 1.26345E-1 1.24171E-2 5.36561E-3 4.3703E-3 1.68048E-3 1.35725E-4 0E0 0E0 0E0 0E0 0E0 3.15748E-5 4.6936E-3 4.85237E-1 4.76472E-1 2.81132E-1 2.87651E-1 2.61962E-1 2.11776E-1 3.20993E-1 5.22051E-1 4.82076E-1 2.97791E-1 3.1901E-1 2.98574E-1 3.11447E-1 3.50593E-1 5.11431E-1 6.67639E-1 4.92406E-1 2.32634E-1 3.05216E-1 2.98227E-1 6.71054E-1 3.17608E-1 3.71044E-1 1.74803E-1 2.58879E-1 2.64664E-1 4.22634E-1 5.40523E-1 4.83262E-1 5.41231E-1 6.25921E-1 5.91098E-1 8.99179E-1 9.50893E-1 9.41702E-1 8.91951E-1 8.8435E-1 9.52358E-1 9.46326E-1 5.72875E-1 8.99473E-1
-9999 -9999 -9999 -9999 -9999 -9999 -9999 -9999 -9999 -9999 -9999 4.75986E-1 4.27272E-1 3.82076E-1 7.44408E-1 4.74112E-1 1.28184E-1 9.07583E-3 6.72441E-3 6.05074E-3 1.03637E-3 0E0 0E0 0E0 0E0 0E0 0E0 0E0 5.18696E-3 1.72383E-1 6.54629E-1 5.01284E-1 4.81139E-1 5.14793E-1 3.26204E-1 5.18561E-1 3.94472E-1 4.96032E-1 3.09827E-1 2.03426E-1 4.68195E-1 2.48129E-1 4.69095E-1 4.73574E-1 3.34737E-1 5.23277E-1 4.7607E-1 5.07758E-1 4.83878E-1 4.32786E-1 3.68724E-1 2.85442E-1 1.63008E-1 1.93175E-1 3.27798E-1 3.65303E-1 5.29583E-1 6.61875E-1 6.21442E-1 2.62723E-1 6.46701E-1 9.14412E-1 9.31433E-1 9.49823E-1 9.28161E-1 8.81822E-1 9.16258E-1 9.50914E-1 9.30934E-1 9.17556E-1
-9999 -9999 -9999 -9999 -9999 -9999 -9999 -9999 -9999 -9999 -9999 4.0756E-1 7.98904E-1 7.8443E-1 8.63434E-1 7.51373E-1 7.98149E-2 2.73905E-3 1.45099E-2 1.04977E-2 1.56671E-3 1.04583E-4 0E0 0E0 0E0 0E0 0E0 0E0 5.81415E-3 6.89355E-1 5.61097E-1 6.91363E-1 7.02909E-1 5.25335E-1 5.20415E-1 6.82475E-1 5.50883E-1 5.03039E-1 2.41799E-1 3.59567E-1 5.25845E-1 5.1178E-1 7.09122E-1 7.22629E-1 6.83055E-1 6.3248E-1 5.07374E-1 2.0715E-1 5.12851E-1 6.28855E-1 6.19828E-1 6.69255E-1 4.59946E-1 3.85078E-1 2.17289E-1 3.85522E-1 2.42775E-1 6.39278E-1 5.64744E-1 3.08559E-1 3.25415E-1 6.57971E-1 9.39046E-1 9.49457E-1 9.49634E-1 9.15442E-1 9.28143E-1 9.14218E-1 9.15843E-1 9.35798E-1
-9999 -9999 -9999 -9999 -9999 -9999 -9999 -9999 -9999 -9999 -9999 2.30848E-1 5.24872E-1 6.89195E-1 1.1521E-1 1.45185E-1 1.62365E-1 6.6428E-3 2.3315E-1 2.10359E-1 1.14978E-2 7.15496E-3 4.2323E-3 1.95873E-3 1.57126E-4 0E0 2.20722E-4 9.15612E-4 4.06787E-3 6.82604E-1 5.16399E-1 3.0022E-1 5.00332E-1 5.34313E-1 6.9429E-1 6.87355E-1 7.00911E-1 5.33368E-1 2.33733E-1 2.31235E-1 5.23921E-1 3.31691E-1 4.85195E-1 9.07257E-1 9.02521E-1 6.81442E-1 7.10471E-1 2.90514E-1 3.09129E-1 4.38416E-1 1.5465E-1 9.98525E-2 5.40235E-1 2.29011E-1 1.75895E-1 3.67054E-1 6.2399E-1 4.16454E-1 4.03987E-1 4.27812E-1 1.48946E-1 3.58601E-1 9.22326E-1 9.16809E-1 9.0683E-1 9.15092E-1 4.47751E-1 4.55265E-1 8.55328E-1 9.41768E-1
-9999 -9999 -9999 -9999 -9999 -9999 -9999 -9999 -9999 -9999 -9999 4.28399E-1 7.34363E-1 4.72447E-1 9.83561E-2 2.28577E-1 1.29953E-2 1.27853E-2 2.31052E-1 2.04879E-1 7.75365E-3 5.84873E-3 1.05953E-2 3.65705E-3 8.35685E-4 2.41385E-4 9.29396E-4 7.27134E-3 1.60344E-1 4.77907E-1 5.12182E-1 3.09881E-1 5.23266E-1 5.16929E-1 6.86498E-1 5.09672E-1 5.34359E-1 2.83743E-1 2.88022E-1 5.29908E-1 3.28664E-1 6.73966E-1 6.7814E-1 9.11101E-1 9.5177E-1 8.55434E-1 5.85941E-1 4.70965E-1 5.22756E-1 1.75787E-1 2.30138E-1 2.2638E-1 2.70382E-1 2.19686E-1 3.78428E-1 6.16118E-2 2.80878E-1 3.35438E-1 4.24566E-1 4.29138E-1 2.92106E-1 5.83589E-1 9.04507E-1 5.48552E-1 5.77871E-1 8.8509E-1 9.22143E-1 9.08135E-1 8.98689E-1 9.50416E-1
-9999 -9999 -9999 -9999 -9999 -9999 -9999 -9999 -9999 -9999 -9999 3.96992E-1 6.03057E-1 4.16841E-1 3.67893E-1 1.80054E-1 7.06405E-3 9.35324E-3 2.35769E-1 7.10939E-3 3.2433E-3 1.1012E-3 2.30781E-3 2.85746E-3 6.56249E-4 5.3743E-4 1.93133E-3 5.41033E-3 2.01837E-1 5.23377E-1 5.14357E-1 3.27754E-1 2.95274E-1 2.73847E-1 5.10604E-1 6.82199E-1 6.78008E-1 6.38891E-1 4.10303E-1 4.82364E-1 5.54097E-1 5.33515E-1 6.56308E-1 8.19964E-1 9.17448E-1 8.84462E-1 4.97252E-1 3.17697E-1 4.41621E-1 1.56313E-1 2.29029E-1 3.04124E-1 2.19593E-1 2.12765E-1 2.14513E-1 3.16569E-1 8.81748E-1 6.93849E-1 6.82162E-1 2.85329E-1 1.81862E-1 5.47776E-1 6.26418E-1 5.89532E-1 5.89143E-1 9.42878E-1 9.11116E-1 4.50724E-1 9.21651E-1 9.49415E-1
-9999 -9999 -9999 -9999 -9999 -9999 -9999 -9999 -9999 -9999 -9999 5.16332E-1 2.23099E-1 1.25842E-1 4.59245E-1 2.06906E-1 7.24297E-3 1.98889E-1 1.32516E-2 7.15046E-3 4.58588E-3 1.2496E-3 7.80324E-4 5.6886E-4 1.69349E-4 1.81321E-3 2.33531E-3 1.14256E-2 5.23675E-1 5.24903E-1 3.20014E-1 2.4882E-1 1.1071E-1 1.78476E-1 3.28265E-1 5.22421E-1 6.92479E-1 4.68559E-1 2.76322E-1 3.53703E-1 3.97597E-1 5.08818E-1 9.08974E-1 8.80714E-1 6.28321E-1 8.70046E-1 5.83884E-1 3.04951E-1 4.19085E-1 4.74225E-1 9.57379E-2 2.92345E-1 1.79872E-1 1.44198E-1 1.40046E-1 3.41949E-1 8.95727E-1 1.92191E-1 5.02274E-1 2.00481E-1 1.76807E-1 5.48446E-1 1.44978E-1 1.84569E-1 1.71784E-1 5.52809E-1 9.16911E-1 6.4536E-1 9.0293E-1 9.48273E-1
-9999 -9999 -9999 -9999 -9999 -9999 -9999 -9999 -9999 -9999 -9999 1.93071E-1 2.19642E-1 5.23402E-1 5.3441E-1 5.01285E-1 1.51512E-1 2.0777E-1 1.4211E-2 6.17215E-3 7.4356E-3 4.13682E-3 4.81822E-3 2.93695E-3 6.57434E-4 5.62621E-4 1.86761E-3 1.34546E-1 4.91946E-1 6.68133E-1 4.71129E-1 2.48913E-1 2.12923E-1 2.59889E-1 3.38072E-1 5.36734E-1 5.47782E-1 5.25767E-1 5.03807E-1 5.21079E-1 5.55034E-1 5.37665E-1 8.99101E-1 9.16593E-1 8.92973E-1 8.97177E-1 6.55199E-1 4.30349E-1 6.20303E-1 3.04966E-1 1.82692E-1 3.74833E-1 3.55623E-1 2.58781E-1 9.99905E-2 4.2131E-1 5.97106E-1 3.1983E-1 3.13001E-1 1.84177E-1 2.73073E-1 6.35983E-1 2.06419E-1 5.39433E-1 5.9656E-1 5.6668E-1 9.03584E-1 9.23485E-1 9.21665E-1 9.41913E-1
-9999 -9999 -9999 -9999 -9999 -9999 -9999 -9999 -9999 -9999 -9999 1.82559E-1 2.06208E-1 2.19251E-1 2.31562E-1 3.92221E-1 6.08336E-1 2.20936E-1 2.05937E-1 1.67967E-1 1.89915E-1 8.33712E-3 1.55449E-1 1.62197E-1 1.45669E-1 5.57014E-3 4.67829E-3 2.04491E-1 7.84385E-1 6.38432E-1 5.23987E-1 3.10055E-1 2.93231E-1 2.95161E-1 5.30525E-1 3.96576E-1 5.20483E-2 3.88184E-1 5.41761E-1 5.41195E-1 5.45602E-1 5.37148E-1 6.42207E-1 9.32923E-1 6.66792E-1 7.52634E-1 7.02089E-1 6.90434E-1 6.68177E-1 7.25557E-1 4.5816E-1 5.15501E-1 5.40422E-1 2.65846E-1 2.70707E-1 7.00007E-1 9.06479E-1 3.80769E-1 3.81371E-1 2.71737E-1 5.66574E-1 9.38835E-1 9.26572E-1 1.66783E-1 1.43342E-1 1.93836E-1 9.07642E-1 8.93323E-1 9.47077E-1 9.52193E-1
-9999 -9999 -9999 -9999 -9999 -9999 -9999 -9999 -9999 -9999 -9999 -9999 7.8971E-1 4.53347E-1 1.59583E-1 5.40019E-1 7.75886E-1 4.36615E-1 1.73473E-1 1.24221E-1 1.10519E-2 1.71787E-1 4.37196E-1 4.80736E-1 4.20516E-1 7.42986E-1 7.41151E-1 1.96877E-1 4.14128E-1 5.53927E-1 6.00347E-1 4.90973E-1 5.13794E-1 5.44279E-1 7.0179E-1 7.06572E-1 3.9937E-1 3.39525E-1 5.35932E-1 5.27726E-1 7.05617E-1 9.33417E-1 8.73149E-1 9.0778E-1 7.80367E-1 7.82745E-1 5.4918E-1 9.1125E-1 7.14103E-1 8.55638E-1 5.23411E-1 6.0621E-1 6.84094E-1 2.39207E-1 1.16452E-1 3.07802E-1 6.83349E-1 4.45282E-1 3.84509E-1 1.8546E-1 1.6827E-1 8.81876E-1 7.2037E-1 4.08676E-1 4.92014E-1 6.79208E-1 6.98594E-1 4.50279E-1 9.18474E-1 9.19193E-1
-9999 -9999 -9999 -9999 -9999 -9999 -9999 -9999 -9999 -9999 -9999 -9999 5.03631E-1 4.32689E-1 3.87915E-1 6.72446E-1 5.1477E-1 8.38968E-1 7.88401E-1 7.51925E-1 7.28336E-1 7.06819E-1 1.65504E-1 1.93457E-1 7.59774E-1 8.41336E-1 8.15851E-1 8.50419E-1 8.91413E-1 5.7384E-1 4.15013E-1 4.78991E-1 5.46768E-1 5.43189E-1 5.51114E-1 5.40624E-1 5.41964E-1 5.08569E-1 4.73195E-1 4.06735E-1 6.81919E-1 6.70185E-1 7.00696E-1 8.73279E-1 7.28761E-1 6.35656E-1 4.87722E-1 7.17739E-1 9.11808E-1 6.29805E-1 5.09102E-1 5.79943E-1 5.36911E-1 5.07297E-1 4.24228E-1 6.73689E-1 2.91645E-1 3.44687E-1 2.11853E-1 3.24373E-1 1.82157E-1 8.97278E-1 8.85113E-1 5.08852E-1 5.26971E-1 3.81867E-1 2.90812E-1 6.38503E-1 6.95859E-1 9.45941E-1
-9999 -9999 -9999 -9999 -9999 -9999 -9999 -9999 -9999 -9999 -9999 -9999 -9999 1.64872E-1 3.26162E-1 4.9549E-1 4.74172E-1 5.6061E-1 5.49703E-1 8.50015E-1 8.81704E-1 8.83307E-1 1.50354E-1 1.38153E-1 7.44983E-1 8.49921E-1 8.8518E-1 8.92899E-1 9.03389E-1 8.92993E-1 6.6733E-1 4.93422E-1 5.51385E-1 5.33377E-1 5.49613E-1 5.60847E-1 5.18676E-1 6.61944E-1 5.69928E-1 5.23645E-1 6.76239E-1 5.05627E-1 7.09846E-1 6.90183E-1 7.61325E-1 5.55695E-1 5.59146E-1 6.99865E-1 8.86558E-1 5.86599E-1 5.94363E-1 4.60437E-1 6.91725E-1 4.52732E-1 4.41631E-1 5.28296E-1 4.87727E-1 4.31243E-1 1.77429E-1 8.68097E-2 6.77287E-1 9.38299E-1 5.75515E-1 6.45593E-1 7.205E-1 9.26762E-1 9.17399E-1 6.12569E-1 6.29646E-1 9.24609E-1
-9999 -9999 -9999 -9999 -9999 -9999 -9999 -9999 -9999 -9999 -9999 -9999 -9999 1.845E-1 2.00014E-1 1.68213E-1 4.86441E-1 5.88427E-1 3.17835E-1 8.00941E-1 7.24764E-1 7.4408E-1 7.20216E-1 1.43936E-1 7.55259E-1 8.70191E-1 8.5147E-1 8.88706E-1 6.55539E-1 5.99984E-1 8.40848E-1 6.70363E-1 5.54035E-1 4.42609E-1 5.34045E-1 6.97898E-1 5.42478E-1 6.89554E-1 5.4756E-1 5.0266E-1 4.97791E-1 5.18325E-1 6.52382E-1 6.02315E-1 7.01757E-1 5.52443E-1 7.01791E-1 7.09016E-1 6.98326E-1 8.28158E-1 9.05974E-1 5.29042E-1 9.14707E-1 6.10766E-1 3.18804E-1 6.42272E-1 5.44143E-1 4.21714E-1 2.66208E-1 6.08507E-1 9.25092E-1 9.15716E-1 2.37385E-1 6.59753E-1 9.278E-1 9.23523E-1 9.30069E-1 6.52579E-1 7.09984E-1 8.95991E-1
-9999 -9999 -9999 -9999 -9999 -9999 -9999 -9999 -9999 -9999 -9999 -9999 -9999 1.6269E-1 6.39467E-2 6.82945E-2 1.78454E-1 3.26747E-1 3.94237E-1 8.16121E-1 8.2805E-1 6.78139E-1 7.09917E-1 7.5194E-1 7.71132E-1 8.92719E-1 8.91368E-1 9.02843E-1 6.42244E-1 6.16129E-1 8.96222E-1 6.22094E-1 6.49633E-1 5.55253E-1 5.4832E-1 6.99709E-1 5.4692E-1 5.4724E-1 5.41915E-1 6.68897E-1 6.85631E-1 4.14617E-1 6.29629E-1 7.17312E-1 7.24448E-1 7.22867E-1 7.01371E-1 7.36024E-1 7.19737E-1 9.14024E-1 6.38036E-1 6.18503E-1 6.5216E-1 5.72051E-1 2.12244E-1 4.71025E-1 2.16275E-1 1.36093E-1 2.09753E-1 2.25275E-1 5.62609E-1 9.197E-1 6.85418E-1 6.16773E-1 6.79571E-1 6.81139E-1 9.27665E-1 9.3159E-1 9.42233E-1 8.89853E-1
-9999 -9999 -9999 -9999 -9999 -9999 -9999 -9999 -9999 -9999 -9999 -9999 -9999 -9999 1.55646E-1 1.86767E-1 1.88123E-1 2.52649E-1 6.38891E-1 5.38164E-1 5.37379E-1 8.58373E-1 8.70078E-1 8.50743E-1 8.55972E-1 8.68408E-1 8.72059E-1 8.95477E-1 6.48487E-1 8.44463E-1 8.38468E-1 6.80918E-1 3.88E-1 5.00846E-1 4.92333E-1 5.46413E-1 5.54533E-1 5.14124E-1 6.81245E-1 7.02263E-1 7.12667E-1 6.64523E-1 7.01276E-1 7.06922E-1 7.27798E-1 7.38543E-1 7.59221E-1 9.00483E-1 8.84582E-1 7.15755E-1 6.96788E-1 6.87491E-1 4.35425E-1 3.53856E-1 3.08647E-1 4.26289E-1 3.05284E-1 1.78285E-1 5.73803E-1 5.7763E-1 6.1673E-1 6.79599E-1 6.98284E-1 6.33324E-1 9.32603E-1 9.29831E-1 9.15464E-1 9.3049E-1 9.50356E-1 9.5121E-1
-9999 -9999 -9999 -9999 -9999 -9999 -9999 -9999 -9999 -9999 -9999 -9999 -9999 -9999 2.12802E-1 1.30286E-2 1.35492E-2 1.63888E-1 2.21851E-1 2.29092E-1 1.48089E-1 5.37104E-1 7.61386E-1 7.22196E-1 5.06426E-1 5.48997E-1 6.75127E-1 6.82955E-1 7.04044E-1 7.02882E-1 7.99606E-1 5.4345E-1 2.75487E-1 4.87234E-1 5.49012E-1 6.92951E-1 7.0249E-1 5.29045E-1 5.15985E-1 4.51202E-1 4.26851E-1 5.25905E-1 4.51194E-1 4.59989E-1 7.22866E-1 8.99512E-1 9.01745E-1 9.12406E-1 9.0425E-1 8.94895E-1 9.00115E-1 7.54607E-1 2.91505E-1 2.43903E-1 4.05515E-1 3.70499E-1 4.00501E-1 1.55557E-1 5.25813E-1 5.26316E-1 9.10706E-1 5.72848E-1 9.44481E-1 4.99626E-1 9.53259E-1 9.49826E-1 9.33903E-1 9.5128E-1 9.55684E-1 9.50399E-1
-9999 -9999 -9999 -9999 -9999 -9999 -9999 -9999 -9999 -9999 -9999 -9999 -9999 -9999 9.09483E-3 1.94457E-1 5.05857E-1 5.04116E-1 5.17714E-1 4.91352E-1 2.09373E-1 2.08957E-1 4.25915E-1 6.20351E-1 4.0714E-1 6.18198E-1 7.86063E-1 1.72182E-1 8.34682E-1 3.13193E-1 6.1187E-1 7.03938E-1 5.50972E-1 6.93255E-1 7.09223E-1 8.5765E-1 6.78679E-1 7.12778E-1 5.65025E-1 4.59883E-1 4.72647E-1 7.24624E-1 5.59152E-1 4.68228E-1 7.01264E-1 8.92662E-1 8.83561E-1 9.09776E-1 9.09889E-1 6.46754E-1 4.71607E-1 4.98483E-1 3.61332E-1 4.38225E-1 2.42885E-1 3.11989E-1 2.67557E-1 2.4129E-1 9.20033E-1 9.22388E-1 6.44094E-1 6.609E-1 9.37782E-1 6.4667E-1 9.43902E-1 9.21248E-1 9.25801E-1 9.10453E-1 9.60661E-1 9.55957E-1
-9999 -9999 -9999 -9999 -9999 -9999 -9999 -9999 -9999 -9999 -9999 -9999 -9999 -9999 -9999 5.10884E-1 6.04153E-1 4.81828E-1 4.9229E-1 4.29367E-1 3.79332E-1 2.01738E-1 4.48833E-1 5.85747E-1 3.31455E-1 5.991E-1 6.12373E-1 6.08565E-1 6.39361E-1 8.79659E-1 8.00848E-1 6.92864E-1 7.15078E-1 5.58688E-1 3.54132E-1 5.20687E-1 8.87596E-1 8.76016E-1 7.1219E-1 3.5867E-1 3.69072E-1 2.92957E-1 4.68341E-1 4.88541E-1 6.06842E-1 6.35994E-1 6.48519E-1 8.72982E-1 8.7549E-1 4.25036E-1 5.43485E-1 4.0981E-1 4.91842E-1 5.22399E-1 3.07113E-1 5.262E-1 4.89252E-1 5.44719E-1 9.02491E-1 9.21723E-1 9.09856E-1 9.5448E-1 9.33878E-1 9.39727E-1 9.27695E-1 9.43575E-1 9.29877E-1 9.46882E-1 8.7887E-1 9.18786E-1
-9999 -9999 -9999 -9999 -9999 -9999 -9999 -9999 -9999 -9999 -9999 -9999 -9999 -9999 -9999 5.27489E-1 5.11014E-1 2.09445E-1 3.97137E-1 3.95477E-1 4.38728E-1 6.67692E-1 1.97811E-1 1.81907E-1 3.40849E-1 5.76931E-1 5.55558E-1 6.50905E-1 7.86131E-1 8.52565E-1 8.81287E-1 7.00062E-1 7.35423E-1 7.04289E-1 7.02027E-1 7.10959E-1 8.57444E-1 6.49264E-1 4.85829E-1 2.13796E-1 3.32998E-1 3.50641E-1 6.54221E-1 7.29526E-1 9.3021E-1 8.91899E-1 8.78393E-1 9.40419E-1 9.34323E-1 4.45101E-1 3.99351E-1 4.20897E-1 2.59261E-1 3.14613E-1 6.04167E-1 4.82638E-1 4.77986E-1 4.7985E-1 9.18026E-1 5.93275E-1 6.614E-1 5.544E-1 9.3713E-1 9.36758E-1 9.31032E-1 9.55178E-1 9.57547E-1 9.54531E-1 9.2208E-1 8.88192E-1
-9999 -9999 -9999 -9999 -9999 -9999 -9999 -9999 -9999 -9999 -9999 -9999 -9999 -9999 -9999 4.19024E-1 2.04404E-1 1.46297E-1 4.31899E-1 4.21667E-1 2.3352E-1 2.86282E-1 2.25114E-1 1.40912E-2 1.56847E-1 4.92963E-1 6.11147E-1 3.72227E-1 6.44755E-1 7.66618E-1 8.87779E-1 6.88166E-1 6.64145E-1 7.193E-1 7.45117E-1 7.18828E-1 7.03254E-1 8.95821E-1 6.89596E-1 3.95625E-1 2.32722E-1 5.13132E-1 9.05436E-1 9.27098E-1 9.24583E-1 9.083E-1 9.42303E-1 9.39879E-1 9.42707E-1 4.37218E-1 4.02257E-1 4.11955E-1 2.96921E-1 3.88279E-1 4.33204E-1 3.44843E-1 5.30279E-1 4.84416E-1 9.07595E-1 4.88947E-1 5.54285E-1 6.22618E-1 5.69732E-1 9.23687E-1 8.95046E-1 8.83326E-1 9.56287E-1 9.53737E-1 9.07774E-1 9.07196E-1
-9999 -9999 -9999 -9999 -9999 -9999 -9999 -9999 -9999 -9999 -9999 -9999 -9999 -9999 -9999 5.1203E-1 5.10732E-1 4.24317E-1 4.52254E-1 4.90216E-1 4.79096E-1 2.35541E-1 2.11372E-1 1.48277E-2 1.67963E-1 2.65449E-1 4.06084E-1 3.28664E-1 5.6022E-1 5.75675E-1 5.57194E-1 6.49724E-1 6.80208E-1 8.70551E-1 6.93284E-1 7.43342E-1 7.0744E-1 6.84434E-1 7.47348E-1 7.07162E-1 7.00939E-1 6.99287E-1 8.8877E-1 9.3916E-1 7.62947E-1 9.0761E-1 9.00284E-1 9.02148E-1 9.36883E-1 6.58691E-1 3.27798E-1 4.62634E-1 3.27213E-1 4.32937E-1 6.00877E-1 4.04912E-1 5.46322E-1 8.9802E-1 9.21155E-1 5.87692E-1 6.54323E-1 6.47059E-1 4.66079E-1 9.27693E-1 6.53806E-1 8.59078E-1 9.46353E-1 9.24239E-1 8.97034E-1 8.76233E-1
-9999 -9999 -9999 -9999 -9999 -9999 -9999 -9999 -9999 -9999 -9999 -9999 -9999 -9999 -9999 2.08227E-1 4.93776E-1 4.92605E-1 5.16282E-1 7.82741E-1 6.36935E-1 5.85426E-1 6.08929E-1 2.20426E-1 6.17553E-1 5.40209E-1 6.24875E-1 4.36095E-1 6.27523E-1 8.9512E-1 6.08305E-1 9.25241E-1 6.75818E-1 8.75815E-1 6.72126E-1 6.86642E-1 7.09276E-1 5.40622E-1 4.84009E-1 6.63064E-1 8.92186E-1 8.81141E-1 7.39254E-1 9.10352E-1 6.83975E-1 8.83941E-1 8.93776E-1 8.88711E-1 9.17314E-1 5.9148E-1 5.07485E-1 3.80304E-1 3.79962E-1 3.37822E-1 6.26774E-1 4.91524E-1 4.67377E-1 9.08658E-1 9.35527E-1 6.83533E-1 7.17835E-1 7.16088E-1 4.71168E-1 9.13834E-1 9.35631E-1 9.23062E-1 9.30726E-1 9.21008E-1 9.25233E-1 9.18486E-1
-9999 -9999 -9999 -9999 -9999 -9999 -9999 -9999 -9999 -9999 -9999 -9999 -9999 -9999 -9999 2.03023E-2 1.99472E-1 4.42385E-1 2.02012E-1 1.25616E-1 7.71121E-1 1.92193E-1 6.52901E-1 6.85683E-1 6.04618E-1 6.34906E-1 4.48479E-1 5.69417E-1 5.28555E-1 6.07348E-1 8.34706E-1 9.18912E-1 9.10584E-1 8.75571E-1 7.10319E-1 8.86886E-1 6.59549E-1 7.24511E-1 7.24628E-1 6.96557E-1 7.41233E-1 7.39497E-1 7.42835E-1 6.61652E-1 5.25359E-1 9.33424E-1 9.09465E-1 9.43481E-1 8.64706E-1 5.37833E-1 6.83463E-1 5.70476E-1 2.68761E-1 4.78097E-1 4.83083E-1 3.55698E-1 5.99913E-1 7.53754E-1 9.33494E-1 9.28668E-1 9.25666E-1 9.1672E-1 7.84819E-1 6.78076E-1 9.12754E-1 9.27307E-1 9.3649E-1 9.36909E-1 9.16281E-1 8.89336E-1
-9999 -9999 -9999 -9999 -9999 -9999 -9999 -9999 -9999 -9999 -9999 -9999 -9999 -9999 -9999 1.90917E-1 1.89571E-1 2.03857E-1 2.08114E-1 5.19001E-1 7.62058E-1 6.94175E-1 7.02553E-1 4.85458E-1 4.08438E-1 5.49437E-1 2.93781E-1 4.97649E-1 4.28674E-1 5.09874E-1 6.41386E-1 6.38181E-1 8.40349E-1 6.09564E-1 5.34608E-1 7.4553E-1 6.79254E-1 5.72996E-1 7.48581E-1 9.2895E-1 9.30325E-1 9.27914E-1 9.24787E-1 8.83364E-1 5.99344E-1 8.9007E-1 5.96568E-1 6.11548E-1 8.82384E-1 5.75633E-1 7.32514E-1 7.56885E-1 5.92766E-1 6.57872E-1 6.61908E-1 7.11444E-1 7.94407E-1 7.90157E-1 7.23378E-1 9.05279E-1 9.08355E-1 7.46163E-1 7.57634E-1 6.99779E-1 9.35281E-1 9.18848E-1 9.24153E-1 9.18468E-1 9.2033E-1 8.79947E-1
-9999 -9999 -9999 -9999 -9999 -9999 -9999 -9999 -9999 -9999 -9999 -9999 -9999 -9999 1.96249E-1 1.91923E-1 1.98278E-1 1.54241E-1 1.97117E-1 1.87375E-1 4.76674E-1 4.84504E-1 4.79715E-1 1.56963E-1 3.5207E-1 3.40605E-1 3.41757E-1 4.1976E-1 4.4955E-1 5.04832E-1 5.41564E-1 5.17215E-1 4.564E-1 6.78277E-1 5.45941E-1 5.43956E-1 5.6451E-1 7.21439E-1 7.07541E-1 7.21208E-1 7.35266E-1 6.94389E-1 7.20694E-1 6.30102E-1 5.5892E-1 5.13685E-1 6.34614E-1 6.34685E-1 6.19427E-1 8.8901E-1 6.76239E-1 7.07734E-1 7.78217E-1 7.28589E-1 6.89197E-1 9.39667E-1 8.95831E-1 9.18106E-1 7.45971E-1 7.24245E-1 7.15015E-1 7.07462E-1 7.05686E-1 9.24468E-1 8.96754E-1 8.95909E-1 8.88284E-1 9.16863E-1 9.30529E-1 9.28819E-1
-9999 -9999 -9999 -9999 -9999 -9999 -9999 -9999 -9999 -9999 -9999 -9999 -9999 -9999 1.84265E-1 2.031E-1 1.91347E-1 4.7981E-1 4.82522E-1 1.72558E-1 1.70069E-1 4.62219E-1 4.46394E-1 4.27133E-1 4.59682E-1 4.54851E-1 1.48334E-1 2.6949E-1 2.49882E-1 2.98546E-1 1.83343E-1 2.72005E-1 2.38125E-1 4.03063E-1 4.66474E-1 4.42546E-1 4.62563E-1 7.10564E-1 6.98896E-1 7.59265E-1 7.30817E-1 6.83812E-1 6.9163E-1 7.75683E-1 5.56292E-1 3.54358E-1 4.72755E-1 7.14148E-1 5.27647E-1 5.43304E-1 5.88751E-1 5.97947E-1 7.53929E-1 7.46747E-1 7.01568E-1 9.53898E-1 9.09846E-1 7.27647E-1 4.24925E-1 7.55205E-1 7.99415E-1 7.84557E-1 6.52134E-1 9.2961E-1 9.06979E-1 8.78194E-1 9.03066E-1 8.88979E-1 9.12265E-1 9.12354E-1
-9999 -9999 -9999 -9999 -9999 -9999 -9999 -9999 -9999 -9999 -9999 -9999 -9999 -9999 1.82377E-1 1.85487E-2 1.84361E-2 1.85771E-1 1.68988E-1 1.97268E-1 5.06928E-1 4.46681E-1 2.11006E-1 4.52804E-1 4.78292E-1 6.84546E-1 3.10164E-1 2.59612E-1 4.47227E-1 4.51503E-1 4.38046E-1 1.1865E-1 1.40743E-1 4.9293E-1 7.15626E-1 5.17451E-1 6.96508E-1 7.18399E-1 7.27745E-1 7.02927E-1 6.94744E-1 4.17671E-1 5.43123E-1 7.33054E-1 5.36647E-1 4.25884E-1 6.90468E-1 5.00215E-1 4.56388E-1 5.51501E-1 6.70337E-1 9.2253E-1 7.22629E-1 7.89779E-1 5.02651E-1 7.58156E-1 9.15216E-1 9.17855E-1 3.80818E-1 4.08709E-1 3.78769E-1 7.27517E-1 6.30856E-1 9.18461E-1 9.09244E-1 8.86119E-1 8.89945E-1 9.07131E-1 9.46609E-1 9.40016E-1
-9999 -9999 -9999 -9999 -9999 -9999 -9999 -9999 -9999 -9999 -9999 -9999 -9999 -9999 6.64842E-1 1.34319E-1 1.33935E-1 1.64308E-2 1.67925E-1 1.78277E-1 1.85287E-1 4.71279E-1 4.83434E-1 4.21903E-1 7.77597E-1 5.5326E-1 4.28375E-1 2.6772E-1 4.53649E-1 4.28248E-1 3.91045E-1 1.70565E-1 2.22626E-1 4.24337E-1 4.39013E-1 4.5406E-1 5.53914E-1 8.71685E-1 7.57718E-1 5.0059E-1 5.96698E-1 5.89777E-1 7.06978E-1 7.16523E-1 7.23989E-1 5.46289E-1 5.62589E-1 6.87346E-1 6.22287E-1 6.87092E-1 5.91767E-1 7.68058E-1 9.43746E-1 7.84833E-1 7.49789E-1 7.27251E-1 9.34566E-1 9.37942E-1 6.52891E-1 9.03655E-1 7.07692E-1 7.35972E-1 9.22574E-1 9.23332E-1 9.06732E-1 9.09576E-1 9.13427E-1 9.46293E-1 9.3271E-1 9.18188E-1
