ENM/Final_Models/M_1_F_qp_Set_1_EC/Gustavia_santanderiensis_2_Choco.asc
ncols         367
nrows         963
xllcorner     -78.6
yllcorner     0.65
cellsize      0.00833333333333323
NODATA_value  -9999
[rows 840 to 869 of 963, columns 134 to 200 of 367]
-9999 -9999 -9999 4.09736E-2 7.19009E-3 6.51568E-4 1.37609E-4 2.44523E-5 9.86644E-6 1.07194E-4 2.26214E-4 4.46039E-4 6.04106E-3 2.69223E-2 6.67022E-2 4.18452E-2 -9999 -9999 -9999 -9999 -9999 -9999 -9999 -9999 -9999 -9999 -9999 -9999 -9999 -9999 -9999 -9999 -9999 -9999 -9999 -9999 -9999 -9999 -9999 -9999 -9999 -9999 9.182E-3 7.29289E-3 6.63367E-3 2.17133E-3 3.66399E-3 1.60272E-3 8.88538E-4 8.46067E-4 1.30405E-3 1.24442E-3 5.33496E-4 4.45859E-4 2.64068E-4 1.18252E-4 5.39392E-5 3.37998E-5 2.68138E-5 6.16064E-5 1.07205E-4 4.21134E-5 4.00324E-5 9.29888E-5 4.44362E-5 8.09583E-5 1.65653E-4
-9999 -9999 -9999 -9999 6.88881E-3 3.6912E-4 1.21515E-4 4.18363E-5 1.86324E-5 1.39983E-4 6.10937E-4 1.75315E-3 3.57627E-3 1.28448E-2 6.3319E-2 -9999 -9999 -9999 -9999 -9999 -9999 -9999 -9999 -9999 -9999 -9999 -9999 -9999 -9999 -9999 -9999 -9999 -9999 -9999 -9999 -9999 -9999 -9999 -9999 5.80616E-3 7.90038E-3 1.7226E-2 5.48303E-3 3.22251E-3 4.69362E-3 2.82339E-3 1.69869E-3 1.08092E-3 7.82633E-4 1.75554E-3 1.68428E-3 3.60215E-4 6.0296E-5 1.25947E-4 2.75587E-4 1.77779E-4 1.10931E-4 7.82174E-5 6.179E-5 2.5979E-5 2.17827E-5 3.58546E-5 7.13942E-5 1.8103E-4 6.48488E-5 1.53871E-4 1.47679E-4
-9999 -9999 -9999 -9999 1.8537E-3 3.96357E-4 8.75268E-5 6.15305E-5 9.16217E-5 7.63804E-4 2.28875E-3 8.11912E-3 3.01517E-3 4.8881E-2 6.7001E-2 -9999 -9999 -9999 -9999 -9999 -9999 -9999 -9999 -9999 -9999 -9999 -9999 -9999 -9999 -9999 -9999 -9999 -9999 -9999 -9999 -9999 -9999 9.64497E-3 6.57694E-3 4.23163E-3 8.24603E-3 2.39955E-2 1.66396E-2 1.11311E-2 3.33087E-3 2.49717E-3 1.56253E-3 2.11662E-3 1.87615E-3 5.85755E-4 6.08379E-4 1.98479E-4 3.04741E-5 6.77149E-6 4.68551E-5 1.12473E-4 5.41154E-5 3.94633E-5 1.16977E-5 1.56565E-5 2.05342E-5 4.85138E-5 6.82453E-5 1.76022E-4 1.84128E-4 2.3252E-4 2.62256E-4
-9999 -9999 -9999 -9999 -9999 2.88933E-4 5.73765E-5 1.00588E-4 7.88696E-4 1.72487E-3 5.9649E-3 1.54754E-2 1.98413E-2 8.81749E-2 -9999 -9999 -9999 -9999 -9999 -9999 -9999 -9999 -9999 -9999 -9999 -9999 -9999 -9999 -9999 -9999 -9999 -9999 -9999 -9999 -9999 -9999 8.59264E-3 3.38773E-3 2.65477E-3 2.85618E-3 3.57042E-3 7.65329E-3 7.60933E-3 8.68889E-3 3.37915E-3 2.81176E-3 7.53515E-3 1.10997E-3 3.44186E-4 2.45498E-4 1.51709E-4 1.73124E-4 2.40902E-5 3.05555E-5 5.33049E-5 4.78594E-5 3.72277E-5 3.34533E-5 1.31883E-4 9.62843E-5 3.06952E-5 3.52882E-5 1.26219E-4 1.06508E-4 2.78963E-4 2.7321E-4 4.34242E-4
-9999 -9999 -9999 -9999 -9999 4.65763E-4 1.3206E-4 3.21804E-4 4.59876E-4 4.16248E-4 5.89927E-3 2.48874E-2 -9999 -9999 -9999 -9999 -9999 -9999 -9999 -9999 -9999 -9999 -9999 -9999 -9999 -9999 -9999 -9999 -9999 -9999 -9999 -9999 -9999 -9999 -9999 6.24127E-3 1.74954E-3 1.65388E-3 1.83522E-3 2.56302E-3 1.43246E-3 4.19363E-3 4.42028E-3 3.69823E-3 1.12636E-2 1.04083E-2 4.28376E-3 3.24334E-4 1.5108E-4 2.39583E-4 1.05099E-4 3.55325E-5 4.83118E-5 4.2406E-5 5.18153E-5 3.601E-5 3.0095E-5 1.28574E-4 1.87262E-4 5.67981E-5 2.61875E-5 5.50746E-5 1.24484E-4 1.58107E-4 1.18633E-4 2.73511E-4 5.59976E-4
-9999 -9999 -9999 -9999 -9999 5.56401E-4 1.493E-4 4.57482E-4 1.64287E-4 4.81104E-4 4.46713E-3 2.83566E-2 -9999 -9999 -9999 -9999 -9999 -9999 -9999 -9999 -9999 -9999 -9999 -9999 -9999 -9999 -9999 -9999 -9999 -9999 -9999 3.24533E-2 3.75908E-2 -9999 -9999 6.37591E-3 6.69695E-4 7.01609E-4 1.0475E-3 1.73508E-3 1.50436E-3 2.23633E-3 5.90021E-4 1.08942E-3 3.3943E-3 2.57705E-3 2.02178E-3 4.23241E-4 8.50779E-5 1.0437E-4 7.56564E-5 4.85162E-5 5.99772E-5 5.0866E-5 2.97441E-5 2.94989E-5 4.25836E-5 1.0463E-4 9.5981E-5 3.80099E-5 3.94204E-5 5.7483E-5 4.06654E-5 7.08044E-5 1.73866E-4 1.98414E-4 3.24342E-4
-9999 -9999 -9999 -9999 -9999 2.02733E-3 1.22386E-3 1.38443E-3 2.55225E-3 3.15269E-3 2.11328E-2 -9999 -9999 -9999 -9999 -9999 -9999 8.21081E-2 -9999 -9999 -9999 -9999 -9999 -9999 -9999 -9999 -9999 -9999 -9999 -9999 2.42136E-2 3.05583E-2 3.34178E-2 -9999 -9999 3.33298E-3 9.37073E-4 1.09242E-3 1.25936E-3 2.26306E-3 2.06682E-3 1.57033E-3 6.60401E-4 1.195E-3 2.76897E-3 1.20081E-3 1.66125E-3 8.02744E-4 1.30246E-4 6.93826E-5 6.33296E-5 5.62084E-5 5.43843E-5 1.01723E-4 1.31622E-4 6.7788E-5 8.90816E-5 6.35026E-5 6.94558E-5 6.95504E-5 7.89132E-5 6.15917E-5 1.17879E-4 1.05001E-4 1.68901E-4 1.90775E-4 3.20087E-4
2.92127E-1 -9999 -9999 -9999 -9999 1.36333E-2 1.63396E-2 2.70752E-2 1.51914E-2 -9999 -9999 -9999 -9999 -9999 -9999 -9999 4.74433E-2 6.76163E-2 -9999 -9999 -9999 -9999 -9999 -9999 -9999 -9999 5.82061E-2 4.06419E-2 -9999 -9999 1.58216E-2 3.41856E-2 2.21397E-2 4.69403E-3 1.0316E-3 1.15735E-3 9.53513E-4 3.46958E-4 1.17674E-3 2.40661E-3 2.37497E-3 1.24861E-3 6.32866E-4 1.26137E-3 1.89066E-3 4.7954E-4 2.33266E-4 4.43091E-4 2.1202E-4 4.7324E-5 4.87006E-5 4.15398E-5 1.01586E-4 2.29987E-4 2.34696E-4 2.31359E-4 1.25984E-4 8.13768E-5 9.84109E-5 1.68217E-4 1.52259E-4 1.22129E-4 1.12547E-4 1.12248E-4 2.84464E-4 2.76677E-4 3.23721E-4
2.04892E-1 -9999 -9999 -9999 -9999 3.16302E-2 -9999 -9999 -9999 -9999 -9999 -9999 -9999 -9999 5.48309E-2 5.58289E-2 3.52089E-2 5.18463E-2 -9999 -9999 -9999 1.06474E-2 2.00968E-2 -9999 -9999 4.13599E-2 5.82382E-2 5.04815E-2 -9999 -9999 1.42719E-2 2.43707E-2 7.98612E-3 2.79895E-3 7.83076E-4 5.04848E-4 6.08603E-4 3.3518E-4 5.39711E-4 9.03656E-4 6.24622E-4 5.7382E-4 4.3027E-4 1.30136E-3 1.19285E-3 2.23414E-4 7.52366E-5 2.32514E-4 4.72181E-4 7.52798E-5 5.55128E-5 7.20822E-5 2.60051E-4 4.5853E-4 3.63932E-4 1.86904E-4 9.88559E-5 1.06439E-4 7.76427E-5 9.06067E-5 1.46109E-4 8.01877E-5 1.53706E-4 1.0779E-4 2.00995E-4 2.38949E-4 3.70556E-4
-9999 -9999 -9999 -9999 -9999 -9999 -9999 -9999 -9999 -9999 -9999 -9999 -9999 -9999 5.59219E-2 3.37417E-2 4.48233E-2 5.02543E-2 -9999 -9999 -9999 5.13108E-3 9.49718E-3 3.99153E-3 1.29169E-2 2.79916E-2 4.88469E-2 3.29959E-2 -9999 1.22484E-2 1.04847E-2 3.95636E-3 2.12099E-3 5.75666E-4 3.36813E-4 3.48921E-4 5.72664E-4 4.79576E-4 3.38156E-4 5.69994E-4 4.72096E-4 4.51753E-4 3.87574E-4 9.53251E-4 1.22879E-3 1.8502E-4 5.89257E-5 1.83485E-4 3.42379E-4 5.90972E-5 6.39933E-5 8.21124E-5 2.43602E-4 2.49157E-4 1.87431E-4 1.0849E-4 8.96878E-5 9.25955E-5 1.16559E-4 6.90172E-5 1.69409E-4 2.27613E-4 1.75785E-4 1.07328E-4 1.66417E-4 1.77663E-4 3.40029E-4
-9999 -9999 -9999 -9999 -9999 -9999 -9999 -9999 -9999 -9999 -9999 -9999 -9999 -9999 -9999 -9999 1.71885E-2 1.26454E-2 1.45079E-2 4.88541E-3 9.18415E-4 1.53713E-3 2.78834E-3 1.57579E-3 5.24715E-3 1.82812E-2 4.29564E-2 1.51724E-2 1.08423E-2 4.98328E-3 2.22953E-3 1.18135E-3 9.96066E-4 2.6895E-4 1.87122E-4 2.28657E-4 2.36373E-4 2.08854E-4 1.08311E-4 1.83441E-4 7.25778E-5 2.61962E-4 3.17021E-4 7.45988E-4 4.50087E-4 1.65619E-4 1.37085E-4 9.83738E-5 1.12326E-4 9.14849E-5 6.39543E-5 1.22149E-4 1.79145E-4 2.37702E-4 1.55148E-4 1.21204E-4 1.51531E-4 9.13242E-5 9.75748E-5 1.08258E-4 3.23968E-4 2.7254E-4 2.56307E-4 1.49554E-4 2.38595E-4 2.38479E-4 2.12484E-4
-9999 -9999 -9999 -9999 -9999 -9999 -9999 -9999 -9999 9.50142E-2 7.89373E-2 -9999 -9999 -9999 -9999 -9999 2.66013E-3 2.64088E-3 5.35599E-3 1.89318E-3 7.3057E-4 5.96713E-4 1.20953E-3 9.27097E-4 1.35395E-3 9.09444E-3 1.53904E-2 7.45446E-3 2.66526E-3 5.94977E-4 6.51916E-4 4.15848E-4 4.33189E-4 7.9885E-5 6.18481E-5 1.16487E-4 8.97633E-5 2.34199E-4 2.02731E-4 1.08073E-4 5.64766E-5 9.7705E-5 1.68912E-4 5.09169E-4 2.53534E-4 8.3968E-5 1.67961E-4 1.78189E-4 1.3486E-4 7.37997E-5 9.14234E-5 6.84908E-5 1.04284E-4 1.38985E-4 2.29776E-4 2.67253E-4 2.29061E-4 1.23659E-4 1.55143E-4 1.44489E-4 2.13732E-4 1.96925E-4 3.06149E-4 3.30265E-4 2.88159E-4 2.87655E-4 3.22299E-4
7.31108E-2 3.55115E-2 2.92314E-2 3.21584E-2 -9999 -9999 -9999 -9999 4.27369E-2 1.07814E-1 1.13479E-1 -9999 -9999 -9999 3.85074E-2 1.52465E-2 4.19104E-3 7.26415E-4 4.85214E-4 5.27504E-4 1.83539E-4 2.76959E-4 1.30637E-3 1.71374E-3 1.60048E-3 2.93723E-3 1.00569E-2 4.43794E-3 2.2518E-3 3.45411E-4 1.46284E-4 3.21757E-4 1.97897E-4 2.95259E-5 5.36621E-5 4.68464E-5 6.81224E-5 1.48471E-4 1.26703E-4 8.03539E-5 6.41131E-5 5.85087E-5 7.79883E-5 1.65297E-4 7.75655E-5 6.98296E-5 1.16254E-4 1.02722E-4 1.29495E-4 1.85846E-4 1.3315E-4 1.18029E-4 1.83963E-4 2.0445E-4 2.07952E-4 2.70045E-4 2.65263E-4 3.08803E-4 2.50738E-4 2.7704E-4 2.3614E-4 3.02804E-4 3.6977E-4 3.93889E-4 4.65933E-4 3.92138E-4 3.93536E-4
2.94987E-2 5.88409E-2 1.40999E-2 -9999 -9999 -9999 -9999 -9999 3.00672E-2 8.19584E-2 1.11703E-1 -9999 -9999 -9999 -9999 -9999 6.34898E-4 2.10475E-4 2.93296E-4 3.13054E-4 8.7043E-5 3.57551E-4 4.89394E-4 4.66284E-4 3.39297E-4 1.38698E-3 3.1801E-3 5.75718E-4 6.78704E-4 1.72883E-4 6.53571E-5 5.84409E-5 6.49023E-5 4.92805E-5 2.84317E-5 3.13979E-5 3.83952E-5 5.17397E-5 5.08442E-5 5.00906E-5 3.29424E-5 4.60565E-5 6.11126E-5 7.44413E-5 4.61383E-5 3.21516E-5 1.05476E-4 1.0245E-4 1.68403E-4 2.64797E-4 2.83239E-4 2.83301E-4 4.18995E-4 2.64825E-4 3.15008E-4 2.22951E-4 2.18634E-4 3.64038E-4 3.89365E-4 3.71566E-4 3.13824E-4 3.68676E-4 3.26463E-4 4.25513E-4 5.07784E-4 4.98965E-4 4.84571E-4
8.08529E-3 2.04641E-2 4.74414E-3 -9999 -9999 -9999 -9999 -9999 9.46871E-2 6.55903E-2 4.67191E-2 1.58809E-1 -9999 -9999 -9999 4.46604E-4 1.35231E-4 5.36021E-5 1.08515E-4 1.43157E-4 2.54664E-4 2.08357E-4 5.28724E-4 6.94364E-4 5.01661E-4 3.90971E-4 6.13717E-4 2.45443E-4 1.11153E-4 6.78387E-5 3.5418E-5 2.83042E-5 3.05972E-5 3.91286E-5 3.38914E-5 3.39647E-5 3.97207E-5 3.09196E-5 3.53783E-5 3.06129E-5 2.99267E-5 3.95055E-5 4.002E-5 3.70775E-5 5.28377E-5 3.19746E-5 7.98075E-5 1.7541E-4 1.85553E-4 3.09439E-4 4.51248E-4 4.07374E-4 3.38211E-4 2.01352E-4 1.67441E-4 1.90422E-4 2.39573E-4 3.42051E-4 3.83436E-4 4.11014E-4 4.22899E-4 4.36664E-4 4.61263E-4 4.66104E-4 5.38695E-4 4.86253E-4 4.48192E-4
3.91949E-3 5.17965E-3 -9999 -9999 -9999 -9999 -9999 -9999 9.96068E-2 1.55815E-1 1.32598E-1 -9999 -9999 -9999 2.72169E-3 2.79587E-4 2.12758E-4 1.77138E-4 1.44723E-4 1.4841E-4 5.56404E-4 5.38961E-4 9.63527E-4 3.07017E-3 8.69395E-4 5.16849E-4 2.66452E-4 1.18217E-4 2.6769E-5 2.2359E-5 3.28508E-5 1.94926E-5 1.83226E-5 3.24262E-5 2.30222E-5 2.4072E-5 2.87646E-5 3.1524E-5 3.87198E-5 3.81631E-5 4.25074E-5 6.00831E-5 5.08633E-5 2.82844E-5 3.7925E-5 4.46466E-5 6.23531E-5 9.48467E-5 9.15001E-5 8.59357E-5 2.11586E-4 2.21112E-4 2.71876E-4 1.06018E-4 1.07002E-4 2.09946E-4 3.55216E-4 4.59679E-4 5.09096E-4 5.43688E-4 4.86461E-4 5.26702E-4 5.26383E-4 5.19696E-4 4.52871E-4 4.91369E-4 5.01828E-4
1.4532E-3 4.02626E-3 -9999 -9999 -9999 -9999 -9999 -9999 5.98532E-2 6.35637E-2 6.045E-2 -9999 -9999 -9999 -9999 3.90873E-4 7.38476E-4 3.06787E-4 6.42539E-4 7.4703E-4 1.15973E-3 4.9827E-4 7.74159E-3 6.99465E-3 4.18781E-3 2.48842E-3 5.15891E-4 1.76582E-4 4.8063E-4 6.1565E-5 2.71054E-5 2.6679E-5 2.19165E-5 2.03643E-5 2.87776E-5 2.49463E-5 2.64183E-5 2.72175E-5 2.85481E-5 3.99236E-5 4.797E-5 5.30806E-5 5.31248E-5 4.08709E-5 3.98198E-5 5.80779E-5 6.69822E-5 5.04372E-5 3.7635E-5 4.30124E-5 4.24566E-5 5.55147E-5 1.09957E-4 4.80458E-5 7.04174E-5 1.35676E-4 2.43463E-4 4.52976E-4 5.49758E-4 5.0508E-4 5.7461E-4 6.00787E-4 5.68642E-4 5.41164E-4 5.0016E-4 5.07191E-4 4.31888E-4
-9999 -9999 -9999 -9999 -9999 -9999 -9999 3.3065E-2 5.12287E-2 6.7263E-2 7.11489E-2 -9999 -9999 -9999 -9999 4.37834E-3 6.12886E-3 3.25725E-3 2.14633E-3 3.50744E-3 2.83402E-3 6.62755E-3 2.19226E-2 2.62337E-2 6.37473E-3 4.36206E-3 1.24019E-3 1.9272E-4 1.9172E-4 4.04562E-5 2.29046E-5 2.96166E-5 2.71253E-5 2.26907E-5 2.47947E-5 2.36891E-5 5.24686E-5 3.21581E-5 3.05743E-5 4.75452E-5 6.21861E-5 7.3042E-5 6.54938E-5 5.8531E-5 3.6441E-5 4.92093E-5 6.33139E-5 7.55011E-5 7.32276E-5 5.19923E-5 7.21944E-5 7.16886E-5 5.87637E-5 3.37461E-5 6.15359E-5 1.24623E-4 3.15604E-4 4.36253E-4 5.92251E-4 4.79317E-4 5.28374E-4 4.39835E-4 4.61121E-4 5.11699E-4 4.60671E-4 3.81612E-4 3.84162E-4
-9999 -9999 -9999 -9999 -9999 -9999 -9999 5.39332E-2 6.82501E-2 9.41784E-2 -9999 -9999 -9999 -9999 -9999 -9999 -9999 3.01819E-2 -9999 -9999 4.24752E-2 3.25357E-2 -9999 -9999 2.64257E-3 6.7719E-4 4.64769E-4 7.51185E-5 4.34082E-5 4.78293E-5 2.50121E-5 2.72189E-5 2.63603E-5 2.4628E-5 2.4441E-5 3.36445E-5 3.02196E-5 2.72571E-5 2.34174E-5 3.01503E-5 3.13948E-5 3.78557E-5 4.82061E-5 4.15662E-5 4.4095E-5 6.66073E-5 7.64745E-5 5.94586E-5 3.43384E-5 3.56501E-5 4.59391E-5 4.21221E-5 6.37223E-5 8.20515E-5 1.17491E-4 1.59467E-4 3.62774E-4 2.86257E-4 4.07457E-4 4.45957E-4 5.83899E-4 5.82221E-4 4.70672E-4 4.36906E-4 3.69805E-4 3.30624E-4 3.46157E-4
-9999 -9999 -9999 -9999 -9999 -9999 5.02964E-2 8.2279E-2 1.1688E-1 -9999 -9999 -9999 -9999 -9999 3.84652E-2 -9999 -9999 -9999 -9999 -9999 -9999 -9999 -9999 -9999 -9999 6.04212E-4 4.689E-4 1.38105E-4 3.14037E-5 4.15074E-5 2.09751E-5 4.19191E-5 2.84708E-5 2.4826E-5 1.45471E-5 1.4637E-5 2.5794E-5 1.80903E-5 1.44557E-5 1.723E-5 4.81545E-5 4.07519E-5 4.48597E-5 6.09521E-5 5.12907E-5 3.62115E-5 2.40301E-5 3.11707E-5 3.65121E-5 5.46342E-5 5.38423E-5 5.3814E-5 4.77122E-5 7.9075E-5 1.15287E-4 1.83761E-4 1.46406E-4 1.90155E-4 3.19154E-4 3.85515E-4 5.2273E-4 6.67437E-4 5.23045E-4 4.64597E-4 3.63779E-4 2.31437E-4 2.29992E-4
-9999 -9999 -9999 -9999 -9999 -9999 5.87245E-2 1.25267E-1 1.17568E-1 -9999 -9999 -9999 -9999 -9999 2.05302E-2 7.07635E-2 -9999 -9999 -9999 -9999 -9999 -9999 -9999 -9999 -9999 7.96845E-3 4.71572E-3 1.57961E-3 3.75989E-4 1.31663E-4 8.46205E-5 4.22669E-5 3.17315E-5 1.60195E-5 3.89278E-5 1.312E-5 1.70446E-5 8.1311E-5 8.08783E-5 2.10274E-5 3.52047E-5 5.30515E-5 4.77123E-5 8.16492E-5 5.91225E-5 1.85315E-5 3.50607E-5 4.14513E-5 6.36669E-5 8.51072E-5 7.25185E-5 8.49374E-5 7.8858E-5 1.22657E-4 2.18206E-4 1.41367E-4 1.1947E-4 3.1253E-4 3.02904E-4 4.43367E-4 7.30779E-4 6.84525E-4 5.21373E-4 4.00604E-4 2.43027E-4 1.40216E-4 1.57993E-4
-9999 -9999 -9999 -9999 -9999 4.4247E-2 8.00339E-2 7.15329E-2 1.01258E-1 3.71818E-2 2.06531E-2 3.53724E-2 1.77509E-3 2.20069E-3 2.86548E-2 3.96622E-2 4.06893E-2 -9999 4.68636E-3 -9999 -9999 -9999 -9999 -9999 -9999 -9999 -9999 2.23007E-3 5.3294E-4 3.55687E-4 1.23915E-4 2.44211E-5 1.89701E-5 2.37995E-5 2.22804E-5 1.40897E-5 1.65594E-5 4.4701E-5 1.30941E-4 1.14228E-4 4.27228E-5 5.08506E-5 8.61925E-5 7.82461E-5 7.44523E-5 3.99863E-5 5.6512E-5 7.41225E-5 1.66824E-4 1.18003E-4 9.57836E-5 8.5447E-5 1.12867E-4 8.05055E-5 1.8436E-4 1.2753E-4 3.15495E-4 3.69312E-4 4.60272E-4 4.83221E-4 7.34824E-4 6.92106E-4 4.70851E-4 3.38245E-4 2.70102E-4 1.76713E-4 1.68773E-4
-9999 -9999 -9999 -9999 2.11774E-3 2.6485E-2 5.45921E-2 1.95611E-2 1.51846E-2 8.81364E-3 3.73477E-3 2.01055E-2 9.06911E-4 1.00416E-3 6.21681E-3 1.03091E-2 3.94926E-2 -9999 -9999 1.90177E-3 -9999 -9999 -9999 -9999 -9999 -9999 -9999 1.05044E-3 6.06597E-4 8.01449E-4 1.93113E-4 1.66501E-5 2.38619E-5 1.3499E-5 1.91579E-5 1.62777E-5 1.3995E-5 3.77288E-5 8.83324E-5 1.90664E-4 5.36286E-5 2.11616E-5 3.45034E-5 5.6948E-5 4.21186E-5 3.98355E-5 5.49159E-5 1.02116E-4 2.47443E-4 1.1928E-4 7.40077E-5 5.78587E-5 1.95426E-4 1.33689E-4 8.79812E-5 8.88458E-5 2.354E-4 3.80116E-4 5.23282E-4 4.7594E-4 7.34713E-4 8.1709E-4 4.58256E-4 3.79562E-4 3.7281E-4 3.17769E-4 2.7723E-4
-9999 -9999 -9999 -9999 5.37682E-3 2.62237E-2 3.11993E-2 7.73447E-3 1.04119E-3 4.7733E-4 4.54516E-3 1.40417E-2 8.27507E-4 5.80566E-4 6.46072E-4 2.85427E-3 1.90619E-2 1.03557E-2 -9999 3.10538E-3 2.8205E-3 2.16696E-2 5.09797E-2 -9999 -9999 -9999 -9999 -9999 1.87583E-3 1.3751E-3 2.94543E-4 2.96502E-5 3.8048E-5 2.90977E-5 1.13326E-5 1.90247E-5 2.76169E-5 1.13696E-4 3.82916E-4 5.3854E-4 9.1954E-5 5.72503E-5 6.15578E-5 7.6467E-5 6.23066E-5 4.82369E-5 6.54177E-5 3.25575E-4 8.8809E-5 7.32967E-5 8.03891E-5 1.6596E-4 1.34017E-4 2.311E-4 1.43575E-4 1.32428E-4 1.82648E-4 4.55776E-4 5.91453E-4 4.70956E-4 5.76433E-4 7.90317E-4 4.66516E-4 4.33982E-4 4.33171E-4 3.57717E-4 -9999
1.66783E-1 -9999 -9999 9.09193E-4 1.58102E-3 4.00042E-3 1.05596E-2 2.50462E-3 2.43074E-4 1.81719E-4 1.80108E-3 9.11877E-4 3.52625E-4 8.23266E-5 1.40278E-4 5.67733E-4 2.28891E-2 3.95254E-3 1.45414E-3 4.12335E-3 1.88154E-3 1.0398E-2 1.12135E-1 1.18764E-2 -9999 4.2283E-2 -9999 -9999 -9999 1.03105E-3 3.04481E-4 5.35085E-4 7.5749E-5 3.48264E-5 1.40803E-5 6.59749E-5 1.0331E-4 1.75137E-4 1.39612E-3 6.4308E-4 9.88654E-5 1.95393E-4 1.23331E-4 2.91507E-4 1.30822E-4 1.63404E-4 7.3886E-4 5.72548E-4 9.95148E-5 9.54765E-5 1.4021E-4 1.38253E-4 1.44459E-4 2.12172E-4 3.11434E-4 3.54206E-4 2.63301E-4 4.05761E-4 6.02897E-4 7.13799E-4 4.98209E-4 7.84195E-4 6.56904E-4 5.3775E-4 -9999 -9999 -9999
9.27065E-2 -9999 -9999 1.41885E-3 1.02519E-3 2.97399E-3 1.48465E-3 3.83301E-4 8.16895E-5 2.99033E-4 2.39429E-4 4.66442E-4 9.31016E-5 1.29328E-5 7.75952E-5 4.0927E-4 6.01858E-3 2.00929E-3 6.84434E-4 2.01545E-3 2.54974E-3 1.86668E-2 5.71388E-2 4.44815E-3 4.76357E-3 5.4999E-3 3.64553E-2 -9999 -9999 -9999 2.99236E-3 7.92477E-4 2.05523E-4 3.49185E-4 2.71996E-4 4.9008E-4 4.5158E-4 5.35828E-4 4.57697E-3 8.42235E-4 6.45529E-4 2.01337E-3 1.45375E-3 1.52147E-3 4.36915E-4 1.1064E-3 2.05713E-3 1.7754E-4 1.24671E-4 1.27818E-4 1.5018E-4 1.94833E-4 3.06814E-4 2.42883E-4 3.75975E-4 3.9097E-4 5.25529E-4 3.99569E-4 5.76966E-4 7.16716E-4 5.64672E-4 6.84753E-4 6.59035E-4 5.96168E-4 -9999 -9999 -9999
1.82136E-1 -9999 -9999 -9999 7.98386E-4 1.55217E-3 5.06913E-4 9.19419E-5 8.04419E-5 4.85096E-5 3.44244E-5 6.25023E-5 6.02314E-5 1.60955E-5 1.58445E-4 3.67603E-4 3.40362E-3 7.09341E-4 3.58349E-4 1.94994E-3 2.56916E-3 3.68929E-3 4.67772E-2 4.87842E-3 2.83369E-3 5.28496E-3 3.47141E-3 4.74233E-3 2.40887E-2 -9999 -9999 1.17599E-2 1.09162E-2 2.78222E-3 6.78353E-3 8.77829E-3 8.03501E-3 7.53124E-3 8.5635E-3 5.77511E-3 1.19032E-2 4.86167E-3 2.12383E-3 1.44473E-3 1.12665E-3 4.4315E-3 1.26202E-3 1.29541E-4 1.2654E-4 1.27641E-4 4.17435E-4 8.26175E-4 3.70298E-4 3.25226E-4 5.5409E-4 7.38361E-4 6.67845E-4 6.73434E-4 7.01416E-4 6.37961E-4 7.0668E-4 6.35407E-4 5.00429E-4 -9999 -9999 -9999 -9999
-9999 -9999 -9999 -9999 7.64016E-3 4.02873E-3 4.02013E-4 2.65321E-4 9.17099E-5 1.73136E-5 9.33244E-6 4.20987E-5 2.9989E-5 2.3245E-5 9.43759E-5 2.25286E-4 1.50223E-3 3.06738E-4 4.54704E-4 1.21159E-3 1.89003E-3 3.9937E-3 4.17471E-2 4.79702E-3 2.00812E-3 3.96784E-3 2.25957E-3 3.1979E-3 4.60032E-3 2.60688E-2 -9999 2.80098E-2 1.91951E-2 1.40653E-2 1.30677E-2 8.72654E-3 1.78591E-2 2.80528E-2 3.60433E-2 2.0718E-2 1.49137E-2 1.18903E-2 4.38661E-3 8.71922E-3 1.10473E-2 7.68762E-3 5.15526E-4 1.83528E-4 1.78682E-4 2.31935E-4 2.00676E-3 4.6827E-4 3.09794E-4 4.152E-4 7.41783E-4 5.42539E-4 4.94647E-4 7.0098E-4 6.47939E-4 7.97059E-4 7.47571E-4 4.6498E-4 3.1756E-4 -9999 -9999 -9999 -9999
-9999 -9999 -9999 2.47955E-2 2.85635E-3 9.0045E-4 2.64412E-4 2.02301E-4 9.72171E-5 1.46724E-5 1.06703E-5 4.01529E-5 2.47282E-5 1.3093E-5 8.66071E-5 3.38555E-4 9.30796E-4 1.81372E-4 4.2069E-4 5.29783E-4 2.72537E-3 3.30956E-2 3.07764E-2 1.63257E-3 1.88888E-3 4.65344E-3 2.68251E-3 3.17243E-3 7.11527E-3 9.90338E-3 1.74932E-2 8.45218E-3 1.00416E-2 2.93128E-3 3.72089E-3 3.62319E-3 5.75856E-3 1.84867E-2 1.61546E-2 3.22106E-3 1.19517E-3 1.25627E-2 1.7173E-2 6.86917E-3 3.68306E-3 7.87872E-3 2.59624E-3 2.68457E-3 3.52765E-3 1.93452E-3 3.91323E-4 4.95812E-4 3.12067E-4 5.67889E-4 5.23136E-4 5.5882E-4 6.14133E-4 7.71481E-4 7.87635E-4 6.31132E-4 5.44533E-4 3.56007E-4 3.79481E-4 -9999 -9999 -9999 -9999
-9999 -9999 6.73909E-4 5.28845E-3 4.30665E-3 4.92798E-4 1.41754E-4 6.55882E-5 4.6459E-5 3.44369E-5 9.43703E-6 1.35303E-5 1.74931E-5 1.62989E-5 7.72273E-5 3.3429E-4 4.72223E-4 1.65972E-4 4.5163E-4 6.72856E-4 2.32751E-3 3.22278E-2 1.19218E-2 1.45266E-3 2.24086E-3 3.21105E-3 2.89134E-3 3.60155E-3 8.79555E-4 1.68628E-3 6.07434E-3 1.87123E-3 7.3536E-3 4.23658E-3 2.11885E-3 5.49891E-3 5.80202E-3 5.21916E-3 1.70361E-3 4.11262E-4 1.60573E-3 1.24556E-2 1.24578E-3 1.1687E-3 8.29604E-4 1.09544E-2 3.62212E-3 2.76754E-3 3.83184E-4 4.80944E-4 2.29139E-4 2.3979E-4 5.24477E-4 5.444E-4 5.57908E-4 7.08056E-4 7.73198E-4 6.97859E-4 8.07583E-4 9.35779E-4 7.95997E-4 7.86372E-4 6.48395E-4 -9999 -9999 -9999 -9999
