ENM/Final_Models/M_1_F_qp_Set_1_EC/Gustavia_santanderiensis_0_Choco_clamping.asc
ncols         367
nrows         963
xllcorner     -78.6
yllcorner     0.65
cellsize      0.00833333333333323
NODATA_value  -9999
[rows 620 to 650 of 963, columns 140 to 209 of 367]
-9999 -9999 -9999 -9999 -9999 -9999 -9999 -9999 -9999 -9999 -9999 -9999 -9999 -9999 -9999 -9999 -9999 -9999 -9999 -9999 -9999 -9999 -9999 -9999 -9999 -9999 -9999 2.93441E-1 2.93385E-1 3.08981E-1 2.41462E-1 2.9068E-1 2.96612E-1 3.01033E-1 2.49674E-1 2.53172E-1 2.43549E-1 2.2748E-1 4.00943E-1 1.63143E-1 1.79144E-1 1.37973E-1 1.1677E-4 1.85252E-1 1.14082E-1 5.71525E-2 3.05408E-1 2.72304E-1 1.98339E-1 0E0 0E0 0E0 0E0 1.25751E-1 2.11584E-1 0E0 2.31811E-2 0E0 0E0 0E0 0E0 0E0 0E0 0E0 0E0 0E0 0E0 0E0 0E0 0E0
-9999 -9999 -9999 -9999 -9999 -9999 -9999 -9999 -9999 -9999 -9999 -9999 -9999 -9999 -9999 -9999 -9999 -9999 -9999 -9999 -9999 -9999 -9999 -9999 -9999 -9999 3.8901E-1 4.21716E-1 4.88254E-1 4.47188E-1 4.61309E-1 2.72349E-1 2.68999E-1 3.08769E-1 3.06023E-1 3.05455E-1 2.86119E-1 2.16562E-1 3.53317E-1 2.13297E-1 7.05582E-2 4.78323E-2 1.38331E-1 1.90754E-1 1.63147E-1 1.36756E-1 3.38786E-1 1.97715E-1 8.80649E-2 0E0 0E0 0E0 0E0 4.68157E-2 2.18113E-1 2.59145E-2 6.32032E-2 4.4914E-2 0E0 6.16122E-3 2.19155E-2 0E0 0E0 0E0 0E0 0E0 0E0 0E0 0E0 0E0
-9999 -9999 -9999 -9999 -9999 -9999 -9999 -9999 -9999 -9999 -9999 -9999 -9999 -9999 -9999 -9999 -9999 -9999 -9999 -9999 -9999 -9999 -9999 -9999 -9999 -9999 3.081E-1 2.90187E-1 3.30637E-1 4.84969E-1 4.69267E-1 3.98413E-1 3.13089E-1 2.99745E-1 3.11942E-1 2.67814E-1 2.3227E-1 2.03005E-1 2.41675E-1 6.81214E-4 0E0 0E0 0E0 1.18114E-1 1.00337E-1 1.64861E-1 2.08462E-1 8.73254E-2 0E0 0E0 0E0 0E0 0E0 0E0 4.69911E-2 1.91308E-1 2.21818E-1 1.53681E-1 4.2372E-2 2.95935E-2 1.57149E-3 0E0 0E0 0E0 0E0 0E0 0E0 0E0 0E0 0E0
-9999 -9999 -9999 -9999 -9999 -9999 -9999 -9999 -9999 -9999 -9999 -9999 -9999 -9999 -9999 -9999 -9999 -9999 -9999 -9999 -9999 -9999 -9999 -9999 -9999 4.591E-1 4.94168E-1 2.99533E-1 3.70731E-1 2.48771E-1 3.45014E-1 3.00389E-1 2.67234E-1 4.54346E-1 1.06296E-1 9.89915E-2 2.92041E-1 2.16207E-1 3.80498E-1 3.59621E-1 0E0 0E0 0E0 0E0 2.9261E-1 3.27498E-1 2.30775E-1 2.6348E-1 2.54192E-1 2.47348E-1 0E0 0E0 1.0555E-2 2.1758E-2 1.06441E-1 1.12136E-1 1.07528E-1 1.60551E-1 1.17698E-1 1.41131E-1 8.81034E-2 3.61944E-2 0E0 0E0 0E0 0E0 0E0 0E0 0E0 0E0
-9999 -9999 -9999 -9999 -9999 -9999 -9999 -9999 -9999 -9999 -9999 -9999 -9999 -9999 -9999 -9999 -9999 -9999 -9999 -9999 -9999 -9999 -9999 -9999 3.69055E-1 3.54408E-1 4.46374E-1 4.52216E-1 4.68052E-1 3.15389E-1 5.17978E-1 2.84531E-1 3.21321E-1 2.95148E-1 1.19736E-1 1.10884E-1 2.64964E-2 1.01088E-1 2.43367E-1 2.14771E-1 0E0 0E0 0E0 0E0 0E0 0E0 2.1517E-2 4.04561E-2 2.96712E-1 2.70451E-1 3.31675E-1 1.84713E-1 5.62757E-2 0E0 2.15679E-1 2.2355E-1 8.68745E-2 6.7932E-2 7.0517E-2 5.94334E-2 2.94338E-2 1.07344E-2 0E0 0E0 0E0 0E0 0E0 0E0 0E0 0E0
-9999 -9999 -9999 -9999 -9999 -9999 -9999 -9999 -9999 -9999 -9999 -9999 -9999 -9999 -9999 -9999 -9999 -9999 -9999 -9999 -9999 -9999 -9999 -9999 4.69617E-1 4.55033E-1 4.97144E-1 5.20328E-1 2.55105E-1 2.84979E-1 5.51513E-1 3.93678E-1 1.1208E-1 2.1959E-1 4.77546E-1 8.53155E-2 4.86045E-2 3.67311E-3 8.13415E-2 6.49778E-2 0E0 0E0 0E0 0E0 0E0 0E0 7.96979E-3 6.41423E-2 1.52363E-1 3.43306E-1 1.60453E-1 1.42061E-1 9.30814E-2 2.1242E-1 2.31113E-1 1.97012E-1 3.4165E-2 7.75512E-3 1.98735E-2 2.62944E-2 7.78242E-3 0E0 0E0 0E0 0E0 0E0 0E0 0E0 0E0 0E0
-9999 -9999 -9999 -9999 -9999 -9999 -9999 -9999 -9999 -9999 -9999 -9999 -9999 -9999 -9999 -9999 -9999 -9999 -9999 -9999 -9999 -9999 -9999 4.46915E-1 4.12712E-1 4.64156E-1 4.67273E-1 4.9623E-1 5.06274E-1 4.07318E-1 5.59997E-1 4.08921E-1 4.03174E-1 5.52235E-1 2.96136E-1 2.00006E-2 1.73874E-2 1.51207E-3 5.20464E-2 0E0 0E0 0E0 0E0 0E0 0E0 0E0 1.5685E-1 1.42022E-1 1.70706E-1 1.66451E-1 1.91232E-1 6.12936E-2 2.11779E-2 9.71773E-2 5.53259E-2 1.1932E-1 1.93358E-2 0E0 2.46329E-3 2.61337E-2 0E0 0E0 0E0 0E0 0E0 0E0 0E0 0E0 0E0 0E0
-9999 -9999 -9999 -9999 -9999 -9999 -9999 -9999 -9999 -9999 -9999 -9999 -9999 -9999 -9999 -9999 -9999 -9999 -9999 -9999 -9999 -9999 -9999 4.51127E-1 2.68911E-1 3.7435E-1 3.72329E-1 4.65436E-1 5.41009E-1 4.44837E-1 4.29638E-1 4.55218E-1 1.23718E-1 2.61622E-1 6.31295E-3 3.59139E-2 3.12911E-2 1.8678E-2 5.77778E-2 0E0 0E0 0E0 0E0 0E0 0E0 0E0 3.41504E-1 4.15663E-1 4.82913E-1 4.44696E-1 0E0 0E0 0E0 8.97006E-2 0E0 0E0 2.54476E-2 0E0 0E0 1.83021E-2 8.33319E-3 0E0 0E0 0E0 0E0 0E0 0E0 0E0 0E0 0E0
-9999 -9999 -9999 -9999 -9999 -9999 -9999 -9999 -9999 -9999 -9999 -9999 -9999 -9999 -9999 -9999 -9999 -9999 -9999 -9999 -9999 -9999 4.84565E-1 5.30585E-1 5.18044E-1 3.96733E-1 4.57742E-1 4.55053E-1 5.43857E-1 5.18285E-1 4.92942E-1 3.3788E-1 1.27298E-1 1.18765E-2 1.10663E-2 3.67667E-3 1.73484E-3 0E0 3.89002E-2 0E0 0E0 0E0 0E0 0E0 0E0 1.41964E-2 1.37764E-1 2.04932E-1 1.88428E-1 3.76993E-1 0E0 6.596E-2 1.13313E-1 9.99052E-2 2.25364E-2 1.06451E-2 4.4645E-2 0E0 0E0 0E0 0E0 0E0 0E0 0E0 0E0 0E0 0E0 0E0 0E0 0E0
-9999 -9999 -9999 -9999 -9999 -9999 -9999 -9999 -9999 -9999 -9999 -9999 -9999 -9999 -9999 -9999 -9999 -9999 -9999 -9999 -9999 4.19141E-1 4.97447E-1 5.08525E-1 4.59679E-1 5.51365E-1 5.46818E-1 3.18903E-1 4.92672E-1 4.93006E-1 4.72805E-1 2.91921E-1 2.41901E-2 7.97842E-3 5.4475E-3 1.10022E-3 0E0 0E0 0E0 0E0 0E0 0E0 0E0 0E0 1.74418E-1 1.25614E-1 1.92753E-1 3.37908E-1 3.99613E-1 2.9075E-1 1.00894E-1 1.02905E-1 1.27315E-1 8.30187E-2 3.1822E-2 3.50661E-2 0E0 0E0 0E0 0E0 0E0 0E0 0E0 0E0 0E0 0E0 0E0 0E0 0E0 0E0
-9999 -9999 -9999 -9999 -9999 -9999 -9999 -9999 -9999 -9999 -9999 -9999 -9999 -9999 -9999 -9999 -9999 -9999 -9999 -9999 -9999 4.99636E-1 4.2813E-1 4.5679E-1 5.25546E-1 4.95813E-1 4.94714E-1 3.4928E-1 4.98548E-1 4.79891E-1 4.63533E-1 2.94629E-1 4.56195E-1 9.33395E-3 3.07062E-3 3.61136E-3 0E0 0E0 0E0 0E0 0E0 3.0186E-3 1.94322E-3 8.55956E-3 1.15342E-1 1.77582E-1 2.08053E-1 2.97897E-1 3.10752E-1 1.82746E-1 9.01945E-2 1.65865E-1 0E0 0E0 0E0 0E0 0E0 0E0 0E0 0E0 0E0 0E0 0E0 0E0 0E0 0E0 0E0 0E0 0E0 0E0
-9999 -9999 -9999 -9999 -9999 -9999 -9999 -9999 -9999 -9999 -9999 -9999 -9999 -9999 -9999 -9999 -9999 -9999 -9999 -9999 4.52709E-1 4.09724E-1 4.87421E-1 4.96632E-1 5.31973E-1 4.79085E-1 4.62139E-1 2.96937E-1 5.30846E-1 5.41457E-1 4.68549E-1 5.46333E-1 5.27814E-1 3.29723E-1 1.46263E-1 4.36612E-2 9.26962E-2 4.57716E-2 0E0 0E0 0E0 3.71267E-3 2.58447E-3 6.53376E-3 2.21907E-1 3.5448E-1 1.45102E-1 1.74253E-1 2.5878E-1 2.31947E-1 2.47633E-1 1.86197E-1 1.60006E-1 8.9172E-2 0E0 0E0 1.25648E-3 0E0 0E0 0E0 0E0 0E0 0E0 0E0 0E0 0E0 0E0 0E0 0E0 0E0
-9999 -9999 -9999 -9999 -9999 -9999 -9999 -9999 -9999 -9999 -9999 -9999 -9999 -9999 -9999 -9999 -9999 -9999 -9999 -9999 4.92403E-1 4.80246E-1 4.28201E-1 4.50042E-1 4.94096E-1 3.67058E-1 2.90553E-1 4.71106E-1 5.08839E-1 5.20836E-1 5.41971E-1 5.10682E-1 5.58968E-1 3.02669E-1 1.43338E-1 7.02198E-2 0E0 0E0 0E0 0E0 0E0 4.3749E-3 3.04045E-3 7.65337E-2 4.84698E-1 2.27329E-1 1.98188E-1 1.90035E-1 1.88054E-1 0E0 5.84571E-2 2.62592E-1 1.72073E-1 1.93023E-1 9.86042E-2 6.36755E-2 3.34054E-2 6.51941E-3 0E0 0E0 0E0 0E0 0E0 0E0 0E0 0E0 0E0 0E0 0E0 0E0
-9999 -9999 -9999 -9999 -9999 -9999 -9999 -9999 -9999 -9999 -9999 -9999 -9999 -9999 -9999 -9999 -9999 -9999 -9999 4.18309E-1 5.13451E-1 5.19493E-1 3.94844E-1 4.4501E-1 4.48195E-1 3.48988E-1 2.88663E-1 5.19883E-1 4.70805E-1 3.34868E-1 5.33485E-1 4.38393E-1 4.51025E-1 5.11493E-1 1.33545E-1 6.5569E-2 4.6659E-2 0E0 0E0 0E0 0E0 0E0 2.43967E-3 8.92791E-3 2.89765E-1 2.73034E-1 4.6735E-1 7.66186E-2 0E0 0E0 0E0 1.07246E-1 1.42967E-1 1.25498E-1 3.73009E-2 2.40538E-2 0E0 1.00746E-2 0E0 1.14218E-2 0E0 0E0 0E0 0E0 0E0 0E0 0E0 0E0 0E0 0E0
-9999 -9999 -9999 -9999 -9999 -9999 -9999 -9999 -9999 -9999 -9999 -9999 -9999 -9999 -9999 -9999 -9999 -9999 -9999 4.59585E-1 5.11496E-1 4.90499E-1 4.25286E-1 4.00955E-1 2.72772E-1 2.95055E-1 2.32949E-1 3.22286E-1 3.50637E-1 3.50267E-1 5.14701E-1 5.73603E-1 5.2531E-1 5.80158E-1 1.41893E-1 5.42674E-2 5.96979E-2 5.72871E-2 0E0 0E0 0E0 9.97286E-4 1.20295E-2 3.54339E-2 2.10596E-1 2.3942E-1 1.63593E-1 2.14959E-1 1.19331E-1 0E0 0E0 1.12973E-1 1.97191E-1 1.47801E-1 7.42834E-2 3.12561E-2 0E0 0E0 0E0 0E0 0E0 0E0 0E0 0E0 0E0 0E0 0E0 0E0 0E0 0E0
-9999 -9999 -9999 -9999 -9999 -9999 -9999 -9999 -9999 -9999 -9999 -9999 -9999 -9999 -9999 -9999 -9999 -9999 -9999 3.23299E-1 5.12199E-1 5.04491E-1 5.2295E-1 5.62982E-1 4.9139E-1 3.3157E-1 6.36051E-1 6.55289E-1 3.63823E-1 2.89554E-1 3.76508E-1 3.83517E-1 3.67408E-1 3.02608E-1 7.55593E-2 7.97868E-2 7.87217E-2 2.71732E-2 0E0 0E0 0E0 1.27253E-2 1.11806E-1 3.55363E-1 2.61779E-1 3.38764E-1 2.08579E-1 9.62714E-2 2.13558E-1 1.45191E-1 1.7295E-1 1.95131E-1 1.2112E-1 7.39487E-2 2.57189E-2 3.41869E-2 1.86098E-2 0E0 0E0 0E0 0E0 0E0 0E0 0E0 0E0 0E0 0E0 0E0 0E0 0E0
-9999 -9999 -9999 -9999 -9999 -9999 -9999 -9999 -9999 -9999 -9999 -9999 -9999 -9999 -9999 -9999 -9999 -9999 3.83043E-1 4.95256E-1 4.31763E-1 5.02402E-1 5.85505E-1 5.15702E-1 4.9546E-1 3.31306E-1 6.74427E-1 5.72816E-1 3.24645E-1 3.69288E-1 4.085E-1 3.42524E-1 3.21637E-1 3.05733E-1 6.35564E-2 6.68457E-2 5.71557E-2 4.5639E-2 3.82648E-3 0E0 0E0 0E0 0E0 1.06608E-2 2.13034E-1 2.60868E-1 1.8782E-1 1.33651E-1 5.85305E-2 9.78771E-2 9.75908E-2 1.68737E-1 1.20744E-1 2.54985E-2 3.64039E-3 1.55361E-2 3.26595E-2 1.34967E-2 0E0 0E0 0E0 0E0 0E0 0E0 0E0 0E0 0E0 0E0 0E0 0E0
-9999 -9999 -9999 -9999 -9999 -9999 -9999 -9999 -9999 -9999 -9999 -9999 -9999 -9999 -9999 -9999 -9999 4.16518E-1 4.64366E-1 4.45375E-1 5.77476E-1 3.99776E-1 4.69464E-1 5.51546E-1 5.60616E-1 3.41013E-1 6.72385E-1 3.81225E-1 3.83754E-1 6.67503E-1 4.83952E-1 4.37171E-1 4.86839E-1 1.3252E-1 8.24229E-2 5.33366E-2 4.78774E-2 1.70351E-2 9.75568E-3 1.43518E-3 0E0 0E0 0E0 0E0 0E0 0E0 5.5741E-2 1.00514E-1 1.08622E-1 3.71947E-3 3.59234E-2 1.30482E-1 1.56822E-1 1.21751E-1 3.2878E-2 5.1864E-2 4.20196E-2 1.96388E-2 2.62426E-2 1.22605E-2 0E0 0E0 0E0 0E0 0E0 0E0 0E0 0E0 0E0 0E0
-9999 -9999 -9999 -9999 -9999 -9999 -9999 -9999 -9999 -9999 -9999 -9999 -9999 -9999 -9999 -9999 -9999 5.30788E-1 5.0733E-1 4.80406E-1 5.57524E-1 4.46409E-1 4.37743E-1 4.88235E-1 4.34858E-1 5.25022E-1 5.40334E-1 3.35254E-1 3.32043E-1 1.80713E-1 7.0962E-3 2.54311E-2 9.27824E-3 1.12702E-2 5.80167E-3 1.44691E-3 2.02625E-2 3.50766E-2 0E0 0E0 0E0 4.13218E-3 1.69115E-2 1.13284E-2 2.5584E-1 5.84536E-2 1.46703E-1 4.15338E-2 4.40959E-2 0E0 2.02626E-2 1.14045E-1 1.04304E-1 0E0 0E0 6.81701E-2 2.17128E-2 0E0 1.54149E-3 0E0 8.32818E-4 0E0 0E0 0E0 0E0 0E0 0E0 0E0 0E0 0E0
-9999 -9999 -9999 -9999 -9999 -9999 -9999 -9999 -9999 -9999 -9999 -9999 -9999 -9999 -9999 -9999 4.81539E-1 4.57243E-1 5.09962E-1 5.03332E-1 3.87016E-1 3.44064E-1 4.99086E-1 4.05076E-1 4.79175E-1 3.7775E-1 3.89029E-1 3.26237E-1 3.27382E-1 1.12802E-1 1.29749E-1 1.21095E-2 1.9714E-2 6.67435E-4 1.33921E-2 9.53062E-3 0E0 7.07994E-3 4.94886E-2 2.14302E-3 0E0 5.50394E-3 3.11284E-2 9.31553E-2 1.65342E-1 3.24063E-1 8.00861E-2 1.88228E-2 0E0 0E0 0E0 4.52363E-2 3.07923E-2 5.35196E-2 0E0 0E0 1.15055E-2 0E0 0E0 0E0 0E0 0E0 0E0 0E0 0E0 0E0 0E0 0E0 0E0 0E0
-9999 -9999 -9999 -9999 -9999 -9999 -9999 -9999 -9999 -9999 -9999 -9999 -9999 -9999 -9999 4.57424E-1 4.60815E-1 5.122E-1 4.98781E-1 5.13606E-1 4.59075E-1 4.80369E-1 4.9801E-1 5.29974E-1 5.47988E-1 4.22948E-1 5.59727E-1 4.22284E-1 7.08562E-1 1.33092E-1 1.70824E-1 1.97228E-2 1.57539E-2 3.07623E-3 0E0 0E0 0E0 0E0 2.4878E-2 9.18081E-3 1.64607E-1 5.23551E-1 6.16266E-1 5.38928E-1 2.0953E-1 2.55597E-1 2.56218E-2 0E0 0E0 0E0 0E0 0E0 6.83736E-4 0E0 1.3156E-2 0E0 0E0 0E0 0E0 0E0 0E0 0E0 0E0 0E0 0E0 0E0 0E0 0E0 0E0 0E0
-9999 -9999 -9999 -9999 -9999 -9999 -9999 -9999 -9999 -9999 -9999 -9999 -9999 -9999 -9999 4.75091E-1 4.0931E-1 4.98518E-1 5.30122E-1 3.24221E-1 4.6172E-1 5.82495E-1 4.5328E-1 4.16866E-1 4.21886E-1 3.77524E-1 4.17345E-1 4.21482E-1 5.69096E-1 2.09993E-1 2.12604E-1 2.30392E-2 1.1115E-2 4.59325E-3 1.167E-2 5.36758E-3 0E0 7.09081E-3 9.18022E-3 4.65583E-2 5.66122E-1 2.48734E-1 3.32542E-1 3.28798E-1 3.20652E-1 9.26122E-2 5.23512E-2 0E0 0E0 0E0 0E0 0E0 0E0 0E0 0E0 8.01447E-4 0E0 0E0 0E0 0E0 0E0 0E0 0E0 0E0 0E0 0E0 0E0 0E0 0E0 0E0
-9999 -9999 -9999 -9999 -9999 -9999 -9999 -9999 -9999 -9999 -9999 -9999 -9999 -9999 4.24799E-1 4.75703E-1 4.4075E-1 3.20603E-1 4.69162E-1 4.98306E-1 5.05571E-1 5.56752E-1 3.82995E-1 6.91771E-1 6.45633E-1 4.17446E-1 3.71617E-1 4.42137E-1 5.26353E-1 4.29473E-1 5.1398E-1 2.93292E-2 9.62307E-3 4.65924E-3 1.20047E-2 1.873E-1 8.27134E-2 7.46527E-2 7.58641E-2 5.87659E-2 3.16485E-1 3.87589E-1 4.7816E-1 5.18149E-1 3.62222E-1 8.43288E-2 8.52631E-2 1.12152E-1 0E0 0E0 0E0 0E0 0E0 0E0 0E0 0E0 0E0 0E0 0E0 0E0 0E0 0E0 0E0 0E0 0E0 0E0 0E0 0E0 0E0 0E0
-9999 -9999 -9999 -9999 -9999 -9999 -9999 -9999 -9999 -9999 -9999 -9999 -9999 -9999 5.2611E-1 4.39942E-1 4.97066E-1 4.76671E-1 4.40409E-1 5.04181E-1 5.54069E-1 5.28059E-1 4.49185E-1 3.53503E-1 4.07119E-1 3.97176E-1 4.38248E-1 2.03078E-1 3.66526E-2 3.72383E-2 2.8099E-2 2.03343E-2 6.95738E-4 0E0 7.11697E-3 1.66768E-1 5.15016E-1 5.1804E-1 2.01195E-1 1.4998E-1 4.64046E-1 4.76475E-1 3.4631E-1 3.52346E-1 4.53592E-1 2.84655E-1 2.35234E-1 5.97896E-2 5.19338E-3 0E0 0E0 0E0 0E0 0E0 0E0 0E0 0E0 0E0 0E0 0E0 0E0 0E0 0E0 0E0 0E0 0E0 0E0 0E0 0E0 0E0
-9999 -9999 -9999 -9999 -9999 -9999 -9999 -9999 -9999 -9999 -9999 -9999 -9999 4.67336E-1 4.32809E-1 5.19153E-1 5.08629E-1 4.62497E-1 4.49838E-1 5.16515E-1 3.934E-1 5.22347E-1 4.78897E-1 3.9217E-1 4.29565E-1 4.23516E-1 2.51761E-1 4.49453E-2 2.06427E-2 2.61649E-2 2.51192E-2 2.08446E-2 7.34865E-3 4.54627E-4 5.31348E-3 2.16749E-2 5.05881E-1 5.30842E-1 9.2119E-4 6.99009E-3 4.13629E-1 3.61871E-1 4.59068E-1 4.46241E-1 5.07279E-1 3.66443E-1 3.04592E-1 1.51497E-1 1.3686E-1 6.73921E-3 2.84908E-2 5.95661E-2 1.1542E-1 0E0 0E0 0E0 0E0 0E0 0E0 0E0 0E0 0E0 0E0 0E0 0E0 0E0 0E0 0E0 0E0 0E0
-9999 -9999 -9999 -9999 -9999 -9999 -9999 -9999 -9999 -9999 -9999 -9999 -9999 2.74108E-1 4.14393E-1 4.6239E-1 5.49455E-1 5.31846E-1 3.97294E-1 5.44543E-1 5.38899E-1 5.29144E-1 5.12111E-1 4.5817E-1 4.5999E-1 4.28861E-1 1.16041E-1 4.18112E-2 1.1047E-2 2.31113E-2 5.44028E-2 1.07847E-2 7.54235E-3 2.41253E-3 9.27944E-3 2.7529E-2 5.09077E-1 4.377E-1 4.22917E-1 1.44989E-1 5.97778E-1 2.87961E-1 2.33761E-1 3.7737E-1 3.742E-1 3.6004E-1 3.49629E-1 3.18907E-1 2.93419E-1 1.29019E-1 2.11362E-1 8.57926E-2 2.3091E-2 4.57967E-2 0E0 0E0 0E0 0E0 0E0 0E0 0E0 0E0 0E0 0E0 0E0 0E0 0E0 0E0 0E0 0E0
-9999 -9999 -9999 -9999 -9999 -9999 -9999 -9999 -9999 -9999 -9999 -9999 4.13868E-1 2.84343E-1 4.12758E-1 4.1129E-1 2.51814E-1 3.63898E-1 3.20524E-1 3.79605E-1 5.83755E-1 6.19368E-1 5.72666E-1 4.51204E-1 4.91108E-1 5.49946E-1 3.06265E-1 5.20302E-2 5.36463E-2 6.26411E-2 1.4054E-1 5.47622E-2 1.34117E-1 1.1437E-1 1.05516E-2 1.39326E-2 2.56038E-1 5.36358E-1 4.33331E-1 1.32703E-1 2.99559E-1 3.89904E-1 2.4803E-1 3.62528E-1 3.82418E-1 3.47604E-1 2.25277E-1 1.92709E-1 2.45298E-1 1.61828E-1 1.46301E-1 2.44867E-2 3.0045E-2 0E0 0E0 0E0 0E0 0E0 0E0 0E0 0E0 0E0 0E0 0E0 0E0 0E0 0E0 0E0 0E0 0E0
-9999 -9999 -9999 -9999 -9999 -9999 -9999 -9999 -9999 -9999 -9999 -9999 2.9656E-1 3.02264E-1 2.49967E-1 2.79785E-1 2.94604E-1 3.58485E-1 4.0212E-1 4.7468E-1 5.12039E-1 5.54853E-1 4.85124E-1 4.63165E-1 4.69922E-1 4.94125E-1 2.47303E-1 1.50943E-1 2.04224E-1 1.71366E-1 6.13829E-2 6.62005E-2 6.82063E-2 8.03446E-4 5.37703E-3 4.69288E-2 2.38565E-1 4.60856E-1 3.97198E-1 4.08813E-1 3.62886E-1 3.74575E-1 3.41013E-1 3.6775E-1 3.22671E-1 3.71098E-1 3.50625E-1 3.01234E-1 1.88116E-1 1.50245E-1 2.79495E-1 1.50946E-1 1.84485E-1 0E0 0E0 0E0 0E0 0E0 0E0 0E0 0E0 0E0 0E0 0E0 0E0 0E0 0E0 0E0 0E0 0E0
-9999 -9999 -9999 -9999 -9999 -9999 -9999 -9999 -9999 -9999 -9999 4.01785E-1 3.14692E-1 3.87707E-1 5.22848E-1 5.05347E-1 4.19889E-1 3.80952E-1 4.20838E-1 4.52327E-1 5.47247E-1 5.02499E-1 4.99907E-1 6.83498E-1 4.64555E-1 3.24448E-1 1.08628E-1 5.54494E-1 5.59829E-1 1.49549E-1 6.1304E-2 6.59583E-2 5.60882E-3 4.59036E-2 1.01798E-1 1.1816E-1 4.25591E-2 3.2784E-2 1.05103E-1 2.33258E-1 1.50664E-1 1.74967E-1 6.18134E-1 6.76532E-1 3.309E-1 4.65031E-1 3.63879E-1 4.07395E-1 3.43565E-1 2.11007E-1 3.16675E-1 1.66609E-1 0E0 0E0 0E0 0E0 0E0 0E0 0E0 0E0 0E0 0E0 0E0 0E0 0E0 0E0 0E0 0E0 0E0 0E0
-9999 -9999 -9999 -9999 -9999 -9999 -9999 -9999 -9999 -9999 5.05282E-1 5.70212E-1 4.52957E-1 5.29578E-1 5.43248E-1 5.36608E-1 5.41263E-1 3.71799E-1 6.90209E-1 3.59943E-1 5.34236E-1 6.1156E-1 6.25225E-1 4.33934E-1 5.07327E-1 2.8148E-1 7.23455E-2 2.83779E-1 3.29174E-1 2.57605E-1 1.44599E-1 1.12522E-1 7.23962E-3 8.41805E-2 5.42208E-2 8.95972E-2 9.7735E-2 1.12563E-3 1.41234E-3 4.75664E-1 2.16946E-1 5.6859E-2 0E0 0E0 0E0 4.02535E-1 1.97535E-1 3.14368E-1 4.7776E-1 3.19165E-1 3.98943E-1 0E0 0E0 0E0 0E0 0E0 0E0 0E0 0E0 0E0 0E0 0E0 0E0 0E0 0E0 0E0 0E0 0E0 0E0 0E0
-9999 -9999 -9999 -9999 -9999 -9999 -9999 -9999 -9999 6.51345E-1 5.05323E-1 4.26964E-1 4.53282E-1 5.30732E-1 3.18725E-1 3.80655E-1 4.18167E-1 5.70357E-1 5.18404E-1 4.87997E-1 4.82984E-1 6.00796E-1 5.0609E-1 3.94615E-1 2.86883E-1 2.91129E-1 5.47624E-2 1.15035E-1 1.30519E-1 1.42297E-1 7.31577E-2 6.87565E-2 1.55997E-1 1.3225E-1 8.32632E-2 7.63498E-2 0E0 1.17819E-3 7.53279E-2 2.69156E-3 9.87838E-3 2.05636E-1 3.72537E-1 4.66381E-1 3.38592E-1 3.49044E-1 1.1376E-1 1.04214E-1 1.60416E-1 1.64377E-1 2.49414E-1 0E0 0E0 0E0 0E0 0E0 0E0 0E0 0E0 0E0 0E0 0E0 0E0 0E0 0E0 0E0 0E0 0E0 0E0 0E0
