ENM/Final_Models/M_1_F_qp_Set_1_EC/Gustavia_santanderiensis_5_Choco_clamping.asc
ncols         367
nrows         963
xllcorner     -78.6
yllcorner     0.65
cellsize      0.00833333333333323
NODATA_value  -9999
[rows 495 to 527 of 963, columns 222 to 295 of 367]
1.15271E-7 1.92696E-8 0E0 0E0 0E0 0E0 0E0 0E0 0E0 0E0 0E0 0E0 8.88178E-16 5.43249E-11 3.35287E-5 4.59578E-3 2.74072E-3 9.53076E-2 1.08555E-1 2.50817E-2 1.33227E-15 0E0 2.07367E-12 1.4214E-5 4.24683E-2 0E0 0E0 2.47427E-2 1.62782E-3 0E0 0E0 0E0 0E0 0E0 0E0 0E0 0E0 0E0 0E0 0E0 0E0 0E0 0E0 0E0 0E0 0E0 0E0 0E0 0E0 0E0 0E0 0E0 0E0 0E0 0E0 0E0 0E0 0E0 0E0 0E0 0E0 0E0 0E0 -9999 -9999 -9999 -9999 -9999 -9999 -9999 -9999 -9999 -9999 -9999
0E0 0E0 1.11022E-16 6.83154E-12 0E0 0E0 0E0 0E0 0E0 0E0 0E0 0E0 1.11022E-16 4.75064E-13 8.25084E-4 3.22726E-5 6.08591E-4 2.81242E-4 1.30029E-6 9.82126E-7 2.22045E-16 1.37113E-13 4.95857E-7 2.3309E-3 7.56043E-3 0E0 0E0 1.3612E-2 1.96408E-2 0E0 0E0 0E0 0E0 0E0 0E0 0E0 0E0 0E0 0E0 0E0 0E0 0E0 0E0 0E0 0E0 0E0 0E0 0E0 0E0 0E0 0E0 0E0 0E0 0E0 0E0 0E0 0E0 0E0 0E0 0E0 0E0 0E0 0E0 -9999 -9999 -9999 -9999 -9999 -9999 -9999 -9999 -9999 -9999 -9999
0E0 2.22045E-16 1.48649E-8 2.91266E-11 2.98503E-6 1.77791E-5 5.30815E-7 2.923E-12 8.7963E-13 6.66134E-16 0E0 5.55112E-16 0E0 0E0 3.96325E-8 1.84788E-4 1.5769E-9 1.3645E-7 1.05727E-8 4.47419E-10 4.67404E-14 5.74226E-11 8.19107E-9 5.17138E-5 5.93045E-3 2.79871E-6 3.26014E-8 2.22045E-16 1.44917E-10 1.81588E-12 2.22045E-15 5.19675E-5 3.49628E-3 0E0 0E0 0E0 0E0 0E0 0E0 0E0 0E0 0E0 0E0 0E0 0E0 0E0 0E0 0E0 0E0 0E0 0E0 0E0 0E0 0E0 0E0 0E0 0E0 0E0 0E0 0E0 0E0 0E0 0E0 -9999 -9999 -9999 -9999 -9999 -9999 -9999 -9999 -9999 -9999 -9999
0E0 3.21965E-15 1.22188E-10 4.28904E-7 2.72005E-14 5.42122E-13 2.04152E-9 3.71925E-14 6.06792E-12 8.44103E-12 4.95604E-13 1.44329E-15 1.98188E-10 0E0 4.65071E-5 9.75293E-6 1.3568E-5 1.75667E-10 4.94805E-11 2.16493E-14 2.26197E-12 0E0 0E0 2.88646E-6 4.54002E-5 6.1479E-9 3.56545E-10 1.10466E-6 3.64153E-8 1.85535E-7 9.7183E-4 0E0 0E0 0E0 0E0 0E0 0E0 0E0 0E0 0E0 0E0 0E0 0E0 0E0 0E0 0E0 0E0 0E0 0E0 0E0 0E0 0E0 0E0 0E0 0E0 0E0 0E0 0E0 0E0 0E0 0E0 0E0 0E0 -9999 -9999 -9999 -9999 -9999 -9999 -9999 -9999 -9999 -9999 -9999
0E0 0E0 4.44089E-16 0E0 1.68652E-9 2.38668E-8 1.79269E-8 2.08117E-7 3.05233E-11 6.03633E-10 4.44089E-16 0E0 3.55271E-15 3.13359E-10 1.34164E-4 9.17535E-4 1.87991E-9 5.3365E-10 9.32465E-10 8.88178E-16 0E0 0E0 0E0 6.13731E-13 1.44995E-12 4.17E-13 7.55096E-12 2.03387E-7 1.28585E-3 1.99866E-3 4.33136E-3 9.54942E-3 0E0 0E0 0E0 0E0 0E0 0E0 0E0 0E0 0E0 0E0 0E0 0E0 0E0 0E0 0E0 0E0 0E0 0E0 0E0 0E0 0E0 0E0 0E0 0E0 0E0 0E0 0E0 0E0 0E0 0E0 -9999 -9999 -9999 -9999 -9999 -9999 -9999 -9999 -9999 -9999 -9999 -9999
0E0 0E0 0E0 3.43281E-13 0E0 0E0 4.40479E-11 8.67868E-10 1.31337E-10 8.74634E-12 1.95419E-8 7.3073E-9 0E0 7.21756E-13 2.28167E-2 2.55832E-3 9.40747E-4 2.84639E-5 3.475E-14 0E0 0E0 2.539E-11 0E0 0E0 7.14317E-13 2.17651E-7 8.61214E-3 0E0 0E0 0E0 0E0 0E0 0E0 0E0 0E0 0E0 0E0 0E0 0E0 0E0 0E0 0E0 0E0 0E0 0E0 0E0 0E0 0E0 0E0 0E0 0E0 0E0 0E0 0E0 0E0 0E0 0E0 0E0 0E0 0E0 0E0 0E0 -9999 -9999 -9999 -9999 -9999 -9999 -9999 -9999 -9999 -9999 -9999 -9999
0E0 4.80949E-13 1.9873E-14 0E0 3.02635E-11 0E0 2.77005E-11 1.32167E-5 1.63548E-10 9.99201E-16 8.95173E-13 6.61331E-8 0E0 2.80502E-8 3.85814E-3 7.45072E-2 1.02538E-4 3.08698E-4 2.84188E-8 2.44138E-13 0E0 1.61477E-11 5.08163E-6 1.13191E-3 9.84999E-4 3.09483E-2 0E0 0E0 0E0 0E0 0E0 0E0 0E0 0E0 0E0 0E0 0E0 0E0 0E0 0E0 0E0 0E0 0E0 0E0 0E0 0E0 0E0 0E0 0E0 0E0 0E0 0E0 0E0 0E0 0E0 0E0 0E0 0E0 0E0 0E0 0E0 0E0 -9999 -9999 -9999 -9999 -9999 -9999 -9999 -9999 -9999 -9999 -9999 -9999
0E0 2.37588E-14 2.498E-14 0E0 1.78918E-9 2.10623E-10 9.86176E-11 0E0 2.10942E-15 9.99201E-16 3.33067E-16 2.19602E-13 5.41789E-13 0E0 1.43712E-2 6.07685E-2 1.47896E-3 9.86855E-8 2.2703E-8 5.06928E-13 4.44089E-16 5.78578E-10 4.99845E-5 5.23508E-2 5.55514E-2 0E0 0E0 0E0 0E0 0E0 0E0 0E0 0E0 0E0 0E0 0E0 0E0 0E0 0E0 0E0 0E0 0E0 0E0 0E0 0E0 0E0 0E0 0E0 0E0 0E0 0E0 0E0 0E0 0E0 0E0 0E0 0E0 0E0 0E0 0E0 0E0 -9999 -9999 -9999 -9999 -9999 -9999 -9999 -9999 -9999 -9999 -9999 -9999 -9999
0E0 0E0 6.99441E-15 0E0 0E0 2.22045E-16 0E0 0E0 1.2379E-12 8.68644E-7 3.19092E-8 3.25288E-8 5.5682E-8 1.64318E-8 1.47968E-3 8.02344E-4 2.00382E-10 0E0 0E0 7.10543E-15 1.45439E-14 0E0 3.02305E-4 2.67293E-5 2.0559E-2 1.71924E-3 0E0 0E0 0E0 0E0 0E0 0E0 0E0 0E0 0E0 0E0 0E0 0E0 0E0 0E0 0E0 0E0 0E0 0E0 0E0 0E0 0E0 0E0 0E0 0E0 0E0 0E0 0E0 0E0 0E0 0E0 0E0 0E0 0E0 0E0 -9999 -9999 -9999 -9999 -9999 -9999 -9999 -9999 -9999 -9999 -9999 -9999 -9999 -9999
3.27624E-9 0E0 6.4051E-12 0E0 0E0 1.51545E-13 9.09051E-13 9.52434E-11 0E0 0E0 0E0 8.06022E-14 3.76366E-14 2.83997E-10 1.26429E-9 0E0 0E0 0E0 0E0 5.37353E-11 0E0 1.57652E-14 1.78437E-10 2.01256E-9 2.178E-3 3.43921E-4 0E0 0E0 0E0 0E0 0E0 0E0 0E0 0E0 0E0 0E0 0E0 0E0 0E0 0E0 0E0 0E0 0E0 0E0 0E0 0E0 0E0 0E0 0E0 0E0 0E0 0E0 0E0 0E0 0E0 0E0 0E0 0E0 0E0 -9999 -9999 -9999 -9999 -9999 -9999 -9999 -9999 -9999 -9999 -9999 -9999 -9999 -9999 -9999
0E0 0E0 0E0 0E0 0E0 7.83609E-10 3.04022E-6 1.03174E-5 5.22941E-7 6.33415E-6 2.11932E-7 2.71464E-9 2.71294E-11 6.25694E-10 4.59124E-11 5.26135E-13 0E0 0E0 0E0 0E0 3.96772E-12 2.25707E-6 5.49882E-12 9.05018E-8 8.5132E-3 0E0 0E0 0E0 0E0 0E0 0E0 0E0 0E0 0E0 0E0 0E0 0E0 0E0 0E0 0E0 0E0 0E0 0E0 0E0 0E0 0E0 0E0 0E0 0E0 0E0 0E0 0E0 0E0 0E0 0E0 0E0 0E0 0E0 -9999 -9999 -9999 -9999 -9999 -9999 -9999 -9999 -9999 -9999 -9999 -9999 -9999 -9999 -9999 -9999
0E0 0E0 1.28516E-11 0E0 6.66134E-16 0E0 0E0 7.88258E-15 1.11022E-16 1.29674E-13 9.3933E-6 1.11231E-3 8.8876E-6 1.1536E-8 4.69137E-10 2.93099E-14 3.65263E-13 0E0 0E0 0E0 0E0 6.64238E-11 1.81277E-12 4.25759E-12 1.16308E-3 1.7896E-2 0E0 0E0 0E0 0E0 0E0 0E0 0E0 0E0 0E0 0E0 0E0 0E0 0E0 0E0 0E0 0E0 0E0 0E0 0E0 0E0 0E0 0E0 0E0 0E0 0E0 0E0 0E0 0E0 0E0 0E0 -9999 -9999 -9999 -9999 -9999 -9999 -9999 -9999 -9999 -9999 -9999 -9999 -9999 -9999 -9999 -9999 -9999 -9999
0E0 0E0 5.43787E-13 1.11022E-16 0E0 0E0 0E0 0E0 0E0 0E0 2.15753E-6 6.02741E-3 3.01173E-3 6.59665E-4 1.36557E-14 1.58809E-11 1.81388E-12 5.32907E-15 1.11022E-16 0E0 0E0 1.68942E-9 4.2032E-7 1.91534E-4 3.76441E-2 3.39307E-2 0E0 0E0 0E0 0E0 2.69912E-2 6.79063E-3 0E0 0E0 0E0 0E0 0E0 0E0 0E0 0E0 0E0 0E0 0E0 0E0 0E0 0E0 0E0 0E0 0E0 0E0 0E0 0E0 0E0 0E0 0E0 -9999 -9999 -9999 -9999 -9999 -9999 -9999 -9999 -9999 -9999 -9999 -9999 -9999 -9999 -9999 -9999 -9999 -9999 -9999
1.12856E-9 0E0 8.15485E-10 3.33067E-16 0E0 0E0 0E0 0E0 0E0 1.88738E-15 1.38081E-11 1.01102E-5 1.80919E-7 5.99459E-5 5.96911E-12 4.04248E-11 0E0 1.23235E-14 1.19127E-13 8.67902E-10 0E0 5.62336E-5 1.25323E-6 3.20857E-5 0E0 0E0 0E0 0E0 0E0 7.90476E-3 2.88079E-4 0E0 0E0 0E0 0E0 0E0 0E0 0E0 0E0 0E0 0E0 0E0 0E0 0E0 0E0 0E0 0E0 0E0 0E0 0E0 0E0 0E0 0E0 0E0 -9999 -9999 -9999 -9999 -9999 -9999 -9999 -9999 -9999 -9999 -9999 -9999 -9999 -9999 -9999 -9999 -9999 -9999 -9999 -9999
3.43558E-8 4.5522E-10 2.64086E-7 4.06041E-6 7.23566E-12 0E0 2.33147E-15 1.28786E-14 4.95287E-10 5.43343E-13 1.74216E-12 9.2437E-6 1.92961E-5 1.31006E-14 6.98959E-7 6.30699E-10 0E0 0E0 1.11022E-16 4.63418E-8 4.46147E-6 5.01084E-3 1.00316E-2 9.66736E-5 1.234E-3 9.53196E-3 0E0 0E0 0E0 1.93774E-2 0E0 0E0 0E0 0E0 0E0 0E0 0E0 0E0 0E0 0E0 0E0 0E0 0E0 0E0 0E0 0E0 0E0 0E0 0E0 0E0 0E0 0E0 0E0 -9999 -9999 -9999 -9999 -9999 -9999 -9999 -9999 -9999 -9999 -9999 -9999 -9999 -9999 -9999 -9999 -9999 -9999 -9999 -9999 -9999
1.52851E-5 5.51337E-13 7.18994E-7 2.23581E-7 3.02243E-5 1.08709E-7 3.92865E-8 1.74664E-3 3.89162E-9 1.96284E-11 6.87048E-3 5.02885E-5 6.06058E-6 5.2832E-11 4.52305E-13 3.40086E-10 2.51643E-12 7.12674E-9 3.95294E-5 3.05902E-2 0E0 1.13068E-2 1.49553E-2 2.83149E-4 1.18844E-3 1.48391E-2 0E0 0E0 0E0 0E0 0E0 0E0 0E0 0E0 0E0 0E0 0E0 0E0 0E0 0E0 0E0 0E0 0E0 0E0 0E0 0E0 0E0 0E0 0E0 0E0 0E0 0E0 -9999 -9999 -9999 -9999 -9999 -9999 -9999 -9999 -9999 -9999 -9999 -9999 -9999 -9999 -9999 -9999 -9999 -9999 -9999 -9999 -9999 -9999
3.475E-12 4.7006E-11 4.71805E-6 0E0 7.1312E-8 1.32257E-9 2.22377E-5 1.50677E-6 6.53501E-8 6.22029E-9 4.67359E-12 1.44687E-9 1.17996E-4 1.50919E-8 0E0 0E0 2.86438E-14 1.43692E-10 1.10449E-7 7.13702E-3 0E0 1.05256E-3 2.76192E-4 1.03693E-8 7.57287E-6 0E0 0E0 0E0 0E0 0E0 0E0 0E0 0E0 0E0 0E0 0E0 0E0 0E0 0E0 0E0 0E0 0E0 0E0 0E0 0E0 0E0 0E0 0E0 0E0 0E0 0E0 -9999 -9999 -9999 -9999 -9999 -9999 -9999 -9999 -9999 -9999 -9999 -9999 -9999 -9999 -9999 -9999 -9999 -9999 -9999 -9999 -9999 -9999 -9999
3.32401E-13 9.46261E-7 2.11026E-7 0E0 0E0 9.21991E-7 2.86991E-4 3.83027E-12 2.43472E-13 1.11022E-13 7.05657E-11 1.71196E-13 3.19973E-4 2.62369E-4 3.88498E-6 3.39284E-13 1.87051E-9 5.18352E-6 4.72508E-3 0E0 0E0 1.74016E-2 1.58936E-4 7.26974E-13 5.92205E-3 0E0 0E0 0E0 0E0 0E0 0E0 0E0 0E0 0E0 0E0 0E0 0E0 0E0 0E0 0E0 0E0 0E0 0E0 0E0 0E0 0E0 0E0 0E0 0E0 0E0 0E0 -9999 -9999 -9999 -9999 -9999 -9999 -9999 -9999 -9999 -9999 -9999 -9999 -9999 -9999 -9999 -9999 -9999 -9999 -9999 -9999 -9999 -9999 -9999
0E0 4.44511E-10 2.37508E-9 1.11022E-16 0E0 2.78071E-4 6.11528E-4 2.53286E-5 7.36765E-4 7.45056E-10 8.37685E-6 2.91978E-12 8.47874E-7 1.37414E-8 4.73778E-6 0E0 3.57554E-9 3.60123E-6 6.58825E-4 4.79962E-4 0E0 2.16973E-3 1.51519E-5 5.20841E-3 0E0 0E0 0E0 0E0 0E0 0E0 0E0 0E0 0E0 0E0 0E0 0E0 0E0 0E0 0E0 0E0 0E0 0E0 0E0 0E0 0E0 0E0 0E0 0E0 0E0 0E0 0E0 -9999 -9999 -9999 -9999 -9999 -9999 -9999 -9999 -9999 -9999 -9999 -9999 -9999 -9999 -9999 -9999 -9999 -9999 -9999 -9999 -9999 -9999 -9999
4.41158E-12 2.61124E-13 1.14751E-10 3.33067E-15 0E0 3.30173E-10 3.19744E-14 1.00973E-11 2.64494E-5 2.2915E-5 3.52631E-11 3.00437E-10 2.28123E-4 2.22631E-6 8.77076E-15 1.57848E-7 6.76015E-13 1.26135E-8 5.92672E-4 3.46255E-4 2.55634E-3 6.97608E-3 0E0 0E0 0E0 0E0 0E0 0E0 0E0 0E0 0E0 0E0 0E0 0E0 0E0 0E0 0E0 0E0 0E0 0E0 0E0 0E0 0E0 0E0 0E0 0E0 0E0 0E0 0E0 0E0 0E0 -9999 -9999 -9999 -9999 -9999 -9999 -9999 -9999 -9999 -9999 -9999 -9999 -9999 -9999 -9999 -9999 -9999 -9999 -9999 -9999 -9999 -9999 -9999
4.44089E-16 4.44089E-16 0E0 0E0 7.79149E-10 2.22045E-16 0E0 0E0 3.33067E-16 5.93812E-5 1.00503E-7 5.12923E-14 1.2232E-6 7.04778E-7 3.25295E-14 2.0095E-14 5.78182E-12 4.57983E-11 8.78212E-4 7.33093E-3 4.13161E-3 0E0 0E0 0E0 0E0 0E0 0E0 0E0 0E0 0E0 0E0 0E0 0E0 0E0 0E0 0E0 0E0 0E0 0E0 0E0 0E0 0E0 0E0 0E0 0E0 0E0 0E0 0E0 0E0 0E0 0E0 -9999 -9999 -9999 -9999 -9999 -9999 -9999 -9999 -9999 -9999 -9999 -9999 -9999 -9999 -9999 -9999 -9999 -9999 -9999 -9999 -9999 -9999 -9999
4.44089E-16 0E0 0E0 5.40931E-8 1.05693E-13 4.20698E-10 3.10862E-15 3.45168E-13 8.31624E-12 2.20542E-11 1.0023E-6 1.88738E-15 1.04852E-7 3.40809E-8 4.44089E-16 4.28546E-14 0E0 2.32573E-10 1.09296E-4 1.81659E-3 2.76849E-2 0E0 0E0 0E0 0E0 0E0 0E0 0E0 0E0 0E0 0E0 0E0 0E0 0E0 0E0 0E0 0E0 0E0 0E0 0E0 0E0 0E0 0E0 0E0 0E0 0E0 0E0 0E0 0E0 0E0 0E0 -9999 -9999 -9999 -9999 -9999 -9999 -9999 -9999 -9999 -9999 -9999 -9999 -9999 -9999 -9999 -9999 -9999 -9999 -9999 -9999 -9999 -9999 -9999
0E0 0E0 0E0 4.76378E-5 1.82913E-6 2.51981E-11 0E0 0E0 6.4504E-14 5.32907E-15 1.62359E-12 2.22045E-16 2.44249E-15 3.951E-11 5.52955E-11 2.59965E-11 0E0 8.88178E-16 1.46505E-8 4.08466E-7 1.87812E-8 6.09648E-7 0E0 0E0 0E0 0E0 2.21168E-4 1.51129E-5 0E0 0E0 0E0 0E0 0E0 0E0 0E0 0E0 0E0 0E0 0E0 0E0 0E0 0E0 0E0 0E0 0E0 0E0 0E0 0E0 0E0 0E0 0E0 -9999 -9999 -9999 -9999 -9999 -9999 -9999 -9999 -9999 -9999 -9999 -9999 -9999 -9999 -9999 -9999 -9999 -9999 -9999 -9999 -9999 -9999 -9999
1.92468E-12 1.69487E-11 5.60763E-12 1.98041E-8 1.11022E-16 4.82878E-10 1.35974E-8 6.15441E-8 6.63939E-8 1.17129E-13 7.68163E-13 1.44329E-15 0E0 0E0 1.12133E-14 5.53968E-9 1.45106E-12 5.32346E-8 9.70424E-6 8.35821E-4 4.91694E-3 0E0 0E0 0E0 0E0 0E0 1.84224E-2 0E0 1.23529E-3 0E0 0E0 0E0 0E0 0E0 0E0 0E0 0E0 0E0 0E0 0E0 0E0 0E0 0E0 0E0 0E0 0E0 0E0 0E0 0E0 0E0 0E0 0E0 -9999 -9999 -9999 -9999 -9999 -9999 -9999 -9999 -9999 -9999 -9999 -9999 -9999 -9999 -9999 -9999 -9999 -9999 -9999 -9999 -9999 -9999
2.42692E-8 4.23119E-11 1.98522E-11 5.59897E-12 3.10862E-15 1.96148E-8 2.86738E-4 7.94545E-4 1.34E-7 0E0 2.10942E-15 2.18212E-9 3.09841E-7 2.32988E-11 0E0 2.37557E-11 8.57141E-8 3.38798E-9 2.80453E-12 1.28856E-6 3.22534E-3 0E0 0E0 0E0 0E0 0E0 0E0 0E0 0E0 2.48331E-4 0E0 0E0 0E0 0E0 0E0 0E0 0E0 0E0 0E0 0E0 0E0 0E0 0E0 0E0 0E0 0E0 0E0 0E0 0E0 0E0 0E0 0E0 -9999 -9999 -9999 -9999 -9999 -9999 -9999 -9999 -9999 -9999 -9999 -9999 -9999 -9999 -9999 -9999 -9999 -9999 -9999 -9999 -9999 -9999
1.67957E-11 8.88178E-16 5.55112E-16 2.57572E-14 9.27924E-13 9.44467E-13 3.33888E-12 2.03504E-13 3.01912E-4 1.06305E-7 4.91446E-8 0E0 0E0 0E0 0E0 0E0 3.59823E-13 3.88649E-6 2.94022E-6 3.93133E-4 1.72582E-3 0E0 0E0 0E0 0E0 0E0 0E0 0E0 1.58115E-2 0E0 0E0 0E0 0E0 0E0 0E0 0E0 0E0 0E0 0E0 0E0 0E0 0E0 0E0 0E0 0E0 0E0 0E0 0E0 0E0 0E0 0E0 0E0 0E0 -9999 -9999 -9999 -9999 -9999 -9999 -9999 -9999 -9999 -9999 -9999 -9999 -9999 -9999 -9999 -9999 -9999 -9999 -9999 -9999 -9999
8.18901E-13 2.08021E-9 2.7045E-13 0E0 2.22045E-16 5.53609E-10 1.44329E-15 3.07107E-11 2.40776E-11 1.92573E-7 2.0644E-8 1.11544E-9 4.21624E-7 2.32971E-8 6.83787E-6 7.20535E-14 0E0 5.62316E-10 7.98461E-6 1.05241E-3 5.90452E-6 0E0 0E0 0E0 0E0 0E0 0E0 0E0 0E0 0E0 0E0 0E0 0E0 0E0 0E0 0E0 0E0 0E0 0E0 0E0 0E0 0E0 0E0 0E0 0E0 0E0 0E0 0E0 0E0 0E0 0E0 0E0 0E0 -9999 -9999 -9999 -9999 -9999 -9999 -9999 -9999 -9999 -9999 -9999 -9999 -9999 -9999 -9999 -9999 -9999 -9999 -9999 -9999 -9999
1.47993E-13 5.79761E-8 1.54543E-13 0E0 0E0 0E0 1.70386E-12 1.82741E-9 1.22797E-7 4.7988E-3 1.25758E-8 6.80926E-10 9.482E-5 1.89562E-3 8.57116E-5 9.99921E-8 8.21738E-7 5.69673E-9 1.93068E-10 8.78071E-6 1.29265E-2 3.34589E-3 0E0 0E0 0E0 0E0 0E0 0E0 0E0 0E0 0E0 0E0 0E0 0E0 0E0 0E0 0E0 0E0 0E0 0E0 0E0 0E0 0E0 0E0 0E0 0E0 0E0 0E0 0E0 0E0 0E0 0E0 0E0 -9999 -9999 -9999 -9999 -9999 -9999 -9999 -9999 -9999 -9999 -9999 -9999 -9999 -9999 -9999 -9999 -9999 -9999 -9999 -9999 -9999
2.94434E-6 2.19159E-11 2.85253E-9 1.73472E-7 0E0 8.43881E-13 7.77156E-16 3.07151E-10 9.90052E-9 1.23522E-4 1.81171E-4 3.81261E-5 1.1082E-7 1.83944E-6 1.90431E-3 1.40759E-9 4.74735E-6 3.70698E-6 1.23604E-6 2.76773E-4 3.07133E-2 1.8167E-5 8.49083E-3 0E0 0E0 0E0 0E0 0E0 0E0 0E0 0E0 0E0 0E0 0E0 0E0 0E0 0E0 0E0 0E0 0E0 0E0 0E0 0E0 0E0 0E0 0E0 0E0 0E0 0E0 0E0 0E0 0E0 0E0 -9999 -9999 -9999 -9999 -9999 -9999 -9999 -9999 -9999 -9999 -9999 -9999 -9999 -9999 -9999 -9999 -9999 -9999 -9999 -9999 -9999
5.16737E-11 2.66058E-8 7.78917E-8 4.47659E-11 1.33227E-14 6.42117E-7 4.38753E-10 6.68604E-9 1.19129E-2 4.84673E-3 8.33579E-3 1.50001E-7 4.34529E-7 6.9174E-6 3.62289E-4 2.4242E-6 9.14638E-8 3.21003E-5 1.17168E-4 1.72336E-3 7.97156E-4 4.72793E-5 3.20987E-3 0E0 0E0 0E0 0E0 0E0 0E0 0E0 0E0 0E0 0E0 0E0 0E0 0E0 0E0 0E0 0E0 0E0 0E0 0E0 0E0 0E0 0E0 0E0 0E0 0E0 0E0 0E0 0E0 0E0 0E0 0E0 -9999 -9999 -9999 -9999 -9999 -9999 -9999 -9999 -9999 -9999 -9999 -9999 -9999 -9999 -9999 -9999 -9999 -9999 -9999 -9999
2.19424E-10 4.42535E-13 5.70877E-13 1.49533E-10 2.84459E-11 5.88807E-12 3.75984E-9 1.12979E-6 2.36639E-6 1.51019E-4 3.48774E-8 5.23656E-10 5.29318E-11 1.87285E-10 7.76775E-10 3.44169E-15 2.98189E-7 9.82991E-13 5.26541E-8 3.59378E-6 1.76352E-3 8.23629E-6 3.25662E-3 9.19831E-3 0E0 0E0 0E0 0E0 0E0 0E0 0E0 0E0 0E0 0E0 0E0 0E0 0E0 0E0 0E0 0E0 0E0 0E0 0E0 0E0 0E0 0E0 0E0 0E0 0E0 0E0 0E0 0E0 0E0 0E0 -9999 -9999 -9999 -9999 -9999 -9999 -9999 -9999 -9999 -9999 -9999 -9999 -9999 -9999 -9999 -9999 -9999 -9999 -9999 -9999
3.80507E-10 2.22045E-16 0E0 2.14008E-11 3.16913E-12 2.10942E-14 4.46364E-8 1.01444E-7 6.49936E-10 9.14269E-13 3.90464E-10 1.94361E-11 1.98887E-3 4.47697E-12 3.95062E-12 5.31297E-12 2.18838E-7 7.49581E-8 1.62889E-11 1.05709E-3 3.49594E-3 1.6143E-5 3.83515E-3 0E0 0E0 0E0 0E0 0E0 0E0 0E0 0E0 0E0 0E0 0E0 0E0 0E0 0E0 0E0 0E0 0E0 0E0 0E0 0E0 0E0 0E0 0E0 0E0 0E0 0E0 0E0 0E0 0E0 0E0 0E0 -9999 -9999 -9999 -9999 -9999 -9999 -9999 -9999 -9999 -9999 -9999 -9999 -9999 -9999 -9999 -9999 -9999 -9999 -9999 -9999
6.13414E-7 0E0 2.83107E-14 7.10654E-13 1.52383E-10 3.46418E-10 9.88986E-9 3.02218E-9 2.05121E-11 2.88788E-9 1.29192E-8 4.96453E-8 4.28882E-5 1.47662E-9 1.13798E-12 8.54872E-15 4.83591E-8 8.12348E-6 7.77143E-6 1.21313E-4 1.75695E-3 2.3185E-3 0E0 0E0 0E0 0E0 0E0 0E0 0E0 0E0 0E0 0E0 0E0 0E0 0E0 0E0 0E0 0E0 0E0 0E0 0E0 0E0 0E0 0E0 0E0 0E0 0E0 0E0 0E0 0E0 0E0 0E0 0E0 -9999 -9999 -9999 -9999 -9999 -9999 -9999 -9999 -9999 -9999 -9999 -9999 -9999 -9999 -9999 -9999 -9999 -9999 -9999 -9999 -9999
