ENM/Final_Models/M_1_F_qp_Set_1_EC/Gustavia_santanderiensis_7_Choco_clamping.asc
ncols         367
nrows         963
xllcorner     -78.6
yllcorner     0.65
cellsize      0.00833333333333323
NODATA_value  -9999
[rows 434 to 464 of 963, columns 210 to 279 of 367]
8.91929E-10 2.44371E-9 1.2032E-8 5.79112E-9 1.60593E-9 1.58055E-10 1.68497E-8 3.51839E-8 2.99365E-9 3.70011E-8 4.89899E-9 3.3509E-8 2.23748E-10 1.7509E-10 6.98697E-12 3.18754E-8 3.45024E-11 6.17617E-13 7.08167E-12 7.04246E-8 4.36219E-9 1.38956E-12 9.13936E-13 1.28231E-13 1.48226E-12 9.16378E-13 1.90548E-12 4.45962E-9 6.29952E-9 1.88714E-10 9.76512E-10 3.34443E-9 1.39599E-8 7.86978E-8 1.93636E-8 1.2596E-7 1.64756E-6 8.5228E-8 3.6302E-5 2.11926E-6 1.83623E-5 1.29107E-4 7.43557E-5 6.75426E-6 2.54812E-5 2.89917E-5 4.96464E-5 8.1022E-5 7.66931E-5 2.56539E-3 3.28825E-3 1.17582E-3 1.49937E-4 1.38638E-5 7.41815E-6 3.66814E-4 0E0 0E0 0E0 0E0 3.27052E-5 2.03241E-5 0E0 1.25353E-4 1.91406E-4 3.74106E-4 0E0 0E0 0E0 0E0
4.09608E-11 2.39341E-8 2.36734E-7 4.02868E-7 1.19398E-8 1.71052E-10 2.42694E-8 2.85215E-8 4.59991E-8 1.00062E-7 1.00023E-9 1.74122E-10 2.39173E-9 4.52804E-12 3.70899E-8 7.7427E-13 3.7248E-13 8.91253E-10 1.11376E-8 2.83752E-10 1.03861E-12 3.96683E-13 4.25893E-12 4.45214E-11 1.84908E-12 3.23753E-11 8.97948E-11 7.31549E-11 5.10978E-8 8.78807E-9 6.27134E-9 9.88763E-9 6.09296E-8 2.08824E-9 2.61633E-7 1.63487E-6 3.30137E-8 3.03423E-8 8.60916E-7 5.30361E-6 1.58495E-7 2.01148E-7 1.1673E-5 7.78646E-4 2.71012E-5 1.29709E-5 1.53256E-5 1.13875E-4 6.84761E-4 1.20877E-2 1.45502E-3 5.4619E-4 2.70846E-5 2.903E-6 5.09878E-7 2.22999E-4 0E0 0E0 0E0 0E0 0E0 0E0 0E0 0E0 0E0 0E0 0E0 0E0 0E0 0E0
8.28857E-7 6.71653E-10 2.33946E-10 9.32727E-10 3.60377E-11 1.84004E-10 4.23973E-9 1.0053E-8 2.55227E-8 1.4647E-8 3.87095E-9 2.70821E-8 8.2336E-9 1.1832E-10 5.67165E-9 2.1278E-8 9.29606E-9 1.61604E-12 5.63882E-13 4.36873E-13 3.64042E-13 2.91989E-14 1.42053E-12 3.3592E-12 8.99414E-12 1.11373E-11 1.24323E-9 9.52518E-11 8.01353E-9 1.72619E-8 1.6765E-6 9.44271E-9 4.72036E-8 6.95779E-9 7.95751E-7 2.29041E-5 5.46244E-9 1.16902E-6 2.87531E-5 2.74723E-6 5.32585E-6 1.79755E-6 1.13222E-5 9.12525E-7 5.15283E-6 1.6399E-5 6.40937E-5 1.27185E-4 6.36612E-4 1.23849E-3 1.15625E-3 1.53132E-4 4.70331E-7 2.4426E-4 3.42896E-4 0E0 0E0 2.75911E-4 1.25805E-5 0E0 0E0 0E0 0E0 0E0 0E0 0E0 0E0 0E0 0E0 0E0
1.05598E-7 4.0187E-11 8.63599E-8 2.63284E-10 1.39372E-11 1.24461E-9 6.02867E-11 5.23519E-8 1.40798E-5 5.97519E-8 9.35064E-11 7.3621E-10 1.89226E-12 1.04873E-11 8.89216E-11 7.17954E-9 1.26415E-8 2.75268E-9 5.63882E-13 2.35922E-13 1.00364E-12 1.43829E-12 4.61753E-12 2.02002E-8 2.42895E-12 2.6692E-12 1.52086E-9 2.64202E-8 1.21595E-9 2.01648E-8 5.54492E-9 2.79827E-9 3.44444E-8 1.11581E-8 4.75204E-8 8.64053E-7 2.25687E-9 1.13047E-5 2.91354E-5 5.40523E-6 2.67456E-6 1.14602E-4 1.61493E-5 1.10058E-5 4.22137E-6 3.71252E-5 5.01754E-5 2.83061E-4 1.2568E-3 1.20079E-3 6.71917E-5 1.60242E-5 1.14374E-3 1.6079E-4 0E0 0E0 0E0 0E0 4.89896E-4 2.97058E-4 1.28329E-4 0E0 0E0 0E0 0E0 0E0 0E0 0E0 0E0 0E0
3.21334E-8 2.64573E-9 4.43823E-8 7.47405E-11 9.62414E-10 6.01809E-8 9.90645E-9 6.91119E-11 1.90469E-7 8.39164E-9 2.29031E-11 2.88347E-12 6.27498E-13 5.95624E-12 1.01126E-11 5.59187E-8 2.35667E-7 1.12416E-9 6.59639E-12 1.57707E-12 1.7375E-11 3.29913E-11 3.4604E-8 2.94752E-5 2.84066E-9 3.85176E-11 2.94649E-10 1.8779E-8 1.64159E-10 1.20581E-10 2.19564E-7 1.32086E-8 9.80444E-8 1.90281E-7 1.29181E-8 3.6093E-8 3.31235E-7 3.52103E-7 9.1227E-8 5.98157E-7 3.7519E-7 1.51126E-5 3.06392E-6 6.92701E-6 3.98622E-5 5.0643E-5 1.04503E-4 1.6293E-4 1.08323E-3 3.22804E-4 1.70229E-4 1.14245E-5 8.8871E-4 2.32695E-4 0E0 0E0 0E0 0E0 0E0 4.59397E-5 2.08774E-4 5.59964E-4 1.0641E-3 0E0 0E0 0E0 0E0 0E0 0E0 0E0
5.6244E-8 7.12986E-9 7.45505E-10 2.75404E-9 1.75827E-9 6.17249E-10 1.09785E-8 2.11708E-10 2.16054E-11 1.46579E-8 6.35947E-12 1.03861E-12 6.04516E-13 2.57205E-12 3.30869E-12 1.16236E-9 2.15693E-11 3.09881E-8 2.70411E-9 7.68241E-12 3.12861E-13 1.60137E-8 5.45048E-6 1.58561E-5 8.92801E-9 4.08108E-8 3.75908E-10 5.73308E-8 6.36613E-8 4.90332E-8 4.42946E-7 2.54444E-7 1.27415E-7 1.12769E-7 1.86661E-6 9.15813E-7 1.20567E-6 4.85874E-6 1.85408E-6 2.82675E-6 1.93774E-7 4.19884E-6 8.55021E-7 7.47277E-6 1.75969E-4 1.30769E-4 5.46538E-6 5.10448E-4 1.42493E-3 1.9668E-3 2.10921E-3 2.10337E-3 7.79959E-4 1.11565E-3 1.88663E-5 0E0 0E0 0E0 0E0 1.14026E-4 1.01155E-3 6.40705E-4 1.28131E-3 0E0 0E0 0E0 0E0 0E0 0E0 0E0
1.18418E-9 3.21274E-7 4.40333E-9 1.97228E-9 1.04309E-10 1.29829E-10 2.73166E-10 6.57537E-9 1.02366E-10 3.60434E-12 4.4853E-14 4.71848E-11 2.07678E-12 1.34019E-7 5.13954E-6 1.6816E-6 2.67501E-6 4.57769E-7 5.90425E-5 9.0628E-8 2.76769E-11 2.20708E-6 6.14135E-7 2.63671E-6 1.98452E-5 1.12504E-6 1.08003E-7 3.63563E-7 2.45394E-8 1.53899E-6 3.59046E-7 1.50256E-6 2.25797E-6 2.03989E-4 6.3399E-5 2.48119E-5 3.5136E-5 4.15613E-5 1.40568E-4 3.67579E-5 1.51788E-5 1.8265E-5 7.57652E-6 6.76358E-6 1.74791E-5 1.10953E-5 2.3481E-4 2.13274E-3 4.26717E-4 1.13625E-4 0E0 0E0 0E0 5.46046E-6 2.65071E-4 6.49396E-4 8.64998E-4 5.33506E-4 0E0 0E0 0E0 0E0 0E0 0E0 0E0 0E0 0E0 0E0 0E0 0E0
4.10199E-9 3.76146E-8 1.32778E-9 1.27268E-10 2.58023E-10 8.33185E-11 7.81068E-8 1.33078E-8 2.17612E-8 3.00667E-9 2.0095E-14 1.94844E-13 1.71088E-8 8.94221E-7 3.6463E-7 1.14067E-6 5.50476E-6 3.23622E-6 1.85515E-5 1.76886E-5 5.14992E-7 6.34085E-6 2.19821E-7 2.95578E-8 7.43496E-6 4.85159E-4 3.27999E-6 1.52688E-6 1.22218E-7 4.51011E-8 5.72092E-6 4.2382E-7 3.57759E-5 6.37551E-6 9.24711E-7 8.95857E-7 1.4039E-7 9.05208E-6 5.81894E-4 2.08781E-3 8.37087E-5 4.65631E-6 2.61632E-6 6.06744E-5 1.1062E-4 6.9608E-8 3.80198E-6 6.92033E-4 0E0 0E0 0E0 0E0 0E0 0E0 0E0 0E0 0E0 0E0 0E0 0E0 0E0 0E0 0E0 0E0 8.65385E-4 0E0 0E0 0E0 0E0 0E0
8.68091E-8 9.34053E-9 8.8019E-11 6.95211E-12 1.11335E-10 2.14498E-9 1.83615E-9 9.21583E-10 5.92393E-12 1.28929E-10 5.93969E-14 3.16636E-13 1.75016E-12 2.31766E-10 6.43081E-10 6.25973E-11 4.95066E-11 1.67393E-7 5.69053E-7 3.03979E-13 3.94774E-10 1.48289E-8 3.24274E-6 2.17084E-6 7.53545E-8 1.62828E-7 4.12055E-6 2.60594E-4 2.22796E-6 3.74548E-6 4.10409E-5 1.24632E-6 1.19781E-6 4.46608E-9 2.03576E-7 6.09235E-7 6.3353E-7 1.46915E-6 1.77404E-3 1.08979E-3 6.22118E-6 1.68019E-5 1.97367E-5 2.07432E-5 2.16251E-5 1.877E-8 5.71104E-4 1.28863E-6 0E0 0E0 0E0 0E0 0E0 0E0 0E0 0E0 0E0 0E0 0E0 0E0 0E0 0E0 0E0 0E0 0E0 0E0 0E0 0E0 0E0 0E0
3.82092E-9 2.25526E-10 2.54032E-9 1.62672E-11 8.5512E-7 2.26132E-8 1.74927E-6 2.97128E-9 2.94117E-9 2.74036E-12 2.14304E-11 9.07385E-12 4.93494E-13 1.68665E-12 8.27887E-10 7.58948E-13 6.22208E-11 9.59166E-12 1.84797E-12 7.89113E-12 5.29248E-11 1.7492E-6 1.24511E-8 1.93512E-8 2.50209E-8 1.10065E-7 7.45179E-9 2.28822E-4 1.31299E-6 2.68284E-5 9.73996E-6 1.65879E-7 2.42754E-5 3.0108E-8 1.68469E-9 5.49809E-8 1.98967E-6 1.0155E-4 2.52702E-4 2.9058E-6 5.79149E-7 9.88797E-6 3.26382E-4 3.34546E-5 2.8913E-6 7.72902E-7 9.18041E-4 1.78872E-4 0E0 0E0 0E0 0E0 0E0 0E0 0E0 0E0 0E0 0E0 0E0 0E0 0E0 0E0 0E0 0E0 0E0 0E0 0E0 0E0 0E0 0E0
1.99644E-10 2.79117E-11 1.8966E-10 1.85562E-9 2.79409E-10 1.24665E-9 2.16011E-9 1.05422E-8 2.31681E-12 3.79108E-12 1.27012E-11 5.0171E-13 2.04159E-12 7.70914E-11 2.06045E-7 1.07293E-9 4.96159E-12 5.31208E-12 1.78353E-10 1.50924E-12 4.81609E-9 8.48902E-8 6.31695E-12 1.18516E-11 1.73193E-9 2.39635E-5 5.38899E-8 1.34617E-5 2.82101E-6 3.43108E-6 1.51683E-5 4.30987E-6 2.36043E-5 1.02084E-7 2.10401E-8 1.9548E-6 2.7658E-6 6.60228E-4 8.09869E-4 1.31482E-6 2.67462E-7 3.44765E-5 4.24876E-5 4.0699E-6 6.41368E-7 1.11199E-5 6.47166E-4 1.30595E-3 4.85512E-4 8.22008E-4 0E0 0E0 0E0 0E0 0E0 0E0 0E0 0E0 0E0 0E0 0E0 0E0 0E0 0E0 0E0 0E0 0E0 0E0 0E0 0E0
6.68428E-11 1.61617E-11 4.59149E-10 2.11594E-9 1.61537E-9 3.94559E-10 7.93369E-11 1.1764E-10 2.89169E-12 1.25294E-11 1.47666E-10 2.90832E-10 2.34803E-11 5.20239E-12 2.63004E-11 2.15192E-9 3.23375E-12 6.36202E-12 3.36451E-11 2.94312E-8 1.08851E-8 8.30199E-10 7.43627E-13 5.96676E-10 1.41727E-8 6.14953E-10 7.29306E-6 5.97484E-8 2.18564E-5 3.41724E-6 9.77921E-7 5.9233E-6 2.989E-4 3.18996E-5 1.46039E-7 3.07025E-6 1.94332E-5 1.1663E-5 9.69318E-6 1.36741E-5 4.57776E-8 1.0609E-8 7.98038E-8 2.69586E-7 5.21272E-6 8.11756E-5 1.46806E-4 1.14871E-3 1.04943E-3 9.63559E-4 7.31011E-4 6.43166E-4 2.00964E-4 0E0 0E0 0E0 0E0 0E0 3.45331E-5 2.25782E-4 8.81093E-5 2.21332E-4 2.27753E-4 0E0 0E0 0E0 0E0 0E0 0E0 0E0
1.49733E-10 1.67253E-11 3.37515E-9 6.78069E-10 2.71906E-9 6.63414E-12 5.0717E-10 8.74301E-13 9.11803E-11 5.48872E-12 7.67186E-12 1.3519E-10 1.26165E-9 7.96848E-11 2.32958E-12 2.31668E-10 1.31935E-9 5.88568E-10 3.17317E-11 2.41618E-10 3.31948E-10 3.09645E-10 2.3857E-9 1.11185E-10 1.23407E-10 1.93308E-5 1.10859E-6 3.43627E-9 1.028E-10 3.95262E-9 9.46553E-9 5.16387E-9 1.34113E-7 7.51559E-5 1.73711E-6 1.70864E-5 1.083E-6 4.36681E-9 2.32214E-8 4.31978E-8 1.04796E-8 3.44484E-6 6.41225E-6 3.04996E-4 1.53788E-2 1.5635E-3 1.47077E-3 1.6558E-4 0E0 1.48015E-4 1.40937E-4 0E0 8.7734E-4 6.1387E-4 0E0 0E0 0E0 0E0 0E0 0E0 4.4101E-4 7.64891E-4 7.0606E-4 1.22937E-4 0E0 0E0 0E0 0E0 0E0 0E0
3.9293E-12 5.25724E-12 2.54E-7 1.57089E-8 7.25864E-13 2.08061E-9 5.64606E-10 7.72684E-11 9.91067E-9 4.41956E-8 1.42596E-11 2.07803E-11 2.15112E-8 6.71082E-11 1.95333E-10 1.04247E-11 1.57054E-9 8.42157E-10 1.26482E-11 4.43738E-10 1.19722E-10 3.34516E-9 1.21394E-7 1.14855E-8 1.61508E-5 6.82226E-5 3.79369E-5 1.93285E-7 1.12959E-8 3.39643E-9 2.86023E-8 2.20083E-7 3.89933E-5 8.65716E-6 2.61955E-4 3.6578E-5 1.35409E-6 2.02071E-8 1.08126E-8 3.92229E-9 8.86207E-8 3.61285E-4 7.24423E-3 1.08973E-3 0E0 0E0 0E0 7.1067E-5 0E0 0E0 0E0 0E0 2.39637E-2 4.00193E-4 0E0 0E0 0E0 0E0 0E0 0E0 0E0 0E0 0E0 0E0 0E0 0E0 0E0 5.00164E-4 1.07179E-4 0E0
1.52983E-8 1.82891E-11 8.70514E-7 2.56926E-9 1.36022E-8 2.44394E-9 1.86099E-10 5.55644E-11 9.69824E-11 7.70397E-9 1.53272E-9 8.30991E-10 3.59662E-11 2.15528E-11 5.3767E-12 2.11164E-11 1.0526E-12 1.06937E-12 2.42351E-12 2.73643E-10 1.24083E-10 6.79596E-9 4.62041E-10 7.36123E-7 5.91588E-8 1.49644E-5 4.54671E-6 3.37088E-7 2.63308E-7 6.31081E-5 7.96536E-6 2.08662E-4 5.94033E-5 3.72384E-8 4.87835E-7 3.4614E-7 1.16954E-8 3.31267E-9 9.4083E-9 3.13677E-6 9.49148E-4 1.46765E-3 6.60989E-4 1.14964E-4 0E0 0E0 0E0 8.02084E-5 0E0 0E0 1.43466E-4 1.00652E-3 6.2661E-4 0E0 0E0 0E0 0E0 0E0 0E0 0E0 0E0 0E0 0E0 0E0 0E0 0E0 0E0 0E0 0E0 0E0
5.1886E-10 1.65098E-10 1.0204E-6 1.86595E-6 5.62769E-9 1.34454E-8 3.35487E-11 1.82481E-11 7.53847E-10 1.94157E-8 9.24384E-11 1.08259E-8 2.57293E-10 1.27143E-12 7.09688E-12 9.59366E-12 6.04072E-12 5.60081E-9 8.63367E-11 5.30933E-11 1.05871E-6 2.81366E-6 8.37095E-8 1.39015E-7 7.38613E-7 5.72666E-7 1.60889E-9 7.3141E-6 1.04854E-4 3.02874E-7 4.92963E-6 7.2141E-6 4.91198E-7 8.49763E-9 1.28665E-9 4.42394E-8 7.96094E-10 1.59729E-6 2.55334E-5 1.64062E-5 3.20957E-5 1.44506E-3 4.88852E-4 6.44532E-5 0E0 0E0 1.83625E-4 5.02318E-4 2.78805E-4 2.30547E-4 9.65283E-4 6.05147E-4 3.13061E-5 0E0 0E0 0E0 0E0 0E0 0E0 0E0 0E0 0E0 0E0 0E0 0E0 0E0 0E0 0E0 0E0 0E0
5.75862E-12 7.13307E-9 4.38285E-5 1.29752E-4 5.69001E-7 3.32052E-11 4.55984E-10 7.28652E-8 2.92031E-7 6.13483E-9 1.81543E-11 9.94728E-9 1.48661E-11 9.39343E-11 4.67271E-12 3.2458E-10 3.44013E-10 2.56194E-11 6.09237E-10 6.67993E-8 8.14275E-7 4.14063E-8 9.34827E-11 4.05033E-5 7.92531E-6 1.44128E-9 7.12494E-6 5.20799E-7 4.33133E-4 8.35025E-7 1.564E-4 8.31623E-5 1.06293E-4 1.21145E-6 4.3983E-11 8.92213E-10 5.51966E-8 1.69851E-4 3.30709E-4 5.42138E-4 1.1734E-3 8.18937E-4 1.35238E-3 1.01759E-3 9.91345E-5 0E0 5.44584E-4 1.11111E-3 1.15784E-3 2.59424E-4 1.15352E-3 0E0 0E0 0E0 0E0 0E0 0E0 0E0 0E0 0E0 0E0 0E0 0E0 0E0 0E0 0E0 0E0 0E0 0E0 0E0
3.54905E-12 2.02592E-10 3.22552E-9 3.98829E-9 1.08025E-10 1.00895E-9 3.04004E-8 3.69083E-7 3.52569E-7 9.8339E-8 5.66713E-11 4.32798E-10 1.08268E-10 2.35214E-10 1.14321E-9 2.57677E-11 1.75152E-11 1.42042E-9 1.00667E-10 1.30808E-7 3.95715E-7 1.13895E-6 4.45485E-8 1.5134E-5 9.25656E-6 8.11268E-9 2.77717E-5 1.72265E-5 8.11349E-6 2.91348E-5 4.42074E-4 2.05491E-4 7.48297E-4 1.82012E-6 7.94239E-9 3.20884E-6 7.01156E-5 7.20634E-4 1.33509E-3 3.1947E-4 1.55653E-4 7.7937E-4 1.07163E-3 1.12317E-3 7.72208E-5 1.16725E-4 1.09339E-3 1.5669E-3 8.54086E-4 0E0 1.12247E-5 0E0 0E0 0E0 0E0 0E0 0E0 0E0 0E0 0E0 0E0 0E0 0E0 0E0 0E0 0E0 0E0 0E0 0E0 0E0
1.42882E-10 4.32541E-10 4.39158E-10 2.04581E-10 1.95829E-9 5.61681E-10 1.1718E-9 2.06983E-6 5.51559E-8 1.08894E-9 1.35091E-7 4.77724E-8 3.62433E-9 2.0952E-8 3.172E-10 1.83527E-10 2.06297E-10 1.77992E-11 1.39955E-11 3.95578E-10 4.71814E-9 3.46705E-7 2.03219E-6 6.2491E-7 7.44168E-7 7.42625E-6 1.54699E-7 3.33383E-4 1.22441E-3 7.26586E-4 3.9223E-4 4.92932E-5 4.98431E-4 1.1973E-7 1.03584E-7 9.89613E-5 1.40918E-3 1.00008E-3 5.27992E-5 0E0 0E0 2.87701E-6 6.32714E-4 5.8963E-4 7.86237E-4 3.91291E-4 1.1259E-3 6.4369E-4 0E0 0E0 0E0 0E0 0E0 0E0 0E0 0E0 0E0 0E0 0E0 0E0 6.60225E-5 2.50852E-4 0E0 0E0 0E0 0E0 0E0 0E0 0E0 0E0
3.11111E-11 6.53133E-12 3.38898E-11 9.70027E-8 4.74791E-9 9.64372E-11 1.54896E-8 4.80978E-8 7.01188E-10 7.25294E-10 5.57493E-11 1.40366E-7 3.23062E-7 4.34369E-6 9.05265E-8 3.11766E-9 1.35848E-8 1.28796E-7 8.34468E-8 2.26911E-8 2.0105E-9 6.05846E-10 9.14989E-8 6.64076E-6 5.70503E-5 1.51611E-8 2.60626E-5 2.22119E-4 1.44045E-3 2.37327E-4 2.03277E-6 2.30193E-5 4.0274E-5 4.53967E-6 1.05678E-4 3.43843E-4 7.76418E-4 2.7796E-4 0E0 0E0 0E0 0E0 0E0 0E0 5.26654E-4 2.89722E-4 4.46131E-4 0E0 0E0 0E0 0E0 0E0 0E0 0E0 0E0 0E0 0E0 0E0 0E0 0E0 0E0 0E0 0E0 3.96172E-5 2.28082E-4 0E0 0E0 0E0 0E0 0E0
2.29903E-10 4.44833E-12 4.08133E-10 2.22321E-10 4.73154E-9 8.1972E-8 6.02756E-7 6.59803E-9 1.75563E-10 1.01823E-8 1.32352E-5 1.30957E-6 6.51402E-9 5.77292E-9 5.60477E-11 1.35594E-10 5.52812E-10 2.17303E-11 1.47565E-11 2.97506E-12 2.89841E-8 9.47564E-12 6.10441E-9 3.30066E-10 3.79566E-10 2.93445E-4 3.33964E-5 1.00372E-5 3.17634E-5 1.53994E-6 4.39989E-6 2.34762E-4 5.06872E-5 4.43287E-4 1.34639E-3 1.04714E-3 1.70752E-5 0E0 0E0 0E0 0E0 0E0 0E0 0E0 1.37001E-4 1.78774E-4 0E0 0E0 0E0 0E0 0E0 0E0 0E0 0E0 0E0 0E0 0E0 0E0 0E0 0E0 0E0 0E0 0E0 0E0 1.03283E-4 0E0 0E0 0E0 0E0 0E0
9.51977E-5 2.9553E-6 2.62176E-10 3.01682E-11 3.17137E-9 7.3179E-8 3.94303E-9 7.81762E-8 1.33809E-9 2.1266E-8 3.1089E-10 3.19853E-10 4.37399E-11 3.03064E-11 1.35396E-10 7.73934E-9 4.49578E-10 5.54792E-10 5.54692E-7 8.79918E-12 6.68704E-9 2.79994E-7 2.58064E-7 4.59252E-7 1.66706E-8 4.6538E-8 7.32747E-4 3.04323E-4 7.9282E-6 3.09732E-4 1.5701E-4 2.13339E-4 1.01412E-4 3.21878E-4 1.28213E-3 1.27002E-3 8.18212E-5 0E0 0E0 0E0 0E0 0E0 0E0 0E0 0E0 3.5305E-4 2.61966E-4 0E0 0E0 0E0 0E0 0E0 0E0 0E0 0E0 0E0 0E0 0E0 0E0 0E0 0E0 0E0 0E0 1.41971E-4 0E0 0E0 0E0 0E0 0E0 0E0
9.34537E-7 2.73178E-6 1.54136E-8 3.75163E-10 5.12474E-9 6.03107E-9 1.56717E-8 1.40172E-9 4.32924E-7 1.295E-9 7.13411E-10 5.98815E-9 3.50633E-8 3.59937E-7 5.48596E-9 2.22156E-9 7.22295E-10 2.53745E-9 2.01139E-5 5.28579E-5 1.73784E-4 3.68606E-8 6.43051E-7 1.11699E-6 1.57757E-6 3.90226E-7 1.74068E-5 2.79475E-5 2.30698E-5 4.00602E-3 2.61205E-4 4.75418E-3 1.45226E-4 2.1763E-4 1.48693E-3 6.56663E-5 0E0 0E0 0E0 0E0 0E0 0E0 0E0 0E0 1.01572E-4 1.05936E-3 6.79356E-4 0E0 0E0 0E0 0E0 0E0 0E0 0E0 0E0 0E0 0E0 0E0 0E0 0E0 0E0 0E0 0E0 0E0 0E0 0E0 0E0 0E0 0E0 0E0
5.96286E-8 1.48549E-7 2.06168E-10 7.75825E-9 5.86893E-8 4.33297E-8 7.11051E-11 5.58292E-11 6.65938E-9 4.02114E-10 1.41589E-10 1.06197E-8 9.98214E-8 3.10556E-7 3.80002E-7 1.94055E-8 8.62522E-10 1.80741E-10 4.06912E-6 1.90846E-5 6.11236E-6 6.33554E-8 1.22293E-6 1.06977E-6 1.35578E-5 5.99146E-6 1.58355E-4 5.36076E-4 1.73465E-5 4.78582E-6 1.92427E-5 2.92331E-5 2.95689E-5 1.41322E-4 1.15688E-3 2.62708E-6 0E0 0E0 0E0 0E0 0E0 0E0 0E0 0E0 0E0 1.03095E-3 5.82702E-4 0E0 0E0 0E0 0E0 0E0 0E0 0E0 0E0 0E0 0E0 0E0 0E0 0E0 0E0 0E0 0E0 0E0 0E0 0E0 9.84684E-5 0E0 0E0 0E0
1.11745E-10 1.39926E-10 8.38518E-10 1.03943E-8 1.63324E-8 3.33085E-9 2.25452E-9 5.55931E-9 2.29437E-8 3.20222E-9 4.70031E-10 7.52606E-8 9.62878E-8 6.23303E-10 2.98789E-6 1.34576E-7 1.44923E-8 7.05495E-11 1.97961E-9 5.91568E-8 9.31009E-6 5.13914E-11 5.85584E-5 3.27466E-7 5.07713E-7 8.06187E-5 8.10476E-4 5.6111E-4 7.35669E-7 1.77794E-7 1.92268E-7 9.62784E-7 1.33531E-5 1.08997E-3 2.11607E-4 0E0 0E0 0E0 0E0 0E0 0E0 0E0 0E0 0E0 4.43223E-5 7.03267E-4 1.09795E-4 0E0 0E0 0E0 0E0 0E0 0E0 0E0 0E0 0E0 0E0 0E0 0E0 0E0 0E0 0E0 0E0 0E0 0E0 0E0 0E0 0E0 0E0 0E0
5.57025E-9 5.22436E-10 6.63222E-10 2.58596E-8 4.80709E-9 7.20261E-9 6.98887E-9 1.40491E-7 1.31893E-5 1.07346E-6 6.35178E-6 4.66999E-9 1.04691E-8 1.0003E-9 6.46152E-11 6.42499E-9 2.51855E-10 2.0775E-8 4.8126E-9 2.6453E-9 4.86287E-5 9.33054E-9 3.63599E-6 1.69355E-5 3.60494E-4 7.13961E-6 8.68636E-6 1.33288E-5 2.95431E-6 1.44102E-6 6.28118E-5 7.24919E-5 1.02682E-3 2.57975E-4 0E0 0E0 0E0 0E0 0E0 0E0 0E0 0E0 0E0 0E0 0E0 9.67079E-5 6.18936E-4 0E0 0E0 0E0 0E0 0E0 0E0 0E0 0E0 0E0 0E0 0E0 0E0 0E0 0E0 0E0 0E0 0E0 0E0 0E0 0E0 0E0 0E0 0E0
3.16703E-10 5.17763E-9 3.62602E-10 5.582E-9 1.3879E-10 2.79692E-6 3.12464E-6 2.14181E-6 5.0292E-6 3.80366E-7 7.87368E-7 1.83732E-8 5.04274E-10 1.41436E-10 3.52439E-10 1.06774E-9 5.98148E-7 2.43661E-6 1.11244E-4 1.23959E-4 5.68969E-7 2.89161E-5 8.31375E-7 7.09638E-5 2.15862E-4 1.61807E-4 7.48348E-5 2.30946E-6 5.00644E-9 1.12289E-7 1.28259E-4 1.49639E-3 1.245E-3 8.35919E-5 0E0 0E0 0E0 0E0 0E0 0E0 0E0 0E0 0E0 0E0 8.45815E-5 3.86737E-4 0E0 0E0 0E0 0E0 0E0 0E0 0E0 0E0 0E0 0E0 0E0 0E0 0E0 0E0 0E0 0E0 0E0 0E0 0E0 0E0 0E0 0E0 0E0 0E0
1.06881E-10 9.10767E-11 3.5155E-10 1.79594E-11 7.63348E-7 3.90035E-10 1.48923E-8 9.73223E-10 1.41692E-8 1.49603E-6 7.16449E-8 7.15616E-11 5.42145E-9 1.6923E-9 4.22025E-11 1.00787E-9 2.72959E-9 7.19078E-8 8.78814E-5 1.64086E-4 5.46649E-4 9.54263E-5 9.07714E-10 3.06719E-5 8.47732E-5 2.90973E-4 5.61762E-5 3.22162E-6 9.72353E-10 2.86262E-8 1.55483E-6 9.03068E-4 1.35745E-3 0E0 0E0 0E0 0E0 0E0 0E0 0E0 0E0 0E0 0E0 0E0 0E0 1.86858E-4 0E0 0E0 0E0 0E0 0E0 0E0 0E0 0E0 0E0 0E0 0E0 0E0 0E0 0E0 0E0 0E0 0E0 0E0 0E0 0E0 0E0 0E0 0E0 0E0
1.52304E-10 4.10629E-11 1.48097E-9 4.1608E-9 1.14343E-7 2.0124E-8 1.3612E-9 1.26547E-9 5.07407E-9 1.41237E-9 2.15257E-8 3.10947E-8 4.70069E-9 1.78473E-7 5.3842E-11 5.83928E-9 1.06431E-8 4.58522E-5 1.20574E-3 1.65221E-4 1.17632E-5 5.86241E-7 9.56901E-12 3.78004E-4 7.91208E-5 6.93169E-5 1.15857E-5 9.44149E-7 3.55797E-9 4.14204E-9 1.47112E-6 9.69589E-4 1.41349E-3 3.04034E-7 0E0 0E0 0E0 0E0 0E0 0E0 0E0 0E0 0E0 0E0 6.25285E-5 3.82193E-4 0E0 0E0 0E0 0E0 0E0 0E0 0E0 0E0 0E0 0E0 0E0 0E0 0E0 0E0 0E0 0E0 0E0 0E0 0E0 0E0 0E0 0E0 0E0 0E0
2.61808E-11 5.47295E-10 3.81792E-11 1.05625E-9 4.94218E-10 1.08383E-10 1.96565E-10 1.80634E-10 5.66327E-10 3.93384E-9 2.27573E-8 2.35401E-9 2.20975E-9 2.1625E-10 2.40703E-10 2.4414E-10 4.20329E-7 1.0461E-4 1.23168E-3 1.32888E-3 2.7908E-4 5.22735E-6 1.37511E-7 7.61879E-8 6.96435E-5 4.19664E-5 7.34361E-6 6.21299E-8 2.17432E-7 6.34356E-6 1.03568E-3 1.27278E-3 9.32989E-4 0E0 0E0 0E0 0E0 0E0 0E0 0E0 0E0 0E0 0E0 0E0 0E0 3.14272E-4 3.55097E-5 0E0 0E0 0E0 0E0 0E0 0E0 0E0 0E0 0E0 0E0 0E0 0E0 0E0 0E0 0E0 0E0 0E0 0E0 0E0 0E0 0E0 0E0 0E0
1.01765E-7 9.18263E-10 3.80692E-10 1.11586E-9 2.66966E-8 6.33409E-7 1.8936E-9 3.69387E-10 4.57558E-11 3.27752E-10 3.41014E-9 8.48102E-10 7.20288E-10 5.59239E-9 8.7994E-9 2.46815E-10 1.87135E-9 2.40997E-8 7.09605E-4 6.29482E-4 6.95061E-5 1.44208E-4 4.67343E-5 6.0767E-6 4.70074E-5 3.06617E-5 3.24569E-6 4.18228E-8 5.29116E-6 5.41987E-5 2.56507E-4 6.55177E-4 3.25431E-4 0E0 0E0 0E0 0E0 0E0 0E0 0E0 0E0 0E0 0E0 0E0 0E0 1.72069E-4 2.97681E-4 0E0 0E0 0E0 0E0 0E0 0E0 0E0 0E0 0E0 0E0 0E0 0E0 0E0 0E0 0E0 0E0 0E0 0E0 0E0 0E0 0E0 0E0 0E0
