ENM/Final_Models/M_1_F_qp_Set_1_EC/Gustavia_santanderiensis_8_Choco_clamping.asc
ncols         367
nrows         963
xllcorner     -78.6
yllcorner     0.65
cellsize      0.00833333333333323
NODATA_value  -9999
[rows 186 to 216 of 963, columns 210 to 279 of 367]
7.69043E-7 1.22643E-4 5.28194E-7 3.72747E-6 4.77421E-4 3.00045E-5 2.21008E-5 0E0 8.97765E-6 2.10074E-6 8.99587E-8 6.78555E-6 7.50927E-7 3.82632E-6 2.01522E-7 7.95253E-6 0E0 0E0 1.06835E-4 1.04173E-5 0E0 0E0 0E0 0E0 0E0 0E0 0E0 4.13811E-6 0E0 0E0 0E0 0E0 0E0 9.08821E-6 2.30334E-5 1.12988E-1 1.14195E-1 3.17494E-2 1.2804E-1 1.21448E-1 0E0 0E0 0E0 0E0 0E0 0E0 0E0 0E0 0E0 0E0 0E0 0E0 0E0 0E0 0E0 0E0 0E0 0E0 0E0 0E0 0E0 0E0 0E0 0E0 0E0 0E0 0E0 0E0 0E0 0E0
2.05168E-6 1.51475E-8 3.69004E-8 2.48849E-6 2.765E-5 3.5804E-4 2.40978E-7 7.45345E-5 1.21588E-5 2.19343E-5 2.8578E-7 5.74081E-7 1.73206E-10 2.08877E-6 3.94578E-4 1.18579E-3 3.07824E-5 0E0 4.25112E-2 1.59127E-1 0E0 0E0 0E0 0E0 0E0 0E0 0E0 0E0 0E0 0E0 0E0 2.65486E-5 9.76327E-5 9.07969E-4 9.24196E-5 1.16669E-1 1.2781E-1 0E0 0E0 0E0 0E0 0E0 0E0 0E0 0E0 0E0 0E0 0E0 0E0 0E0 0E0 0E0 0E0 0E0 0E0 0E0 0E0 0E0 0E0 0E0 0E0 0E0 0E0 0E0 0E0 0E0 0E0 0E0 0E0 0E0
1.08257E-7 1.28538E-9 4.09583E-6 1.96844E-6 2.65429E-6 9.70615E-7 4.64895E-7 1.0497E-4 4.42693E-5 1.31196E-4 4.57189E-5 4.64935E-6 2.28245E-5 7.94605E-4 9.55495E-3 9.14018E-2 5.51132E-5 0E0 4.08595E-2 7.47926E-3 1.69678E-8 0E0 0E0 0E0 0E0 0E0 0E0 0E0 0E0 0E0 8.17414E-5 5.22763E-2 1.46011E-1 0E0 0E0 2.39205E-2 0E0 0E0 0E0 0E0 0E0 0E0 0E0 0E0 0E0 3.38941E-4 0E0 0E0 0E0 0E0 0E0 0E0 0E0 0E0 0E0 0E0 0E0 0E0 0E0 0E0 0E0 0E0 0E0 0E0 0E0 0E0 0E0 0E0 0E0 0E0
9.26248E-7 2.13908E-7 2.87008E-6 1.36449E-5 4.86197E-7 9.06731E-10 5.5687E-10 2.14195E-6 2.64461E-7 3.55903E-9 3.88586E-7 1.33406E-10 1.11422E-3 3.12533E-2 2.6036E-2 2.321E-1 6.4437E-2 8.28811E-4 1.50881E-3 2.02608E-4 0E0 0E0 0E0 0E0 0E0 0E0 0E0 0E0 7.27859E-5 2.55546E-4 3.16582E-4 1.5034E-3 1.5722E-3 8.25678E-2 6.57088E-4 4.85792E-4 0E0 0E0 0E0 0E0 0E0 0E0 0E0 0E0 0E0 0E0 0E0 0E0 0E0 0E0 0E0 0E0 0E0 0E0 0E0 0E0 0E0 0E0 0E0 0E0 0E0 0E0 0E0 0E0 0E0 0E0 0E0 0E0 0E0 0E0
1.99852E-8 1.29538E-5 6.5221E-7 1.14965E-5 3.93129E-5 1.13934E-4 5.20656E-5 2.58551E-9 2.00009E-11 8.13097E-11 4.18776E-11 4.66965E-7 1.58527E-4 1.34133E-3 1.41643E-4 1.00379E-3 1.3619E-3 1.08436E-2 1.62745E-8 3.37327E-8 0E0 0E0 0E0 0E0 1.65639E-5 2.17081E-4 6.40056E-5 6.11468E-4 4.45412E-4 0E0 6.82256E-4 0E0 0E0 0E0 0E0 0E0 8.83058E-2 7.92574E-2 6.51365E-2 0E0 0E0 0E0 0E0 0E0 0E0 0E0 0E0 0E0 0E0 0E0 0E0 0E0 0E0 0E0 0E0 0E0 0E0 0E0 0E0 0E0 0E0 0E0 0E0 0E0 0E0 0E0 0E0 0E0 0E0 0E0
2.6098E-7 2.48697E-7 1.21888E-6 6.97508E-6 2.12815E-5 1.10803E-4 2.36179E-5 2.94659E-5 4.06186E-12 7.77156E-15 1.07987E-10 6.13144E-9 1.03283E-2 1.25338E-2 1.40042E-9 2.19749E-3 5.67702E-5 6.89042E-5 6.81807E-9 1.37829E-7 0E0 0E0 0E0 0E0 5.64034E-6 8.57423E-3 7.04478E-3 2.24321E-4 0E0 0E0 6.35205E-4 2.56275E-3 1.08732E-1 0E0 0E0 0E0 0E0 6.60766E-2 5.20805E-2 0E0 0E0 0E0 0E0 0E0 0E0 0E0 0E0 0E0 0E0 0E0 0E0 0E0 0E0 0E0 0E0 0E0 0E0 0E0 0E0 0E0 0E0 0E0 0E0 0E0 0E0 0E0 0E0 0E0 0E0 0E0
5.85949E-6 2.17842E-6 8.72072E-5 1.59624E-5 9.22459E-6 4.02545E-5 3.55754E-5 1.41526E-4 2.2497E-11 2.77001E-12 4.12196E-9 8.86881E-8 5.41405E-6 8.38731E-10 2.63161E-8 9.46153E-4 1.7615E-4 1.20056E-4 0E0 0E0 0E0 0E0 1.43665E-6 0E0 1.27789E-5 4.87393E-3 7.25613E-3 4.71185E-5 2.14495E-5 0E0 3.58396E-4 2.14987E-3 1.79593E-3 1.38604E-1 0E0 9.33576E-2 0E0 0E0 6.03449E-2 0E0 6.4908E-2 0E0 0E0 0E0 0E0 0E0 0E0 0E0 0E0 0E0 0E0 0E0 0E0 0E0 0E0 0E0 0E0 0E0 0E0 0E0 0E0 0E0 0E0 0E0 0E0 0E0 0E0 0E0 0E0 0E0
3.09403E-9 1.40733E-7 9.35805E-7 1.28623E-5 4.28836E-7 3.01433E-5 9.04946E-7 1.60328E-5 1.5821E-10 4.73339E-4 3.14021E-8 3.25637E-5 1.43946E-7 1.56389E-10 7.08897E-9 4.93001E-6 6.25829E-4 8.184E-6 7.28033E-6 2.08395E-5 1.27016E-5 0E0 4.09918E-2 3.48676E-2 2.7415E-2 7.86904E-6 4.40796E-6 7.82853E-5 0E0 0E0 1.1363E-5 3.77731E-5 1.45409E-2 1.24592E-1 3.18514E-1 3.03884E-1 7.72473E-2 7.79682E-2 8.20274E-2 8.79726E-2 0E0 0E0 0E0 0E0 0E0 0E0 0E0 0E0 0E0 0E0 0E0 0E0 0E0 0E0 0E0 0E0 0E0 0E0 0E0 0E0 0E0 0E0 0E0 0E0 0E0 0E0 0E0 0E0 0E0 0E0
3.02046E-9 8.03396E-9 4.55507E-8 2.42412E-7 9.39138E-7 1.95773E-7 4.86412E-7 7.34489E-7 8.07483E-6 4.29658E-5 4.76897E-3 1.13629E-4 4.10277E-9 1.38703E-10 1.02082E-9 9.42687E-9 1.04019E-1 2.71202E-8 4.00144E-5 1.38114E-3 2.68505E-3 1.34835E-1 3.43193E-1 1.98971E-1 2.20885E-1 8.36741E-4 3.13728E-4 6.08413E-5 0E0 0E0 1.10781E-4 1.08566E-3 7.92091E-5 8.65401E-4 1.15124E-1 1.59048E-1 4.36118E-1 1.9376E-1 8.29475E-2 7.12073E-2 0E0 0E0 0E0 0E0 0E0 0E0 0E0 0E0 0E0 0E0 0E0 0E0 0E0 0E0 0E0 0E0 0E0 0E0 0E0 0E0 0E0 0E0 0E0 0E0 0E0 0E0 0E0 0E0 0E0 0E0
2.08207E-11 7.14273E-12 1.7885E-9 9.32152E-8 1.63131E-7 7.99455E-8 3.28797E-6 6.7223E-6 4.90663E-6 4.92218E-9 6.89898E-9 1.85893E-5 9.26183E-8 7.08457E-8 1.12988E-7 2.19828E-2 1.39932E-2 1.94935E-7 2.47441E-6 2.42198E-4 0E0 0E0 0E0 6.75396E-2 1.55225E-2 0E0 0E0 2.36892E-5 1.15317E-4 6.82897E-4 1.04151E-3 5.77792E-4 5.79111E-2 1.02704E-1 6.31445E-3 2.02689E-2 3.40362E-2 2.80066E-2 0E0 0E0 1.41614E-2 0E0 0E0 0E0 0E0 0E0 0E0 0E0 0E0 0E0 0E0 0E0 0E0 0E0 0E0 0E0 0E0 0E0 0E0 0E0 0E0 0E0 0E0 0E0 0E0 0E0 0E0 0E0 0E0 0E0
5.4954E-11 3.02209E-10 9.27803E-10 1.03473E-9 6.92757E-7 1.30481E-5 2.14553E-6 1.66574E-7 2.07055E-8 1.2893E-10 4.45098E-11 2.16767E-8 8.8104E-7 9.94212E-9 1.14368E-8 5.87683E-2 2.40722E-2 9.97171E-8 2.38205E-7 0E0 0E0 0E0 0E0 0E0 8.21003E-5 6.09182E-5 1.89207E-5 2.19977E-5 1.53259E-4 2.79381E-4 5.48823E-5 9.11769E-5 3.44909E-1 1.58995E-1 1.8708E-2 0E0 6.19071E-2 8.70639E-3 8.36154E-3 1.64232E-2 2.78326E-3 0E0 0E0 0E0 0E0 0E0 3.50408E-3 0E0 0E0 0E0 0E0 0E0 0E0 0E0 0E0 0E0 0E0 0E0 0E0 0E0 0E0 0E0 0E0 0E0 0E0 0E0 0E0 0E0 0E0 0E0
3.00448E-5 1.0773E-9 2.59002E-11 1.60784E-6 3.0306E-5 4.97635E-6 4.74171E-7 7.88401E-6 6.56661E-9 1.49661E-11 2.15151E-10 5.65297E-11 1.40854E-9 7.03209E-10 4.61654E-7 1.6455E-2 8.11017E-5 1.14309E-7 3.53992E-6 0E0 0E0 0E0 0E0 0E0 1.35478E-3 0E0 2.89259E-6 1.4348E-4 1.42439E-3 1.29393E-4 7.41669E-4 0E0 5.20285E-1 4.69561E-1 2.32709E-1 0E0 3.6669E-2 1.04616E-1 5.96172E-2 3.67922E-2 6.75464E-2 4.99801E-2 0E0 0E0 3.05258E-1 7.95709E-3 4.9399E-3 0E0 0E0 0E0 0E0 0E0 0E0 0E0 0E0 0E0 0E0 0E0 0E0 0E0 0E0 0E0 0E0 0E0 0E0 0E0 0E0 0E0 0E0 0E0
4.62476E-5 5.66129E-4 4.09512E-6 1.12233E-5 3.82237E-5 5.39099E-5 3.48245E-5 2.71693E-5 2.21929E-6 3.10437E-8 6.71787E-10 1.08316E-10 1.05482E-9 4.05955E-10 6.65113E-4 8.60606E-4 6.05991E-8 8.7116E-8 7.06622E-7 0E0 0E0 0E0 0E0 1.19101E-3 0E0 3.00744E-5 6.36958E-4 3.42751E-4 6.20054E-4 1.1763E-3 2.48094E-3 2.00565E-4 3.176E-2 2.10683E-1 2.60117E-1 6.97953E-2 1.01796E-2 3.40016E-2 1.94276E-1 4.67399E-2 4.37725E-2 7.18537E-2 0E0 0E0 2.53737E-1 3.28042E-1 1.25517E-1 0E0 0E0 0E0 0E0 0E0 0E0 0E0 0E0 0E0 0E0 0E0 0E0 0E0 0E0 0E0 0E0 0E0 0E0 0E0 0E0 0E0 0E0 0E0
1.97296E-7 2.67723E-5 3.15497E-5 1.07324E-4 1.02119E-6 5.06672E-5 8.21443E-8 8.99138E-6 1.96065E-8 1.29832E-7 5.96287E-9 1.84125E-9 2.38502E-5 7.28501E-5 2.7141E-2 1.26301E-3 2.12391E-7 1.5298E-5 3.21087E-4 9.35874E-4 6.04825E-1 6.12408E-1 2.35443E-3 0E0 0E0 0E0 2.08198E-4 1.3067E-4 0E0 4.01881E-4 3.05316E-3 9.89489E-4 5.18903E-2 4.9605E-1 3.71041E-1 7.77001E-2 6.05609E-3 9.20135E-2 4.38136E-2 8.68189E-2 1.37373E-1 6.98732E-2 4.70506E-2 5.98728E-2 2.58904E-1 1.39521E-1 1.62033E-3 0E0 0E0 0E0 0E0 0E0 0E0 0E0 0E0 0E0 0E0 0E0 0E0 0E0 0E0 0E0 0E0 0E0 0E0 0E0 0E0 0E0 0E0 0E0
6.73572E-8 4.0395E-7 1.24297E-6 1.88344E-4 1.64536E-5 5.01716E-4 1.34298E-2 2.50541E-5 1.74783E-5 2.10178E-5 7.48576E-8 4.59527E-6 9.98343E-6 1.36689E-4 2.59804E-3 3.36809E-5 9.91644E-6 2.94181E-5 5.92381E-5 1.56382E-4 7.70441E-3 9.98194E-3 3.11795E-3 2.90065E-3 1.79269E-3 1.49314E-3 2.23405E-4 8.99941E-5 0E0 2.15272E-4 6.85319E-4 3.88182E-2 2.39503E-1 1.0285E-1 2.01534E-1 1.90217E-1 1.91557E-1 1.87542E-1 1.56931E-1 1.68436E-1 1.47778E-1 1.01839E-1 0E0 1.30266E-1 3.52804E-1 0E0 0E0 0E0 0E0 0E0 0E0 0E0 0E0 0E0 0E0 0E0 0E0 0E0 0E0 0E0 0E0 0E0 0E0 0E0 0E0 0E0 0E0 0E0 0E0 0E0
1.16771E-8 3.37791E-6 1.07613E-5 1.20774E-4 4.28168E-6 5.38899E-7 5.8737E-6 3.65722E-8 1.64591E-9 9.04204E-7 7.18934E-8 6.32598E-5 4.93046E-3 1.09329E-5 1.25526E-5 1.25824E-5 1.8534E-5 1.97067E-6 1.11089E-5 8.92269E-4 1.03287E-1 2.46902E-1 4.49876E-4 6.27594E-4 3.12978E-3 2.54025E-4 1.23925E-5 3.87167E-5 0E0 5.11785E-5 5.08123E-5 6.05513E-2 3.31992E-1 3.70811E-1 4.74159E-1 4.18779E-1 3.88999E-1 3.50141E-1 5.36942E-1 5.1805E-1 5.32278E-1 3.92837E-1 2.05778E-1 3.87219E-1 1.10061E-1 0E0 0E0 0E0 0E0 0E0 0E0 0E0 0E0 0E0 0E0 0E0 0E0 0E0 0E0 0E0 0E0 0E0 0E0 0E0 0E0 0E0 0E0 0E0 0E0 0E0
2.56047E-7 1.37527E-8 1.0714E-8 1.9696E-5 2.81673E-5 3.79576E-6 3.06211E-6 7.09726E-11 7.66704E-11 5.62081E-5 4.47197E-3 1.11553E-6 1.47607E-5 6.44698E-5 1.06287E-4 6.97749E-5 5.61803E-6 4.02994E-7 2.07562E-6 3.88483E-6 9.32215E-4 2.82412E-3 1.4576E-3 1.35768E-5 1.43061E-4 4.23179E-5 4.90513E-6 0E0 4.84616E-5 5.13915E-6 3.12742E-5 5.70422E-1 5.63388E-1 5.64348E-1 5.19705E-1 5.35737E-1 6.02318E-1 6.32331E-1 5.76463E-1 5.80583E-1 1.69474E-1 5.74036E-1 5.42316E-1 1.59525E-1 0E0 0E0 0E0 0E0 0E0 0E0 0E0 0E0 0E0 0E0 0E0 0E0 0E0 0E0 0E0 0E0 0E0 0E0 0E0 0E0 0E0 0E0 0E0 0E0 0E0 0E0
5.01513E-9 5.33277E-10 5.04563E-11 1.35203E-7 1.09149E-6 1.1591E-6 3.42259E-6 3.83281E-6 7.04294E-9 7.46618E-5 1.34351E-3 1.606E-6 6.27051E-8 2.48923E-6 1.95617E-5 2.03119E-5 8.99349E-6 3.36852E-7 1.19947E-5 3.41508E-4 9.98403E-4 3.60605E-3 6.96898E-4 1.21719E-1 1.83059E-1 4.88799E-6 2.57513E-5 7.72313E-5 1.27676E-6 4.49064E-3 4.22382E-4 5.91423E-1 4.52244E-1 5.79718E-1 5.60003E-1 5.55243E-1 5.19219E-1 6.48155E-1 4.7019E-1 1.65971E-1 0E0 1.64116E-1 4.58058E-1 1.57861E-1 0E0 0E0 0E0 0E0 0E0 0E0 0E0 0E0 1.82161E-1 4.06494E-1 0E0 0E0 0E0 0E0 0E0 0E0 0E0 0E0 0E0 0E0 0E0 0E0 0E0 0E0 0E0 0E0
8.06945E-7 5.39108E-9 1.35667E-9 6.22337E-8 1.66428E-1 5.67918E-4 1.1259E-1 1.08827E-1 1.69575E-3 5.76189E-3 3.8569E-2 9.29649E-6 4.28003E-8 1.16791E-6 2.19824E-5 1.50173E-4 7.73097E-4 3.69421E-4 2.20929E-4 7.50068E-7 7.12979E-4 1.16786E-3 6.86253E-4 1.60002E-1 1.87373E-1 1.28431E-3 1.3445E-2 1.47999E-2 5.37881E-5 1.07053E-5 1.0987E-4 2.56089E-1 2.98622E-1 3.39523E-1 4.27212E-1 5.82195E-1 2.19537E-1 5.46376E-1 4.31151E-1 2.85986E-1 5.15494E-1 5.31532E-1 2.15152E-1 6.92457E-2 0E0 0E0 0E0 0E0 0E0 0E0 0E0 0E0 0E0 1.75405E-1 1.59873E-1 0E0 0E0 0E0 0E0 0E0 0E0 0E0 0E0 0E0 0E0 0E0 0E0 0E0 0E0 0E0
1.95433E-11 2.54403E-9 4.60008E-7 2.39096E-8 4.91798E-2 8.73114E-2 1.21067E-1 2.88344E-2 3.89987E-2 4.92463E-3 2.65251E-2 4.65453E-3 9.98614E-6 2.83646E-5 2.61938E-5 2.69542E-4 9.27545E-4 5.37326E-4 9.11545E-4 2.92174E-6 1.90167E-6 2.12701E-1 1.92749E-1 1.32737E-1 2.30812E-1 2.48737E-1 6.5023E-2 8.29059E-2 2.15987E-2 1.15594E-4 3.47974E-5 3.17599E-1 1.90488E-1 1.51652E-1 2.3647E-1 5.49464E-1 2.0339E-1 5.63849E-2 7.72934E-3 2.3771E-2 1.46161E-1 1.53693E-1 3.62364E-2 7.44539E-3 0E0 0E0 0E0 0E0 0E0 0E0 0E0 0E0 0E0 0E0 0E0 0E0 0E0 0E0 0E0 0E0 0E0 0E0 0E0 0E0 0E0 0E0 0E0 0E0 0E0 0E0
4.45953E-10 2.50928E-7 1.91205E-6 4.35196E-7 6.16798E-3 1.01363E-1 7.77856E-2 2.59176E-4 4.32021E-4 1.55604E-5 9.1103E-3 9.10424E-6 1.92118E-5 9.91844E-3 1.69782E-4 5.18017E-5 1.13764E-4 1.90524E-3 3.63069E-4 1.30638E-2 5.87958E-7 3.2255E-1 2.58299E-1 2.5928E-1 3.31875E-4 7.57226E-7 8.69897E-3 1.6413E-2 4.71826E-2 4.00537E-4 4.03978E-2 6.1881E-1 4.21791E-1 5.65608E-1 1.88103E-1 4.15272E-1 3.08892E-1 2.9008E-1 1.32872E-1 8.74291E-5 2.54631E-2 3.86239E-2 1.13196E-1 8.59195E-3 0E0 9.15195E-2 1.16075E-3 0E0 0E0 0E0 0E0 0E0 0E0 0E0 0E0 0E0 0E0 0E0 0E0 0E0 0E0 0E0 0E0 0E0 0E0 0E0 0E0 0E0 0E0 0E0
3.38704E-2 7.00551E-14 5.30367E-11 6.93912E-5 4.41643E-3 9.97766E-2 1.54466E-1 5.34176E-2 5.06446E-4 6.04667E-4 2.53531E-6 2.72109E-7 1.21344E-7 1.88797E-5 1.49508E-4 7.95377E-3 1.44865E-2 4.92926E-2 2.27259E-1 2.40388E-1 1.63712E-1 4.27314E-1 3.13511E-1 2.58473E-1 7.87925E-5 9.3145E-5 5.29634E-5 8.22737E-6 7.28401E-5 2.33783E-4 3.96703E-2 6.29029E-1 6.2338E-1 6.40001E-1 4.62729E-1 6.2283E-1 3.3187E-1 3.31884E-1 9.85175E-2 1.70491E-3 0E0 0E0 4.80136E-3 0E0 0E0 7.39608E-2 1.84816E-1 0E0 0E0 0E0 0E0 0E0 0E0 0E0 0E0 0E0 0E0 0E0 0E0 0E0 0E0 0E0 0E0 0E0 0E0 0E0 0E0 0E0 0E0 0E0
2.81631E-4 7.6719E-4 3.12614E-3 6.09191E-3 6.83172E-3 6.15963E-2 9.44126E-2 9.91063E-12 1.77799E-9 7.81143E-9 7.42645E-7 9.14876E-8 4.173E-7 3.67982E-5 1.32873E-2 1.03162E-2 1.9378E-2 2.32551E-2 2.63936E-1 2.19636E-1 1.24972E-1 3.73585E-1 3.47903E-1 2.12956E-1 1.32287E-2 5.28743E-4 8.05491E-4 3.968E-2 2.60686E-2 1.78772E-2 4.22833E-1 6.47228E-1 5.16716E-1 6.21972E-1 4.90128E-1 4.69244E-1 2.55735E-1 3.63702E-1 2.02425E-2 0E0 0E0 0E0 9.37667E-4 2.15996E-3 0E0 4.61225E-2 1.01792E-1 1.83133E-1 0E0 0E0 0E0 0E0 0E0 0E0 0E0 0E0 0E0 0E0 0E0 0E0 0E0 0E0 0E0 0E0 0E0 0E0 0E0 0E0 0E0 0E0
8.86298E-8 3.2603E-3 3.74563E-4 5.05509E-5 1.15795E-7 4.92513E-2 6.55202E-2 4.40712E-6 6.65629E-6 7.16383E-5 3.50937E-7 1.96771E-7 4.22181E-6 8.039E-7 9.96536E-6 1.21624E-4 7.61959E-4 5.15242E-1 3.23795E-2 3.13086E-1 1.88157E-1 4.53761E-1 5.18652E-1 3.14101E-1 2.8457E-4 1.09228E-4 1.42747E-1 1.68614E-1 4.53478E-4 1.98743E-2 3.73052E-1 7.49876E-1 6.51192E-1 5.28776E-1 3.81436E-1 3.76251E-1 5.966E-1 4.24806E-1 2.26874E-2 3.02246E-2 2.12333E-3 1.55126E-3 1.10184E-2 1.52496E-2 4.41402E-2 2.5257E-3 3.30736E-1 1.67558E-1 0E0 0E0 0E0 0E0 0E0 0E0 0E0 0E0 0E0 0E0 0E0 0E0 0E0 0E0 0E0 0E0 0E0 0E0 0E0 0E0 0E0 0E0
2.75994E-8 1.11792E-3 2.40692E-2 1.32818E-5 8.12277E-8 6.61978E-2 7.26846E-2 2.04944E-2 3.22056E-2 1.87928E-9 4.53622E-5 4.75481E-4 1.25557E-4 1.66509E-3 6.92259E-4 1.73929E-4 1.48003E-3 1.225E-1 2.30952E-1 4.23232E-1 8.82409E-2 3.45873E-1 2.50204E-1 5.63336E-1 1.20436E-1 2.47506E-4 2.27938E-1 8.92256E-2 0E0 1.50857E-3 3.18133E-1 9.59175E-2 6.36506E-1 5.41372E-1 4.42125E-1 2.93455E-1 4.19251E-1 1.95393E-1 8.28449E-2 6.55415E-2 2.92519E-2 3.20728E-2 2.33981E-2 1.37672E-2 0E0 1.02292E-1 3.29461E-1 0E0 0E0 0E0 0E0 0E0 0E0 0E0 0E0 0E0 0E0 0E0 0E0 0E0 0E0 0E0 0E0 0E0 0E0 0E0 0E0 0E0 0E0 0E0
1.14139E-5 4.86415E-3 4.09143E-3 2.98632E-4 1.07564E-3 1.11099E-1 7.18054E-4 2.54059E-2 4.66363E-2 1.12253E-10 4.26251E-10 4.81183E-8 4.66063E-6 1.49635E-2 8.46302E-6 3.08349E-4 9.86781E-4 7.43445E-3 7.05628E-2 3.21914E-1 2.43544E-1 3.30861E-1 2.18491E-1 5.99679E-1 6.53268E-1 5.1131E-1 1.91539E-1 0E0 0E0 1.67211E-1 3.0265E-1 4.87594E-1 6.75997E-1 5.4196E-1 3.33057E-1 1.51617E-1 1.63039E-1 8.20723E-2 5.58784E-2 3.0675E-2 6.05057E-2 3.85435E-2 1.49857E-2 2.37453E-3 0E0 0E0 0E0 0E0 0E0 0E0 0E0 0E0 0E0 0E0 0E0 0E0 0E0 0E0 0E0 0E0 0E0 0E0 0E0 0E0 0E0 0E0 0E0 0E0 0E0 0E0
7.90005E-9 4.6132E-5 1.20689E-2 1.40085E-3 1.1937E-1 7.14214E-2 4.076E-2 5.33076E-2 1.60942E-3 4.3334E-5 1.57761E-4 5.96456E-5 3.17648E-7 5.55173E-7 2.8799E-3 1.98972E-4 1.33616E-1 1.20167E-1 1.92596E-1 1.90844E-1 2.12443E-1 2.95526E-1 4.96267E-1 5.2197E-1 3.76477E-1 3.54929E-1 1.78963E-1 7.38886E-2 1.84743E-1 6.06101E-1 5.73025E-1 1.99634E-1 7.51005E-1 6.59522E-1 2.12993E-1 1.07227E-1 1.73913E-1 1.06639E-1 3.36519E-2 8.7671E-2 2.02564E-1 1.42797E-1 1.08947E-1 1.5372E-1 0E0 0E0 0E0 0E0 0E0 0E0 0E0 0E0 0E0 0E0 0E0 0E0 0E0 0E0 0E0 0E0 0E0 0E0 0E0 0E0 0E0 0E0 0E0 0E0 0E0 0E0
5.8057E-7 2.72856E-7 5.75213E-5 5.26007E-2 4.75543E-2 8.94886E-2 2.53513E-2 4.63956E-5 3.86739E-10 1.00949E-7 1.21895E-6 2.38245E-3 1.96793E-3 2.63667E-6 4.39102E-6 7.30662E-8 1.87934E-2 1.70502E-2 4.42077E-2 5.35835E-2 1.33873E-1 3.85981E-1 3.00857E-1 3.3436E-1 7.28422E-1 1.19794E-1 2.35137E-2 0E0 8.02915E-2 2.15698E-1 6.85915E-1 2.85092E-1 1.51713E-1 5.68649E-1 1.44716E-1 1.36186E-1 1.55015E-1 7.06688E-2 1.42976E-1 3.32336E-1 5.14801E-1 4.13376E-1 3.12941E-1 3.95197E-1 5.15054E-1 0E0 0E0 0E0 0E0 0E0 0E0 0E0 0E0 0E0 0E0 0E0 0E0 0E0 0E0 0E0 0E0 0E0 0E0 0E0 0E0 0E0 0E0 0E0 0E0 0E0
6.29667E-7 1.02713E-5 9.66984E-6 2.18503E-7 3.45546E-7 6.33851E-8 1.35899E-5 2.08234E-5 5.81381E-9 9.78627E-8 3.05198E-4 1.19186E-6 9.51277E-7 1.56908E-5 1.7381E-6 2.81429E-3 5.37683E-2 7.2267E-2 1.55873E-1 1.30447E-1 2.74117E-1 3.28894E-1 8.84659E-2 1.4375E-1 3.18901E-1 3.70674E-4 0E0 0E0 4.74001E-3 2.5334E-1 7.0998E-1 7.34035E-2 1.35583E-1 4.95883E-1 9.40112E-2 1.12063E-1 2.36132E-1 4.71652E-3 4.50625E-1 2.83612E-1 3.69052E-1 0E0 0E0 0E0 0E0 0E0 0E0 0E0 0E0 0E0 0E0 0E0 0E0 0E0 0E0 0E0 0E0 0E0 0E0 0E0 0E0 0E0 0E0 0E0 0E0 0E0 0E0 0E0 0E0 0E0
1.22033E-2 1.11263E-2 1.50204E-6 8.35546E-7 1.05387E-6 3.20321E-8 1.01116E-8 1.79578E-9 3.89825E-4 3.76446E-3 4.64824E-3 4.07966E-4 1.53156E-6 7.28234E-6 1.72613E-6 1.05008E-5 2.38081E-6 7.76296E-7 2.56178E-2 1.86745E-2 2.0948E-6 1.36718E-1 3.14235E-1 1.36528E-1 5.4127E-2 0E0 3.0839E-4 0E0 0E0 1.90008E-1 6.93104E-1 4.91766E-1 4.8195E-1 6.07864E-1 1.55057E-1 1.32667E-2 1.19894E-2 1.23216E-1 4.4611E-1 1.60887E-1 1.49693E-1 1.95184E-3 1.18054E-3 0E0 0E0 0E0 0E0 0E0 0E0 0E0 0E0 0E0 0E0 0E0 0E0 0E0 0E0 0E0 0E0 0E0 0E0 0E0 0E0 0E0 0E0 0E0 0E0 0E0 0E0 0E0
1.52151E-3 8.28372E-5 7.03863E-7 5.52194E-8 4.3863E-8 3.48087E-10 3.03069E-9 7.09793E-9 2.27174E-6 5.06183E-5 4.79342E-6 8.33259E-6 6.78849E-6 8.17663E-7 9.45683E-6 1.94784E-5 1.46288E-4 8.55745E-4 1.16511E-3 1.91964E-2 4.26791E-5 4.74798E-2 3.62949E-1 2.06657E-3 0E0 5.30824E-4 0E0 1.60505E-4 5.9736E-3 9.25918E-2 6.54511E-1 4.82932E-1 1.55129E-1 5.44668E-1 3.93043E-1 4.46098E-1 3.37844E-1 2.03832E-1 1.73096E-1 7.22778E-2 2.23086E-1 0E0 1.26329E-3 0E0 0E0 0E0 0E0 0E0 0E0 0E0 0E0 0E0 0E0 0E0 0E0 0E0 0E0 0E0 0E0 0E0 0E0 0E0 0E0 0E0 0E0 0E0 0E0 0E0 0E0 0E0
