ENM/Final_Models/M_1_F_qp_Set_1_EC/Gustavia_santanderiensis_Choco_median.asc
ncols         367
nrows         963
xllcorner     -78.6
yllcorner     0.65
cellsize      0.00833333333333323
NODATA_value  -9999
[rows 300 to 329 of 963, columns 136 to 203 of 367]
7.49695E-2 2.98283E-1 2.21619E-1 2.1379E-1 9.90266E-2 3.67196E-2 3.56659E-2 3.18977E-2 1.06784E-1 1.38471E-1 1.84566E-1 1.80489E-1 1.16367E-1 1.22233E-1 2.15149E-1 1.49307E-1 2.5715E-1 2.16946E-1 1.19835E-1 2.26746E-1 2.73471E-1 8.18786E-1 9.16949E-1 8.52885E-1 7.24681E-1 5.3322E-1 7.32415E-1 4.03163E-1 2.968E-1 2.93948E-1 1.44107E-1 7.38751E-2 2.88155E-2 2.39229E-2 7.6707E-2 6.71984E-2 5.92774E-2 1.98543E-1 5.38629E-1 9.80714E-1 9.99985E-1 9.99999E-1 1E0 1E0 1E0 9.99998E-1 1E0 1E0 1E0 9.9996E-1 1E0 1E0 1E0 1E0 1E0 1E0 1E0 1E0 1E0 1E0 1E0 1E0 1E0 1E0 1E0 1E0 1E0 1E0
2.11914E-1 3.24888E-1 4.31394E-1 3.16684E-1 3.70247E-1 3.09859E-1 1.33311E-1 1.75279E-1 1.97503E-1 2.57006E-1 1.11122E-1 2.18925E-1 2.46323E-1 1.62284E-1 2.15385E-1 3.04397E-1 3.59457E-1 6.94509E-1 3.81218E-1 4.89888E-1 9.52243E-1 6.01826E-1 4.60001E-1 7.07707E-1 8.5325E-1 7.24912E-1 3.80809E-1 2.79853E-1 2.79218E-1 1.22215E-1 6.56806E-2 4.61076E-2 2.88065E-2 3.21585E-2 6.10303E-2 1.89397E-1 1.79803E-1 4.58613E-1 6.23486E-1 9.77876E-1 9.98939E-1 9.99996E-1 1E0 1E0 1E0 1E0 1E0 1E0 1E0 9.99901E-1 9.99848E-1 9.99987E-1 1E0 1E0 1E0 1E0 1E0 1E0 1E0 1E0 9.99998E-1 1E0 1E0 1E0 1E0 1E0 1E0 9.99995E-1
-9999 1.58758E-1 2.24925E-1 3.342E-1 6.22125E-1 6.46422E-1 4.90567E-1 4.31879E-1 1.94935E-1 1.68723E-1 3.07917E-1 1.06223E-1 2.52193E-1 3.15727E-1 7.148E-1 7.07277E-1 4.87106E-1 2.30404E-1 5.73243E-1 8.35067E-1 5.6136E-1 9.36058E-2 5.22429E-2 3.12964E-1 3.24551E-1 1.71553E-1 1.82131E-1 2.51336E-1 1.48062E-1 4.06835E-2 3.80045E-2 1.05886E-1 1.59004E-1 1.36868E-1 2.47666E-1 4.41278E-1 4.32787E-1 4.00273E-1 6.06774E-1 9.38953E-1 9.90934E-1 9.99654E-1 1E0 1E0 1E0 1E0 1E0 1E0 1E0 1E0 9.99933E-1 1E0 1E0 9.99998E-1 9.99899E-1 1E0 1E0 1E0 1E0 1E0 1E0 1E0 1E0 1E0 1E0 1E0 1E0 9.99998E-1
-9999 2.49521E-1 2.00414E-1 2.58971E-1 6.33845E-1 8.52907E-1 7.79206E-1 6.74512E-1 6.5396E-1 6.24249E-1 5.30274E-1 4.45615E-1 5.02954E-1 6.53195E-1 6.4206E-1 6.16479E-1 6.58997E-1 6.18201E-1 7.90734E-1 3.83447E-1 2.10347E-1 7.00577E-2 4.17087E-2 1.8292E-1 3.08775E-1 2.15598E-1 1.25498E-1 7.35438E-2 4.74218E-2 1.98076E-2 6.04308E-2 1.52264E-1 2.58042E-1 3.70676E-1 2.92735E-1 7.9466E-1 9.2891E-1 9.63263E-1 8.958E-1 9.69262E-1 9.9988E-1 1E0 1E0 1E0 1E0 1E0 1E0 9.99958E-1 1E0 1E0 1E0 1E0 1E0 1E0 9.99999E-1 1E0 1E0 1E0 1E0 1E0 1E0 1E0 1E0 1E0 1E0 1E0 1E0 1E0
-9999 -9999 1.29715E-1 1.10083E-1 6.89913E-1 8.19672E-1 8.65279E-1 9.18684E-1 8.15104E-1 8.1922E-1 7.82434E-1 7.20093E-1 5.62353E-1 7.29832E-1 7.21155E-1 9.08362E-1 6.63587E-1 6.84702E-1 5.81685E-1 3.75622E-1 1.22493E-1 5.34276E-2 2.6475E-2 9.29895E-2 1.80064E-1 1.31531E-1 4.55392E-2 2.41267E-2 2.57303E-2 3.78306E-2 3.98553E-2 9.82034E-2 3.69628E-1 7.46296E-1 8.27908E-1 9.6802E-1 9.95831E-1 9.99933E-1 9.99387E-1 9.99995E-1 1E0 1E0 1E0 1E0 9.99979E-1 9.99939E-1 9.99904E-1 9.99558E-1 9.99887E-1 1E0 9.99867E-1 9.99989E-1 1E0 1E0 1E0 1E0 1E0 1E0 1E0 1E0 1E0 1E0 1E0 1E0 1E0 1E0 9.99999E-1 1E0
-9999 -9999 1.97274E-1 1.16389E-1 3.67221E-1 7.23175E-1 9.09727E-1 9.77619E-1 9.05876E-1 9.03647E-1 8.34319E-1 8.26274E-1 9.58482E-1 8.76837E-1 8.81025E-1 8.84738E-1 8.0371E-1 6.21703E-1 4.12631E-1 4.50962E-1 2.20103E-1 7.55678E-2 2.16993E-2 4.80755E-2 8.24748E-2 5.65131E-2 2.04133E-2 1.36173E-2 1.051E-2 9.59462E-3 3.33736E-2 9.53666E-2 1.32516E-1 3.85335E-1 5.56653E-1 8.04088E-1 9.46639E-1 9.99936E-1 1E0 1E0 1E0 1E0 1E0 1E0 9.99892E-1 9.99893E-1 9.96474E-1 9.99253E-1 9.9996E-1 9.99998E-1 9.99969E-1 1E0 9.99999E-1 1E0 1E0 1E0 1E0 1E0 1E0 1E0 1E0 1E0 1E0 1E0 1E0 1E0 1E0 1E0
-9999 -9999 -9999 1.25911E-1 1.1975E-1 3.01805E-1 7.63213E-1 8.37266E-1 9.74383E-1 9.58188E-1 9.40259E-1 9.24408E-1 9.53601E-1 9.30788E-1 8.42813E-1 7.74953E-1 7.40785E-1 7.6003E-1 3.12036E-1 2.46789E-1 2.00784E-1 7.37083E-2 4.0287E-2 3.46631E-2 1.88287E-2 1.40431E-2 1.20574E-2 1.96786E-2 1.78877E-2 1.95829E-2 5.59621E-2 6.06028E-2 7.1581E-2 1.67174E-1 5.48436E-1 7.92084E-1 9.99192E-1 9.99976E-1 1E0 1E0 1E0 1E0 1E0 9.99966E-1 9.99693E-1 9.98526E-1 9.99922E-1 9.99891E-1 9.99866E-1 9.99999E-1 1E0 1E0 9.99935E-1 9.99994E-1 9.99998E-1 1E0 1E0 1E0 1E0 1E0 1E0 1E0 1E0 1E0 1E0 1E0 1E0 1E0
-9999 -9999 -9999 -9999 2.0531E-1 2.81655E-1 2.09099E-1 4.17933E-1 5.63378E-1 5.902E-1 7.09621E-1 9.07104E-1 9.47576E-1 7.00365E-1 8.32152E-1 7.40067E-1 7.4723E-1 6.3789E-1 5.17088E-1 3.50058E-1 1.15659E-1 2.48145E-2 2.63746E-2 2.04021E-2 1.54361E-2 7.50781E-3 1.3219E-2 5.94302E-2 1.206E-1 1.23648E-1 2.90785E-1 2.3177E-1 2.24456E-1 3.2674E-1 9.13805E-1 9.95994E-1 9.99787E-1 1E0 1E0 1E0 9.99999E-1 9.99777E-1 9.99852E-1 9.94581E-1 9.98631E-1 9.99578E-1 9.9879E-1 9.98356E-1 9.99653E-1 9.99914E-1 9.99956E-1 1E0 1E0 9.99988E-1 1E0 1E0 1E0 1E0 1E0 1E0 1E0 1E0 1E0 1E0 1E0 1E0 1E0 1E0
-9999 -9999 -9999 -9999 1.60898E-1 -9999 3.38551E-1 3.67328E-1 2.34164E-1 5.1431E-1 5.29654E-1 4.86524E-1 7.26613E-1 7.27429E-1 4.47203E-1 2.05829E-1 1.67705E-1 2.59482E-1 1.08609E-1 1.03368E-1 5.10819E-2 1.41539E-2 1.47944E-2 7.276E-3 4.23586E-3 8.58886E-3 4.37553E-2 7.8033E-2 2.82007E-1 2.51365E-1 6.45973E-1 6.21336E-1 5.4217E-1 6.13719E-1 9.96763E-1 9.98964E-1 9.99998E-1 1E0 9.99992E-1 9.99993E-1 9.99558E-1 9.87956E-1 9.88234E-1 9.8731E-1 9.88461E-1 9.97253E-1 9.38083E-1 9.9486E-1 9.93544E-1 9.99731E-1 9.99941E-1 9.99511E-1 1E0 1E0 1E0 1E0 1E0 1E0 1E0 1E0 1E0 1E0 1E0 1E0 1E0 1E0 1E0 1E0
-9999 -9999 -9999 -9999 -9999 1.73142E-1 2.18367E-1 3.35865E-1 3.60054E-1 3.7605E-1 3.89682E-1 4.84177E-1 5.0922E-1 6.13856E-1 7.9475E-1 5.05251E-1 4.56583E-1 3.7644E-1 4.34661E-2 1.94904E-2 1.23468E-2 1.47523E-2 6.69339E-3 7.02978E-3 3.06749E-3 6.40788E-3 1.63462E-2 3.96533E-2 5.58084E-2 1.3463E-1 8.87922E-1 8.9737E-1 9.88285E-1 9.45355E-1 9.98898E-1 9.99998E-1 9.99999E-1 9.99829E-1 9.92306E-1 9.8974E-1 8.49399E-1 8.46716E-1 8.47925E-1 6.87049E-1 8.3715E-1 7.80874E-1 6.80204E-1 9.39266E-1 9.52277E-1 9.85587E-1 9.99781E-1 1E0 1E0 1E0 1E0 1E0 1E0 1E0 1E0 1E0 1E0 1E0 1E0 1E0 1E0 1E0 1E0 1E0
-9999 -9999 -9999 -9999 -9999 -9999 2.19807E-1 2.38379E-1 2.5044E-1 2.38982E-1 3.15938E-1 3.37814E-1 5.15631E-1 3.38438E-1 4.15538E-1 4.6362E-1 3.14695E-1 2.9141E-1 1.43364E-1 2.67699E-2 5.26002E-3 1.5585E-2 1.68145E-2 2.95916E-2 7.19308E-3 6.57773E-3 1.71394E-2 3.02924E-2 4.45116E-2 1.42801E-1 5.94504E-1 6.84845E-1 8.83407E-1 9.71667E-1 9.56043E-1 9.97265E-1 9.99313E-1 9.36149E-1 7.84357E-1 5.5896E-1 6.58063E-1 6.61799E-1 8.19494E-1 8.72466E-1 6.45514E-1 9.72043E-1 7.47813E-1 8.96945E-1 8.94081E-1 9.90691E-1 9.99999E-1 1E0 1E0 1E0 1E0 1E0 1E0 1E0 1E0 1E0 1E0 1E0 1E0 1E0 1E0 1E0 1E0 1E0
-9999 -9999 -9999 -9999 -9999 -9999 -9999 1.84018E-1 2.23229E-1 1.92194E-1 1.73131E-1 2.25966E-1 4.03306E-1 2.64871E-1 3.73852E-1 2.20075E-1 2.04272E-1 3.39755E-1 9.75308E-2 5.85877E-2 1.91756E-2 2.57114E-2 3.71012E-2 4.2185E-2 1.40859E-2 1.74537E-2 3.45224E-2 5.39846E-2 6.76068E-2 3.35488E-1 6.63041E-1 4.15435E-1 7.12086E-1 7.77474E-1 9.79878E-1 9.99405E-1 9.54974E-1 8.97733E-1 7.58781E-1 6.22672E-1 4.15654E-1 8.02824E-1 8.86911E-1 9.69247E-1 7.70148E-1 9.20224E-1 9.93724E-1 9.76787E-1 9.05952E-1 9.92669E-1 9.99934E-1 1E0 1E0 1E0 1E0 1E0 1E0 1E0 1E0 1E0 1E0 1E0 1E0 1E0 1E0 1E0 1E0 1E0
-9999 -9999 -9999 -9999 -9999 -9999 -9999 -9999 2.65777E-1 2.09749E-1 2.36919E-1 1.99222E-1 2.39002E-1 3.9216E-1 3.56416E-1 5.75776E-1 4.89807E-1 5.5108E-1 2.99197E-1 1.40563E-1 4.30882E-2 7.66081E-2 5.93987E-2 6.72449E-2 3.27544E-2 4.90023E-2 1.70923E-1 2.65303E-1 5.38066E-1 6.85719E-1 7.22331E-1 6.50679E-1 9.3379E-1 9.87334E-1 9.96987E-1 9.97629E-1 9.53811E-1 7.88831E-1 7.12526E-1 4.86489E-1 4.42383E-1 4.79644E-1 9.04462E-1 9.98889E-1 9.96009E-1 9.9892E-1 9.92772E-1 9.99979E-1 9.58524E-1 9.91116E-1 9.99956E-1 1E0 1E0 1E0 1E0 1E0 1E0 1E0 1E0 1E0 1E0 1E0 1E0 1E0 1E0 1E0 1E0 1E0
-9999 -9999 -9999 -9999 -9999 -9999 -9999 -9999 -9999 2.2591E-1 3.79835E-1 3.10007E-1 2.07523E-1 3.25925E-1 2.49233E-1 5.66303E-1 7.30968E-1 8.71251E-1 6.68127E-1 5.01188E-1 4.82248E-1 1.17643E-1 1.97063E-1 1.57828E-1 6.34131E-2 6.37612E-2 2.77048E-1 4.17344E-1 5.50058E-1 6.60591E-1 6.87916E-1 7.20726E-1 8.44159E-1 9.52739E-1 9.98309E-1 8.54453E-1 9.24094E-1 7.83289E-1 7.08544E-1 4.57306E-1 4.31968E-1 2.55902E-1 2.54384E-1 7.32708E-1 9.65528E-1 9.02996E-1 9.79929E-1 9.26151E-1 9.99969E-1 9.99924E-1 9.99958E-1 9.99997E-1 1E0 1E0 1E0 1E0 1E0 1E0 1E0 1E0 1E0 1E0 1E0 1E0 1E0 1E0 1E0 1E0
-9999 -9999 -9999 -9999 -9999 -9999 -9999 -9999 -9999 -9999 5.65158E-1 3.57506E-1 -9999 1.90286E-1 2.48456E-1 4.25109E-1 5.49906E-1 8.31317E-1 8.75745E-1 3.98193E-1 3.12493E-1 5.24371E-1 1.11891E-1 2.17104E-1 1.15791E-1 1.46863E-1 8.34647E-2 8.12325E-2 2.07855E-1 3.10191E-1 5.01912E-1 9.15949E-1 8.99304E-1 7.39995E-1 8.91723E-1 4.60064E-1 5.21703E-1 6.81632E-1 6.18931E-1 7.11273E-1 4.60305E-1 2.99154E-1 3.37752E-1 2.71545E-1 8.81739E-1 7.69502E-1 4.85702E-1 9.30605E-1 8.64477E-1 8.15443E-1 9.98952E-1 9.99997E-1 1E0 1E0 1E0 1E0 1E0 1E0 1E0 1E0 1E0 1E0 1E0 1E0 1E0 1E0 1E0 1E0
-9999 -9999 -9999 -9999 -9999 -9999 -9999 -9999 -9999 -9999 -9999 2.95243E-1 -9999 2.79807E-1 2.82642E-1 2.83203E-1 5.47654E-1 6.13884E-1 6.8012E-1 2.87615E-1 1.65613E-1 2.29318E-1 1.57332E-1 1.07781E-1 1.11968E-1 8.45338E-2 4.59733E-2 6.8177E-2 8.55123E-2 2.6476E-1 2.4756E-1 2.13287E-1 2.57412E-1 1.4909E-1 2.7276E-1 2.25945E-1 2.42742E-1 3.22105E-1 6.2409E-1 4.26285E-1 6.23441E-1 2.6762E-1 3.40332E-1 4.60091E-1 8.7421E-1 9.06268E-1 9.88111E-1 9.95276E-1 9.96609E-1 9.99965E-1 1E0 1E0 1E0 1E0 1E0 1E0 1E0 1E0 1E0 1E0 1E0 1E0 1E0 1E0 1E0 1E0 1E0 1E0
-9999 -9999 -9999 -9999 -9999 -9999 -9999 -9999 -9999 -9999 -9999 4.41194E-1 -9999 -9999 2.06579E-1 3.2336E-1 5.46292E-1 7.26243E-1 3.7131E-1 2.19958E-1 1.73858E-1 1.0446E-1 2.8313E-2 5.04269E-2 6.32215E-2 3.68959E-2 2.33791E-2 2.81861E-2 2.22879E-2 6.47857E-2 9.20135E-2 5.84605E-2 3.06315E-2 6.7613E-2 1.42042E-1 8.29051E-2 8.8903E-2 1.0157E-1 1.1367E-1 1.51078E-1 2.66468E-1 3.65282E-1 4.4998E-1 7.32765E-1 9.97571E-1 9.96574E-1 8.49848E-1 9.11535E-1 9.99844E-1 9.98411E-1 9.99939E-1 9.99518E-1 9.99906E-1 1E0 1E0 1E0 1E0 1E0 1E0 1E0 1E0 1E0 1E0 1E0 1E0 1E0 1E0 1E0
-9999 -9999 -9999 -9999 -9999 -9999 -9999 -9999 -9999 -9999 -9999 -9999 2.01764E-1 -9999 1.57991E-1 2.68532E-1 2.97179E-1 7.41076E-1 8.46938E-1 3.08539E-1 3.26321E-1 1.3938E-1 5.63933E-2 3.30106E-2 3.72301E-2 3.66619E-2 1.60169E-2 1.58912E-2 3.55162E-2 3.70499E-2 5.1517E-2 4.16752E-2 1.81015E-2 4.95679E-2 1.43289E-1 8.09097E-2 1.33192E-1 3.23922E-2 5.28782E-2 8.77173E-2 2.16077E-1 2.52968E-1 3.62569E-1 6.26963E-1 9.9846E-1 9.83697E-1 8.25776E-1 7.90143E-1 9.56106E-1 9.95607E-1 9.9517E-1 9.98573E-1 9.6857E-1 9.99888E-1 1E0 1E0 1E0 1E0 1E0 1E0 1E0 1E0 1E0 1E0 1E0 1E0 1E0 1E0
-9999 -9999 -9999 -9999 -9999 -9999 -9999 -9999 -9999 -9999 -9999 -9999 2.50403E-1 -9999 2.13076E-1 3.27191E-1 2.78334E-1 5.85098E-1 9.18466E-1 7.96314E-1 4.71395E-1 1.49405E-1 7.80936E-2 4.13342E-2 1.30646E-2 8.41189E-3 1.43386E-2 1.9997E-2 1.8981E-2 3.30739E-2 4.90118E-2 3.77471E-2 3.28059E-2 3.78777E-2 7.64572E-2 1.01919E-1 7.04574E-2 1.33141E-1 8.75758E-2 3.89772E-2 2.21559E-1 1.60632E-1 3.35069E-1 7.69339E-1 9.91659E-1 9.75416E-1 9.16561E-1 8.04963E-1 9.8675E-1 9.99314E-1 9.99863E-1 9.97826E-1 9.98489E-1 9.99999E-1 1E0 1E0 1E0 1E0 1E0 1E0 1E0 1E0 1E0 1E0 1E0 1E0 1E0 1E0
-9999 -9999 -9999 -9999 -9999 -9999 -9999 -9999 -9999 -9999 -9999 -9999 1.43835E-1 -9999 -9999 3.4018E-1 4.68865E-1 8.84474E-1 9.13561E-1 8.07478E-1 5.32011E-1 2.08711E-1 1.46672E-1 8.0496E-2 3.84401E-2 1.52789E-2 1.50433E-2 2.61969E-2 2.72082E-2 2.55818E-2 3.59738E-2 4.35486E-2 4.96782E-2 7.61138E-2 1.21665E-1 8.26025E-2 1.20766E-1 1.62026E-1 9.9718E-2 1.44136E-1 9.28578E-2 4.13646E-1 3.02896E-1 2.97432E-1 7.23378E-1 9.27633E-1 8.08609E-1 8.49177E-1 9.80549E-1 9.95803E-1 9.98104E-1 1E0 9.99999E-1 1E0 1E0 1E0 1E0 1E0 1E0 1E0 1E0 1E0 1E0 1E0 1E0 1E0 1E0 1E0
-9999 -9999 -9999 -9999 -9999 -9999 -9999 -9999 -9999 -9999 -9999 -9999 -9999 -9999 -9999 2.51302E-1 4.52498E-1 4.82032E-1 6.08872E-1 9.35362E-1 7.32076E-1 2.50103E-1 2.35315E-1 4.21248E-1 4.24643E-1 2.36154E-1 1.24234E-1 4.03541E-2 3.75048E-2 2.53421E-2 3.98243E-2 3.63683E-2 4.4107E-2 1.30517E-1 1.19266E-1 1.14484E-1 1.78036E-1 1.92926E-1 1.91826E-1 1.93294E-1 3.56093E-1 2.34887E-1 4.50265E-1 6.33463E-1 5.95548E-1 8.14271E-1 9.0364E-1 9.97466E-1 9.97855E-1 9.82407E-1 9.94791E-1 9.99938E-1 9.99996E-1 9.99984E-1 1E0 1E0 1E0 1E0 1E0 1E0 1E0 1E0 1E0 1E0 1E0 1E0 1E0 1E0
-9999 -9999 -9999 -9999 -9999 -9999 -9999 -9999 -9999 -9999 -9999 -9999 -9999 -9999 -9999 -9999 2.04719E-1 3.49312E-1 4.58711E-1 6.15629E-1 8.97004E-1 6.73054E-1 7.70456E-1 8.49803E-1 6.23144E-1 5.70621E-1 2.14782E-1 7.73991E-2 7.22878E-2 6.01631E-2 1.68714E-1 1.7068E-1 1.06419E-1 2.47664E-1 1.15151E-1 1.51613E-1 1.06906E-1 1.85921E-1 3.81836E-1 2.51033E-1 5.00273E-1 4.94823E-1 5.51877E-1 3.8917E-1 5.89916E-1 9.12024E-1 9.72564E-1 9.71836E-1 9.42136E-1 9.7183E-1 9.8408E-1 9.99642E-1 9.99866E-1 9.99264E-1 1E0 1E0 1E0 1E0 1E0 9.99998E-1 1E0 1E0 1E0 1E0 1E0 1E0 1E0 1E0
-9999 -9999 -9999 -9999 -9999 -9999 -9999 -9999 -9999 -9999 -9999 -9999 -9999 -9999 -9999 -9999 1.14571E-1 1.96526E-1 2.46077E-1 4.00085E-1 9.32068E-1 9.42015E-1 9.37108E-1 9.9838E-1 8.83085E-1 8.43242E-1 8.34479E-1 7.71851E-1 7.24039E-1 3.13801E-1 2.62516E-1 2.75082E-1 2.15569E-1 2.6254E-1 1.75009E-1 2.16715E-1 2.52116E-1 2.68652E-1 5.21585E-1 4.95113E-1 6.88398E-1 5.88593E-1 5.87884E-1 5.98476E-1 6.60593E-1 7.86855E-1 8.59585E-1 7.42619E-1 7.41902E-1 9.7196E-1 9.83546E-1 9.99974E-1 1E0 1E0 1E0 1E0 1E0 1E0 9.99994E-1 9.9997E-1 9.99878E-1 1E0 1E0 1E0 1E0 1E0 1E0 1E0
-9999 -9999 -9999 -9999 -9999 -9999 -9999 -9999 -9999 -9999 -9999 -9999 -9999 -9999 -9999 -9999 1.63975E-1 1.89376E-1 2.61097E-1 4.06062E-1 8.19696E-1 9.52623E-1 9.63246E-1 9.99714E-1 9.63096E-1 8.56379E-1 9.25152E-1 8.51363E-1 7.98437E-1 5.6843E-1 6.48097E-1 5.96755E-1 3.63353E-1 3.58117E-1 2.12499E-1 3.12852E-1 2.38608E-1 3.31551E-1 5.49053E-1 7.33057E-1 7.44309E-1 8.37277E-1 7.80398E-1 3.46711E-1 2.98721E-1 6.91499E-1 8.18012E-1 6.02416E-1 7.91472E-1 9.44021E-1 9.96134E-1 9.99997E-1 9.99999E-1 1E0 1E0 1E0 1E0 1E0 9.99734E-1 9.99972E-1 9.99987E-1 1E0 1E0 1E0 1E0 1E0 1E0 1E0
-9999 -9999 -9999 -9999 -9999 -9999 -9999 -9999 -9999 -9999 -9999 -9999 -9999 -9999 -9999 -9999 1.59473E-1 2.46745E-1 1.73617E-1 3.79871E-1 7.26766E-1 8.91183E-1 9.22604E-1 9.96633E-1 9.97964E-1 9.93246E-1 9.99205E-1 8.94621E-1 8.65386E-1 5.86458E-1 6.14666E-1 6.57805E-1 3.82656E-1 2.4112E-1 1.8643E-1 1.98056E-1 2.00798E-1 3.00706E-1 5.41776E-1 6.61691E-1 8.06808E-1 8.66477E-1 8.31844E-1 7.75723E-1 5.18384E-1 6.95792E-1 8.18295E-1 9.21173E-1 9.78152E-1 9.92034E-1 9.98534E-1 9.99955E-1 9.99915E-1 9.99882E-1 9.99996E-1 9.99995E-1 1E0 1E0 9.99968E-1 9.99351E-1 9.9999E-1 1E0 1E0 1E0 1E0 1E0 1E0 1E0
-9999 -9999 -9999 -9999 -9999 -9999 -9999 -9999 -9999 -9999 -9999 -9999 -9999 -9999 -9999 -9999 -9999 1.80463E-1 2.87711E-1 3.63997E-1 6.30317E-1 8.37793E-1 9.70522E-1 9.73544E-1 9.75859E-1 9.96899E-1 9.79872E-1 9.60422E-1 9.8743E-1 7.89186E-1 6.52871E-1 6.45291E-1 5.3329E-1 3.67702E-1 2.31694E-1 1.59523E-1 3.7554E-1 4.84679E-1 4.23847E-1 6.36919E-1 7.50139E-1 8.83146E-1 8.34455E-1 8.05555E-1 6.81031E-1 6.80028E-1 7.99852E-1 9.72508E-1 9.96363E-1 9.61671E-1 9.74856E-1 9.55935E-1 9.98585E-1 9.99323E-1 9.9997E-1 9.99916E-1 1E0 1E0 1E0 9.99998E-1 1E0 1E0 1E0 1E0 1E0 1E0 1E0 1E0
-9999 -9999 -9999 -9999 -9999 -9999 -9999 -9999 -9999 -9999 -9999 -9999 -9999 -9999 -9999 -9999 -9999 1.9097E-1 1.62655E-1 3.57559E-1 7.0995E-1 8.90461E-1 9.8663E-1 9.76732E-1 6.4329E-1 5.95542E-1 8.82607E-1 9.37971E-1 9.95322E-1 9.01502E-1 8.72334E-1 7.55085E-1 8.27719E-1 3.51959E-1 3.19178E-1 1.7663E-1 3.92997E-1 4.51171E-1 4.6202E-1 7.64028E-1 9.3838E-1 9.51283E-1 8.43328E-1 8.57375E-1 7.9985E-1 7.67434E-1 8.28705E-1 9.05517E-1 8.60202E-1 8.99221E-1 7.814E-1 8.72225E-1 9.90328E-1 9.99958E-1 1E0 1E0 9.99989E-1 9.99937E-1 9.99999E-1 1E0 1E0 1E0 1E0 1E0 1E0 1E0 1E0 1E0
-9999 -9999 -9999 -9999 -9999 -9999 -9999 -9999 -9999 -9999 -9999 -9999 -9999 -9999 -9999 -9999 -9999 -9999 1.24924E-1 3.4377E-1 7.36728E-1 9.21659E-1 9.36418E-1 9.16936E-1 8.72423E-1 7.91138E-1 8.16167E-1 9.79043E-1 9.99631E-1 9.14803E-1 8.53325E-1 7.04439E-1 7.61546E-1 4.79369E-1 3.54743E-1 6.35062E-1 6.5576E-1 8.10902E-1 8.92498E-1 9.32968E-1 9.84572E-1 9.29233E-1 9.43056E-1 8.84482E-1 7.99587E-1 6.45783E-1 6.15423E-1 8.1019E-1 8.88765E-1 8.54404E-1 8.57808E-1 8.89973E-1 8.66989E-1 9.99274E-1 9.99997E-1 1E0 9.99997E-1 9.99987E-1 1E0 1E0 9.99906E-1 1E0 1E0 1E0 1E0 1E0 1E0 1E0
-9999 -9999 -9999 -9999 -9999 -9999 -9999 -9999 -9999 -9999 -9999 -9999 -9999 -9999 -9999 -9999 -9999 1.39862E-1 1.18372E-1 1.95704E-1 4.65574E-1 5.90006E-1 9.28295E-1 9.4854E-1 9.83404E-1 7.71497E-1 8.16793E-1 8.75284E-1 9.63034E-1 8.70459E-1 8.91874E-1 7.75106E-1 6.8363E-1 4.98832E-1 3.17751E-1 5.81401E-1 7.37844E-1 7.12262E-1 7.87737E-1 9.2754E-1 9.97997E-1 9.88246E-1 9.75766E-1 9.55294E-1 9.34743E-1 8.69007E-1 8.24633E-1 8.90149E-1 9.31968E-1 8.78152E-1 9.34934E-1 7.1428E-1 8.37144E-1 9.93314E-1 9.9999E-1 9.99997E-1 9.99994E-1 9.99976E-1 9.99999E-1 1E0 1E0 1E0 9.99999E-1 1E0 1E0 1E0 1E0 1E0
-9999 -9999 -9999 -9999 -9999 -9999 -9999 -9999 -9999 -9999 -9999 -9999 -9999 -9999 -9999 -9999 -9999 -9999 2.37952E-1 1.67861E-1 3.31132E-1 7.17308E-1 9.07737E-1 9.261E-1 9.99134E-1 9.81326E-1 9.79922E-1 9.98503E-1 8.84275E-1 8.97651E-1 7.56916E-1 4.24655E-1 4.2355E-1 3.89708E-1 6.03581E-1 7.87535E-1 9.38567E-1 9.32479E-1 9.39192E-1 9.40146E-1 9.90287E-1 9.79597E-1 9.54502E-1 9.74264E-1 9.7516E-1 9.76385E-1 9.65058E-1 9.33899E-1 9.8029E-1 9.82103E-1 9.8663E-1 8.61801E-1 9.62123E-1 9.99639E-1 9.99956E-1 9.97958E-1 9.99367E-1 9.97316E-1 9.99982E-1 1E0 1E0 1E0 1E0 1E0 1E0 1E0 1E0 1E0
