ENM/Final_Models/M_1_F_qp_Set_1_EC/Gustavia_santanderiensis_4_Choco.asc
ncols         367
nrows         963
xllcorner     -78.6
yllcorner     0.65
cellsize      0.00833333333333323
NODATA_value  -9999
[rows 780 to 809 of 963, columns 67 to 133 of 367]
8.81704E-1 8.82973E-1 8.63792E-1 9.0587E-1 8.97531E-1 9.02251E-1 9.00139E-1 9.32036E-1 8.69965E-1 8.14776E-1 8.50421E-1 8.34986E-1 8.55394E-1 8.93516E-1 8.70535E-1 7.89072E-1 8.15184E-1 8.21569E-1 7.82853E-1 9.36047E-1 8.98668E-1 9.71147E-1 9.15441E-1 8.80339E-1 8.49924E-1 8.94485E-1 8.98738E-1 8.8543E-1 8.35616E-1 7.84513E-1 8.11447E-1 8.07489E-1 8.96274E-1 8.98815E-1 8.12263E-1 8.47268E-1 9.42872E-1 9.49913E-1 8.57327E-1 5.20034E-1 7.49735E-1 7.40083E-1 8.48252E-1 7.77403E-1 7.58196E-1 4.01754E-1 3.1439E-1 2.39762E-1 5.1022E-1 4.7411E-1 3.33355E-1 2.65569E-1 1.65661E-1 8.09922E-2 8.37609E-2 5.37278E-2 4.77498E-2 1.2999E-1 9.47538E-2 1.14517E-1 3.42993E-2 4.30798E-3 6.3994E-4 6.0356E-4 1.81825E-3 4.54996E-4 1.42898E-3
9.13977E-1 9.14827E-1 8.98646E-1 8.49138E-1 9.06834E-1 8.80038E-1 8.8539E-1 9.15769E-1 8.91393E-1 8.47202E-1 8.49154E-1 8.66952E-1 8.5559E-1 8.56708E-1 8.50666E-1 7.91337E-1 7.19662E-1 9.28523E-1 8.36948E-1 8.23685E-1 9.29035E-1 9.41524E-1 9.11737E-1 9.24127E-1 9.00165E-1 9.65479E-1 8.30093E-1 8.86334E-1 7.9304E-1 7.89588E-1 7.56021E-1 9.33311E-1 9.51819E-1 9.4692E-1 8.17841E-1 7.05758E-1 8.43923E-1 8.80542E-1 8.44658E-1 8.22773E-1 8.24346E-1 7.71157E-1 7.99418E-1 7.9652E-1 4.01188E-1 3.36517E-1 3.57412E-1 4.32427E-1 3.33185E-1 2.89824E-1 2.75841E-1 2.0622E-1 1.15335E-1 1.34292E-1 1.85521E-1 1.25208E-1 1.4422E-1 1.66704E-1 1.21955E-1 1.0157E-1 2.30487E-2 3.23622E-3 5.74572E-4 2.58741E-3 2.90228E-3 4.86491E-4 5.3939E-4
9.0958E-1 8.90317E-1 8.59381E-1 8.27479E-1 9.00612E-1 8.71946E-1 8.84856E-1 8.44127E-1 8.66417E-1 8.57333E-1 8.80594E-1 8.83011E-1 8.56198E-1 8.23986E-1 8.22819E-1 8.57991E-1 8.72305E-1 8.33937E-1 8.46313E-1 7.86545E-1 8.82959E-1 9.29335E-1 9.33206E-1 8.82434E-1 8.75985E-1 9.24214E-1 8.55797E-1 8.49686E-1 8.94657E-1 8.95122E-1 8.57559E-1 8.36481E-1 9.31555E-1 9.31267E-1 8.69406E-1 8.4535E-1 8.47653E-1 8.34629E-1 9.08055E-1 7.89285E-1 7.69648E-1 8.11152E-1 7.3708E-1 6.48522E-1 4.37122E-1 3.17322E-1 4.21072E-1 6.36952E-1 5.55721E-1 4.2727E-1 3.52769E-1 3.28704E-1 2.00211E-1 2.89478E-1 2.99355E-1 2.70853E-1 3.15745E-1 1.56994E-1 2.22388E-1 3.03247E-1 1.91121E-2 3.67761E-3 8.31297E-4 6.24119E-3 6.73864E-3 1.52816E-3 9.01798E-4
8.96667E-1 8.96462E-1 8.43562E-1 9.12759E-1 9.1823E-1 9.08114E-1 8.99904E-1 8.335E-1 8.68398E-1 8.51593E-1 8.65515E-1 8.10385E-1 9.06337E-1 8.20219E-1 8.12205E-1 8.31454E-1 8.47555E-1 8.78441E-1 8.53872E-1 8.59639E-1 8.3319E-1 8.93862E-1 8.42018E-1 8.62936E-1 8.62658E-1 9.12059E-1 9.72489E-1 9.69031E-1 9.61004E-1 8.76183E-1 7.99495E-1 7.39683E-1 8.28381E-1 9.19717E-1 8.65578E-1 7.91129E-1 7.39955E-1 7.11341E-1 6.61116E-1 7.764E-1 7.24103E-1 7.72057E-1 5.89495E-1 4.46639E-1 4.40462E-1 3.81344E-1 6.92288E-1 6.29187E-1 5.26997E-1 4.04462E-1 4.21645E-1 3.60229E-1 2.07078E-1 3.07352E-1 4.37648E-1 5.29337E-1 1.59089E-1 1.39881E-1 2.758E-1 1.72313E-1 2.45403E-2 1.74812E-3 8.86996E-4 5.58431E-3 1.65507E-2 7.42063E-3 8.28707E-3
8.96083E-1 8.9831E-1 8.80394E-1 8.74332E-1 8.83071E-1 8.55063E-1 8.73917E-1 8.51394E-1 8.65086E-1 8.00003E-1 7.77829E-1 7.76102E-1 8.24738E-1 8.17976E-1 8.34279E-1 8.90172E-1 8.739E-1 8.35888E-1 8.60469E-1 8.21106E-1 7.32077E-1 8.39794E-1 8.47754E-1 8.69645E-1 8.83854E-1 8.99382E-1 9.64935E-1 9.82929E-1 9.72841E-1 9.47182E-1 9.44206E-1 7.80965E-1 8.94274E-1 9.31242E-1 8.90955E-1 8.90547E-1 8.0522E-1 7.565E-1 9.01936E-1 8.54229E-1 8.39967E-1 7.9779E-1 7.10486E-1 6.85155E-1 5.97126E-1 6.39531E-1 7.24044E-1 5.71048E-1 6.50019E-1 6.39388E-1 5.82722E-1 3.72725E-1 4.734E-1 5.51302E-1 3.84815E-1 3.80152E-1 2.01982E-1 2.04652E-1 3.20491E-1 2.29627E-1 5.4275E-2 4.6172E-3 3.24453E-3 6.46822E-3 1.66475E-2 4.22053E-2 1.03179E-1
9.33498E-1 8.86836E-1 8.92254E-1 8.86126E-1 8.63294E-1 8.89931E-1 8.56532E-1 8.53614E-1 8.06031E-1 7.46357E-1 8.11211E-1 7.73251E-1 8.35716E-1 8.24562E-1 8.17278E-1 8.89284E-1 8.94864E-1 8.50462E-1 8.64915E-1 7.95323E-1 8.24758E-1 7.32709E-1 8.42746E-1 7.90071E-1 8.09534E-1 8.35419E-1 9.66077E-1 9.74723E-1 9.47355E-1 9.44061E-1 9.30953E-1 9.00852E-1 9.24172E-1 9.28584E-1 8.97675E-1 8.63295E-1 9.02473E-1 9.17167E-1 8.57085E-1 9.29351E-1 9.42419E-1 9.14234E-1 8.0446E-1 7.4534E-1 7.13341E-1 5.49756E-1 6.16069E-1 6.74035E-1 5.22806E-1 6.0433E-1 7.16338E-1 7.50479E-1 7.94972E-1 7.49783E-1 6.1821E-1 5.59411E-1 1.77921E-1 3.63179E-1 3.30822E-1 1.67446E-1 4.4559E-2 1.011E-2 1.3938E-2 2.7831E-2 4.79222E-2 6.05264E-2 1.38182E-1
8.31301E-1 8.89956E-1 8.88909E-1 8.6982E-1 8.979E-1 8.45187E-1 8.69362E-1 8.41948E-1 7.2272E-1 7.88778E-1 7.06878E-1 8.56246E-1 8.57715E-1 7.7516E-1 6.55312E-1 8.34734E-1 8.91398E-1 8.83721E-1 9.25607E-1 8.87947E-1 8.61455E-1 7.78684E-1 8.34691E-1 8.29634E-1 8.01333E-1 8.97096E-1 9.14921E-1 9.84823E-1 9.75361E-1 9.45509E-1 9.67004E-1 9.37337E-1 9.30378E-1 8.87021E-1 9.21481E-1 9.11047E-1 9.34415E-1 9.47441E-1 9.46401E-1 9.3182E-1 8.89724E-1 8.19784E-1 8.29859E-1 7.59469E-1 4.84273E-1 4.42496E-1 3.42597E-1 6.13827E-1 3.77898E-1 5.83257E-1 6.20277E-1 6.85561E-1 7.70225E-1 8.34679E-1 7.77346E-1 6.84635E-1 2.46264E-1 2.75817E-1 2.26274E-1 2.85836E-1 5.41861E-2 7.49965E-3 1.69424E-2 6.90979E-2 2.15858E-1 9.06965E-2 1.82098E-1
8.8383E-1 8.84574E-1 8.7058E-1 9.26018E-1 8.61657E-1 8.77846E-1 8.74584E-1 9.20708E-1 7.58451E-1 8.3122E-1 7.74571E-1 7.85778E-1 8.8462E-1 7.94215E-1 9.21599E-1 8.28413E-1 7.06476E-1 8.38732E-1 8.58468E-1 8.93511E-1 8.90908E-1 9.2027E-1 7.5891E-1 7.20695E-1 8.44154E-1 7.36581E-1 7.77044E-1 9.81386E-1 9.79427E-1 9.54205E-1 9.59218E-1 9.16011E-1 9.4813E-1 9.25545E-1 9.2493E-1 9.59688E-1 9.51154E-1 9.14651E-1 9.31468E-1 8.64778E-1 6.99985E-1 7.50884E-1 5.28329E-1 4.38958E-1 2.7223E-1 3.66216E-1 3.22874E-1 2.16193E-1 1.82758E-1 5.10845E-1 4.98698E-1 7.02512E-1 8.45589E-1 8.41034E-1 6.30559E-1 5.26576E-1 4.67628E-1 1.85718E-1 9.33009E-2 1.72921E-1 2.61214E-2 2.07151E-2 2.93941E-2 6.56135E-2 3.21064E-1 1.71146E-1 1.36148E-1
8.96083E-1 8.03691E-1 8.67487E-1 8.83946E-1 7.92604E-1 7.53424E-1 8.90056E-1 8.34313E-1 8.13032E-1 8.44632E-1 9.15115E-1 8.69188E-1 7.703E-1 8.08289E-1 9.37531E-1 8.31402E-1 8.76504E-1 7.09799E-1 8.22513E-1 8.7456E-1 8.96949E-1 8.39396E-1 8.90381E-1 8.91435E-1 8.30262E-1 9.21115E-1 9.72092E-1 9.67155E-1 9.6339E-1 8.29509E-1 7.85547E-1 9.60097E-1 9.22314E-1 9.46265E-1 9.19316E-1 9.38098E-1 9.41379E-1 8.68665E-1 8.53928E-1 7.63943E-1 7.24843E-1 4.59384E-1 2.50658E-1 2.07206E-1 2.24115E-1 2.01311E-1 1.67246E-1 9.46038E-2 1.14525E-1 5.95052E-2 3.18188E-1 4.72633E-1 8.05229E-1 8.76251E-1 7.30092E-1 6.06528E-1 3.56679E-1 1.45059E-1 1.86987E-1 1.2614E-1 6.88713E-2 4.22363E-2 6.38321E-2 1.4823E-1 3.2346E-1 3.28299E-1 1.51397E-1
7.42414E-1 8.18231E-1 8.22722E-1 7.91021E-1 8.27726E-1 7.81859E-1 9.06031E-1 9.36816E-1 9.316E-1 7.72143E-1 8.01674E-1 8.37998E-1 9.06315E-1 9.60656E-1 9.25549E-1 9.12626E-1 8.41764E-1 7.57118E-1 7.63089E-1 7.69787E-1 7.50019E-1 7.59734E-1 7.40485E-1 7.66365E-1 8.00045E-1 9.18251E-1 9.03593E-1 9.66781E-1 9.44947E-1 9.49637E-1 9.44789E-1 9.32742E-1 9.41128E-1 8.97992E-1 7.22805E-1 7.55711E-1 9.03906E-1 7.4504E-1 6.26894E-1 6.82935E-1 5.57424E-1 4.35464E-1 3.14664E-1 2.89207E-1 2.5358E-1 3.14541E-1 1.25674E-1 6.93028E-2 1.4361E-1 2.09127E-1 1.76371E-1 3.79705E-1 6.29054E-1 8.20771E-1 8.66499E-1 7.75496E-1 4.42261E-1 3.31304E-1 3.73297E-1 1.33017E-1 1.23595E-1 9.52311E-2 1.20954E-1 2.67485E-1 1.49945E-1 2.50979E-1 2.53015E-1
8.45674E-1 7.8455E-1 8.88225E-1 8.64823E-1 9.28111E-1 9.1965E-1 9.16539E-1 8.9047E-1 8.27649E-1 8.012E-1 7.62909E-1 7.7757E-1 8.0649E-1 9.43443E-1 9.0591E-1 8.80876E-1 8.12169E-1 7.72408E-1 7.5654E-1 7.4191E-1 7.53736E-1 7.25915E-1 7.83305E-1 7.77613E-1 7.63847E-1 8.08935E-1 8.26611E-1 9.08794E-1 9.13006E-1 9.57933E-1 9.45359E-1 9.1361E-1 8.86155E-1 8.59601E-1 8.04713E-1 7.17387E-1 6.41019E-1 6.60321E-1 5.23719E-1 6.19965E-1 5.55318E-1 5.14347E-1 2.90764E-1 2.71402E-1 2.4639E-1 2.12304E-1 2.05651E-1 9.00994E-2 1.626E-1 2.06287E-1 1.65967E-1 1.5841E-1 5.13738E-1 8.71118E-1 8.47376E-1 4.82497E-1 3.88574E-1 5.45345E-1 5.30138E-1 3.45344E-1 2.90356E-1 3.81257E-1 4.28921E-1 2.07143E-1 7.78235E-2 8.76946E-2 7.05073E-2
9.62934E-1 9.17453E-1 7.84618E-1 8.65373E-1 9.0282E-1 9.12143E-1 9.78769E-1 8.88898E-1 9.12101E-1 8.39286E-1 7.81623E-1 7.66405E-1 7.80447E-1 9.56854E-1 9.34825E-1 8.9273E-1 9.13567E-1 7.96205E-1 8.39764E-1 8.06937E-1 8.0678E-1 7.77612E-1 7.50541E-1 8.50728E-1 8.87817E-1 8.7819E-1 8.70986E-1 8.19229E-1 9.62035E-1 8.92861E-1 9.53547E-1 9.63135E-1 7.85096E-1 8.33986E-1 7.37249E-1 6.47996E-1 3.88227E-1 4.09286E-1 6.0429E-1 5.1717E-1 4.24766E-1 3.57836E-1 3.42598E-1 3.61177E-1 2.65608E-1 2.01512E-1 1.50588E-1 1.00596E-1 1.11843E-1 1.66527E-1 9.76579E-2 9.93048E-2 4.09461E-1 8.15288E-1 8.22102E-1 5.73719E-1 5.94781E-1 7.23175E-1 6.3876E-1 5.25312E-1 4.9199E-1 2.85229E-1 2.78017E-1 1.10942E-1 1.71486E-2 8.993E-2 9.40928E-2
9.0717E-1 8.59081E-1 8.96207E-1 8.27485E-1 8.57449E-1 8.65183E-1 8.12393E-1 7.63604E-1 7.45391E-1 7.84341E-1 7.78073E-1 7.56599E-1 7.98798E-1 9.26168E-1 9.3469E-1 9.15657E-1 7.82744E-1 8.02174E-1 7.79582E-1 7.30858E-1 8.58047E-1 7.66019E-1 7.94172E-1 8.90332E-1 9.272E-1 8.57716E-1 7.78609E-1 7.67322E-1 9.25144E-1 9.23696E-1 9.54548E-1 9.59982E-1 8.9319E-1 8.98882E-1 7.56279E-1 6.43101E-1 5.19772E-1 4.63992E-1 4.36184E-1 5.43204E-1 3.25364E-1 3.47659E-1 2.32993E-1 1.51905E-1 1.40966E-1 1.49143E-1 1.09099E-1 7.14509E-2 1.85005E-1 2.37223E-1 2.16265E-1 1.39751E-1 4.77507E-1 8.81434E-1 8.3381E-1 7.92573E-1 7.85532E-1 8.22057E-1 4.75725E-1 2.36537E-1 2.5279E-1 2.20454E-1 9.26022E-2 3.74682E-2 3.22937E-2 5.30781E-2 3.6765E-2
7.93272E-1 8.93139E-1 9.18431E-1 8.78087E-1 8.64186E-1 6.8754E-1 7.6296E-1 8.47149E-1 8.9115E-1 7.08552E-1 8.74962E-1 9.39155E-1 8.71471E-1 7.50103E-1 9.46566E-1 9.38048E-1 8.35921E-1 7.48679E-1 7.32111E-1 7.66139E-1 7.61249E-1 7.78724E-1 7.41376E-1 7.61746E-1 7.64601E-1 7.53476E-1 8.46062E-1 8.29743E-1 8.34304E-1 8.86643E-1 9.25528E-1 9.46302E-1 8.47586E-1 9.12395E-1 5.97535E-1 5.91532E-1 5.92654E-1 5.33135E-1 4.13225E-1 4.93597E-1 3.76458E-1 2.44002E-1 3.22498E-1 2.4766E-1 1.81336E-1 1.22919E-1 8.12024E-2 1.2831E-1 2.79566E-1 3.34651E-1 2.80596E-1 2.61732E-1 2.78775E-1 7.58101E-1 9.1338E-1 7.42455E-1 7.0797E-1 7.83534E-1 5.33815E-1 1.82268E-1 1.71319E-1 1.08937E-1 2.44401E-2 8.60931E-3 1.27856E-2 3.79509E-2 4.46524E-2
9.04005E-1 9.0844E-1 8.7944E-1 8.82186E-1 9.17602E-1 7.48459E-1 7.32694E-1 7.86092E-1 8.88485E-1 7.1109E-1 8.54311E-1 9.36647E-1 8.81149E-1 9.00335E-1 8.26523E-1 8.34997E-1 6.88719E-1 7.80894E-1 7.96925E-1 7.27779E-1 6.57794E-1 7.53007E-1 7.10508E-1 8.81163E-1 8.87211E-1 8.87089E-1 8.22775E-1 7.86109E-1 8.48863E-1 8.42275E-1 7.49697E-1 8.00246E-1 8.41907E-1 6.54744E-1 6.75202E-1 6.35651E-1 6.64831E-1 5.58159E-1 5.98882E-1 6.02194E-1 3.34157E-1 3.23896E-1 3.0627E-1 3.05475E-1 2.57134E-1 1.24289E-1 1.38883E-1 1.54204E-1 1.40877E-1 1.52981E-1 3.42845E-1 3.27859E-1 1.77329E-1 4.72676E-1 7.99047E-1 5.44314E-1 3.62657E-1 6.35242E-1 3.58128E-1 1.38605E-1 6.06494E-2 6.07242E-2 5.11882E-2 5.54748E-3 1.53816E-2 1.25517E-2 1.77364E-2
8.2981E-1 7.42786E-1 8.6765E-1 7.54877E-1 8.36946E-1 7.46404E-1 7.96789E-1 8.44793E-1 7.83135E-1 8.76052E-1 7.28967E-1 7.79638E-1 7.97588E-1 7.5947E-1 7.19671E-1 7.35756E-1 7.65088E-1 8.29434E-1 7.52842E-1 7.0431E-1 8.13906E-1 8.89718E-1 7.82757E-1 7.55113E-1 8.60225E-1 8.99952E-1 8.42147E-1 8.61249E-1 8.86571E-1 8.29433E-1 8.51714E-1 8.4954E-1 8.00125E-1 6.48875E-1 5.85965E-1 6.48123E-1 7.81122E-1 7.66439E-1 6.3079E-1 5.17433E-1 5.1164E-1 4.21986E-1 4.26375E-1 2.64511E-1 3.00012E-1 1.35634E-1 1.76937E-1 1.16751E-1 2.24751E-1 3.06259E-1 2.99436E-1 3.24878E-1 2.39179E-1 5.85964E-1 8.25822E-1 7.33539E-1 3.98001E-1 4.07462E-1 4.82533E-1 1.70264E-1 4.15571E-2 2.33962E-2 2.74691E-2 1.15876E-2 1.673E-2 3.99279E-2 8.63149E-2
8.40938E-1 8.74244E-1 6.89222E-1 6.73109E-1 7.69001E-1 8.29782E-1 7.57038E-1 7.50116E-1 7.40098E-1 8.22306E-1 7.99948E-1 7.96613E-1 8.01043E-1 7.00164E-1 6.88492E-1 7.94434E-1 6.84996E-1 7.20756E-1 7.49846E-1 8.16978E-1 8.1096E-1 7.37966E-1 7.70898E-1 8.22256E-1 8.71582E-1 8.9969E-1 6.9755E-1 8.57133E-1 7.99858E-1 7.60093E-1 8.28509E-1 8.24462E-1 6.28638E-1 4.34638E-1 5.08083E-1 7.47253E-1 6.74605E-1 6.25569E-1 4.76925E-1 4.14955E-1 3.79971E-1 4.29611E-1 3.29907E-1 1.79558E-1 1.71213E-1 1.11129E-1 8.29606E-2 1.2919E-1 2.15818E-1 1.43778E-1 1.19474E-1 1.90173E-1 3.89053E-1 4.27156E-1 7.0611E-1 5.81206E-1 3.91251E-1 5.30928E-1 4.60267E-1 2.28159E-1 5.69112E-2 3.19634E-2 2.57307E-2 2.51818E-2 4.6509E-2 1.18666E-1 4.36086E-2
8.77341E-1 8.46558E-1 6.93364E-1 7.58853E-1 8.44665E-1 8.27329E-1 8.08976E-1 6.75824E-1 7.17045E-1 7.30084E-1 6.97245E-1 7.7641E-1 6.82443E-1 7.91351E-1 8.53204E-1 7.87876E-1 8.40047E-1 8.55209E-1 8.69108E-1 8.34589E-1 8.84555E-1 8.91739E-1 8.63712E-1 8.90421E-1 8.15611E-1 8.76814E-1 8.88772E-1 8.26924E-1 8.50152E-1 7.6238E-1 8.20611E-1 7.30744E-1 4.42942E-1 5.62013E-1 6.33284E-1 7.45798E-1 6.26448E-1 4.56639E-1 3.77817E-1 3.5161E-1 3.59283E-1 3.70991E-1 2.84468E-1 3.24082E-1 2.44917E-1 1.28244E-1 8.14541E-2 1.50397E-1 1.64511E-1 9.35205E-2 1.30033E-1 1.88092E-1 3.8426E-1 3.50026E-1 6.43737E-1 8.07784E-1 7.46569E-1 7.08173E-1 5.82165E-1 3.9159E-1 2.03578E-1 5.39664E-2 5.11556E-2 5.88016E-2 8.66856E-2 1.1902E-1 9.76636E-2
8.3985E-1 7.85826E-1 6.57036E-1 8.32023E-1 8.38065E-1 8.49493E-1 8.05465E-1 8.76378E-1 7.38679E-1 7.20099E-1 6.80771E-1 6.9012E-1 6.90273E-1 8.07383E-1 8.29216E-1 8.40914E-1 8.02634E-1 7.98569E-1 8.05865E-1 7.93766E-1 8.40345E-1 8.9795E-1 8.39614E-1 8.68764E-1 8.45373E-1 8.5763E-1 8.13002E-1 7.69256E-1 8.15959E-1 8.449E-1 8.06016E-1 6.7096E-1 3.88973E-1 5.87615E-1 6.85416E-1 7.1127E-1 6.81106E-1 4.36885E-1 3.70155E-1 3.30567E-1 3.51398E-1 3.31471E-1 3.15124E-1 2.50598E-1 1.76894E-1 1.34963E-1 1.2106E-1 1.27007E-1 9.85729E-2 9.02515E-2 1.71532E-1 2.9754E-1 4.27939E-1 4.46319E-1 6.94358E-1 7.99264E-1 8.21994E-1 7.16054E-1 7.04259E-1 4.99826E-1 3.34518E-1 9.36809E-2 4.98974E-2 8.49093E-2 1.30646E-1 2.20607E-1 2.13719E-1
8.42428E-1 8.52417E-1 7.9648E-1 8.61073E-1 6.67162E-1 7.87672E-1 8.39284E-1 9.00403E-1 7.02829E-1 7.38014E-1 7.93162E-1 6.57452E-1 6.78436E-1 6.5179E-1 8.03385E-1 7.92187E-1 7.99874E-1 8.2639E-1 7.68109E-1 6.46312E-1 6.16697E-1 8.18216E-1 8.65912E-1 7.84434E-1 8.71984E-1 8.39085E-1 8.21437E-1 8.98327E-1 7.91781E-1 8.47678E-1 7.09306E-1 5.28578E-1 4.31432E-1 5.89628E-1 7.30794E-1 6.50717E-1 6.40751E-1 5.80645E-1 5.30685E-1 4.09448E-1 3.53318E-1 3.45228E-1 2.82787E-1 1.73647E-1 1.24231E-1 1.14027E-1 2.0757E-1 1.57175E-1 2.51636E-1 9.94508E-2 1.87797E-1 2.38517E-1 4.66497E-1 2.67168E-1 6.59751E-1 7.25942E-1 7.52692E-1 6.8876E-1 6.62209E-1 7.21268E-1 3.34399E-1 3.35088E-1 2.05826E-1 2.04343E-1 2.98616E-1 1.97527E-1 3.16046E-1
6.9133E-1 6.78429E-1 8.39133E-1 8.27038E-1 7.85885E-1 7.55824E-1 7.95377E-1 7.75546E-1 8.00681E-1 7.44048E-1 6.85444E-1 7.14456E-1 6.36031E-1 5.99864E-1 7.81426E-1 8.20326E-1 7.47461E-1 7.68931E-1 6.48129E-1 5.0529E-1 6.33978E-1 7.19302E-1 7.6686E-1 8.04262E-1 8.75506E-1 8.42402E-1 8.49926E-1 8.71011E-1 8.75245E-1 7.10449E-1 5.71403E-1 3.90278E-1 3.63412E-1 5.20377E-1 6.27299E-1 5.18501E-1 6.05589E-1 4.3586E-1 4.74008E-1 4.00572E-1 3.02213E-1 3.42376E-1 3.61012E-1 1.74189E-1 1.06679E-1 9.79622E-2 2.40633E-1 2.04756E-1 2.10709E-1 1.126E-1 2.89828E-1 2.95132E-1 3.47317E-1 3.80205E-1 2.14335E-1 6.48881E-1 7.39821E-1 7.25142E-1 7.16157E-1 6.15194E-1 4.95562E-1 3.237E-1 4.14857E-1 4.44755E-1 5.78599E-1 2.00118E-1 2.61634E-1
8.36752E-1 8.51845E-1 8.45278E-1 6.56564E-1 6.97211E-1 8.15083E-1 7.13903E-1 7.62828E-1 7.09372E-1 6.64615E-1 7.25352E-1 6.28156E-1 8.01307E-1 7.14388E-1 7.76348E-1 7.72464E-1 7.44295E-1 8.25215E-1 7.99802E-1 8.33572E-1 8.44294E-1 8.69245E-1 9.07238E-1 8.89591E-1 6.61486E-1 7.29401E-1 6.41066E-1 8.61708E-1 6.43171E-1 6.60716E-1 4.70914E-1 2.93185E-1 2.96257E-1 5.193E-1 4.81205E-1 4.68428E-1 5.28222E-1 4.43482E-1 4.58045E-1 3.61466E-1 2.60699E-1 2.34116E-1 1.56284E-1 1.31006E-1 1.46975E-1 1.07145E-1 2.1777E-1 2.21255E-1 1.83461E-1 1.66991E-1 3.15728E-1 2.20137E-1 3.96461E-1 2.7104E-1 3.90721E-1 5.28312E-1 5.98478E-1 7.46457E-1 6.07876E-1 5.83282E-1 6.44782E-1 6.41128E-1 5.1551E-1 3.36362E-1 2.7201E-1 1.64736E-1 3.79372E-1
7.23134E-1 7.5828E-1 7.54689E-1 7.58504E-1 6.96026E-1 7.93765E-1 7.49245E-1 6.87056E-1 6.83917E-1 8.07294E-1 6.6981E-1 6.08735E-1 6.09521E-1 6.06421E-1 7.96107E-1 7.61523E-1 7.78629E-1 7.28254E-1 8.30185E-1 8.35339E-1 8.5766E-1 8.78181E-1 7.0151E-1 7.45127E-1 7.46894E-1 6.99654E-1 8.76255E-1 8.61454E-1 7.86629E-1 6.38989E-1 4.44879E-1 2.78567E-1 2.8338E-1 3.80987E-1 3.79033E-1 3.35647E-1 5.60539E-1 4.88615E-1 4.006E-1 3.36547E-1 2.35265E-1 1.66213E-1 1.0497E-1 8.93845E-2 9.8912E-2 1.70068E-1 2.12148E-1 2.11194E-1 2.06836E-1 1.20458E-1 1.8221E-1 2.0514E-1 2.71249E-1 3.26799E-1 3.84741E-1 5.27459E-1 5.24818E-1 7.26463E-1 4.0714E-1 5.67985E-1 5.73577E-1 5.2612E-1 3.63966E-1 2.22634E-1 1.73274E-1 1.49217E-1 1.04245E-1
7.07095E-1 7.58993E-1 7.55766E-1 7.78718E-1 8.64551E-1 6.81526E-1 7.06009E-1 7.90697E-1 7.01703E-1 6.811E-1 7.04792E-1 7.28184E-1 7.51582E-1 7.10965E-1 5.67981E-1 5.71737E-1 7.34845E-1 6.30879E-1 6.96553E-1 7.4838E-1 6.75936E-1 6.25488E-1 6.70611E-1 7.62412E-1 6.90934E-1 6.88899E-1 7.66852E-1 8.20525E-1 7.40226E-1 6.19898E-1 4.43577E-1 2.8422E-1 3.354E-1 3.42628E-1 2.98495E-1 2.78005E-1 5.34926E-1 5.06414E-1 4.89521E-1 3.60981E-1 2.70497E-1 1.71442E-1 7.79236E-2 1.20744E-1 1.38576E-1 1.86029E-1 2.12705E-1 2.15422E-1 1.15178E-1 1.38222E-1 2.30304E-1 2.9455E-1 3.47833E-1 3.17839E-1 5.07027E-1 5.05793E-1 5.68269E-1 5.73639E-1 2.43022E-1 3.552E-1 4.69296E-1 4.55998E-1 3.56025E-1 1.26453E-1 8.98959E-2 7.59966E-2 7.45807E-2
6.67038E-1 7.00962E-1 7.4478E-1 7.39199E-1 8.50756E-1 8.09277E-1 7.92657E-1 7.74436E-1 7.57978E-1 6.35936E-1 6.36761E-1 5.3721E-1 5.71859E-1 5.42322E-1 4.72768E-1 5.43166E-1 5.99912E-1 6.88484E-1 7.41479E-1 7.40475E-1 6.74956E-1 7.8119E-1 8.18546E-1 7.84465E-1 8.63893E-1 8.39659E-1 7.97155E-1 6.73339E-1 5.12282E-1 6.67073E-1 5.3271E-1 3.90502E-1 3.76772E-1 4.53112E-1 4.135E-1 3.47401E-1 4.56104E-1 3.72537E-1 4.71449E-1 3.43306E-1 3.0301E-1 2.03233E-1 8.27959E-2 1.77223E-1 1.86863E-1 2.57806E-1 3.38126E-1 2.50231E-1 1.60648E-1 1.29854E-1 2.10676E-1 3.5794E-1 4.10865E-1 4.01488E-1 5.94327E-1 3.51706E-1 3.30141E-1 5.44792E-1 2.86957E-1 3.2721E-1 2.71193E-1 3.20793E-1 2.30484E-1 1.30209E-1 7.50923E-2 3.09774E-2 1.55289E-2
7.349E-1 8.49449E-1 7.76477E-1 7.67284E-1 7.44248E-1 8.0386E-1 8.01594E-1 7.62693E-1 5.76428E-1 6.18909E-1 6.14591E-1 7.31872E-1 7.19226E-1 5.56797E-1 5.11752E-1 4.68369E-1 8.16363E-1 6.53104E-1 6.40588E-1 6.74544E-1 6.83174E-1 6.69905E-1 7.10624E-1 6.78383E-1 8.55293E-1 8.44059E-1 7.27209E-1 5.50555E-1 3.54705E-1 4.21383E-1 5.72135E-1 5.20442E-1 3.9796E-1 5.77133E-1 4.79829E-1 3.60011E-1 3.6407E-1 3.13515E-1 3.15586E-1 3.76539E-1 3.08204E-1 2.66442E-1 1.68167E-1 1.71612E-1 2.07606E-1 3.41928E-1 4.23865E-1 2.6287E-1 1.87556E-1 1.45816E-1 1.61735E-1 2.91637E-1 4.65555E-1 5.25886E-1 4.50291E-1 5.30114E-1 5.37443E-1 4.76713E-1 3.74274E-1 4.25812E-1 3.4695E-1 3.73619E-1 3.01805E-1 2.45368E-1 6.72717E-2 1.25223E-2 4.24388E-3
9.26383E-1 9.31259E-1 8.79088E-1 8.29292E-1 8.8224E-1 6.61106E-1 6.56264E-1 6.83714E-1 6.08885E-1 5.55931E-1 5.59826E-1 6.42367E-1 7.63111E-1 7.08281E-1 5.2968E-1 5.40732E-1 6.59968E-1 6.87731E-1 7.17884E-1 7.00258E-1 8.17154E-1 7.6173E-1 6.81376E-1 7.59017E-1 7.62875E-1 6.88846E-1 5.79349E-1 4.21522E-1 3.46127E-1 3.78291E-1 3.89972E-1 3.9045E-1 4.59958E-1 4.7149E-1 4.86919E-1 4.8756E-1 4.44018E-1 2.89701E-1 2.03906E-1 2.69529E-1 3.42617E-1 2.26268E-1 1.47845E-1 3.46752E-1 4.68364E-1 3.89917E-1 4.30211E-1 3.52418E-1 3.39751E-1 1.96757E-1 1.54745E-1 2.16114E-1 3.87371E-1 4.78031E-1 3.67605E-1 4.67461E-1 4.4268E-1 3.90941E-1 5.11999E-1 4.30209E-1 2.45886E-1 1.13809E-1 1.62056E-1 9.41019E-2 5.93084E-2 1.52506E-2 1.61217E-2
8.83815E-1 9.28544E-1 9.38634E-1 8.95072E-1 8.59391E-1 7.47659E-1 7.02743E-1 7.75357E-1 5.84681E-1 7.16092E-1 5.7189E-1 5.22337E-1 6.42065E-1 5.42502E-1 5.90061E-1 6.56884E-1 7.45488E-1 8.1337E-1 8.86357E-1 8.50986E-1 7.26936E-1 7.22811E-1 6.66709E-1 7.12931E-1 6.74434E-1 5.77026E-1 3.86216E-1 2.58488E-1 2.70186E-1 1.91117E-1 2.3209E-1 3.30578E-1 4.0185E-1 5.56053E-1 5.13318E-1 3.99148E-1 3.17654E-1 2.63861E-1 1.68861E-1 1.90197E-1 2.51432E-1 2.27359E-1 4.91437E-1 2.05149E-1 3.03638E-1 3.48905E-1 4.95031E-1 5.50805E-1 2.43721E-1 1.26692E-1 1.16721E-1 2.62374E-1 3.72153E-1 2.93293E-1 3.00397E-1 1.68543E-1 1.60641E-1 2.02779E-1 3.61862E-1 3.32882E-1 1.75453E-1 1.1871E-1 8.55232E-2 4.75958E-2 3.07094E-2 2.24908E-2 2.34016E-2
6.90891E-1 8.04936E-1 9.33795E-1 9.4247E-1 9.13292E-1 7.14991E-1 6.71461E-1 6.72477E-1 5.33691E-1 5.47245E-1 6.16181E-1 4.81367E-1 4.84079E-1 7.18942E-1 4.06025E-1 7.45522E-1 8.53306E-1 9.05163E-1 8.44245E-1 8.70369E-1 8.23418E-1 6.0138E-1 6.24231E-1 7.52087E-1 5.68762E-1 4.69496E-1 3.67279E-1 2.2062E-1 1.88839E-1 1.57238E-1 1.80289E-1 3.16741E-1 4.89103E-1 5.20095E-1 5.48811E-1 3.29281E-1 2.88664E-1 2.77573E-1 1.64022E-1 1.58096E-1 1.75006E-1 3.43571E-1 3.17263E-1 1.91357E-1 2.15011E-1 4.0633E-1 3.9985E-1 5.12594E-1 2.53134E-1 1.67262E-1 2.36946E-1 2.65225E-1 2.89773E-1 2.66458E-1 3.76355E-1 1.82192E-1 3.56658E-1 3.96833E-1 2.83745E-1 4.41149E-1 2.28976E-1 1.57228E-1 1.05192E-1 6.18704E-2 1.43162E-2 2.01694E-2 3.71779E-2
6.96323E-1 8.50791E-1 9.11213E-1 9.20559E-1 9.05414E-1 8.73457E-1 8.33003E-1 6.79261E-1 6.7798E-1 5.80256E-1 5.21696E-1 5.84179E-1 5.95309E-1 5.29204E-1 5.92346E-1 8.92254E-1 9.21283E-1 9.32175E-1 8.62124E-1 7.91867E-1 6.78202E-1 6.75084E-1 5.85373E-1 6.38812E-1 5.31217E-1 3.80265E-1 3.59431E-1 1.83122E-1 1.79656E-1 1.45505E-1 2.52941E-1 3.40226E-1 3.99062E-1 5.04679E-1 4.93556E-1 2.79589E-1 3.02648E-1 2.62948E-1 2.7271E-1 2.07198E-1 1.99868E-1 3.14707E-1 3.33877E-1 3.78229E-1 5.99214E-1 6.96198E-1 7.53443E-1 6.40407E-1 1.9678E-1 1.24667E-1 2.20298E-1 3.05778E-1 5.10873E-1 2.88158E-1 1.63155E-1 1.37677E-1 3.04543E-1 3.7213E-1 3.02904E-1 4.03257E-1 2.65694E-1 1.16203E-1 1.06133E-1 6.3379E-2 2.03484E-2 1.83211E-2 3.67409E-2
