ENM/Final_Models/M_1_F_qp_Set_1_EC/Gustavia_santanderiensis_3_Choco.asc
ncols         367
nrows         963
xllcorner     -78.6
yllcorner     0.65
cellsize      0.00833333333333323
NODATA_value  -9999
[rows 180 to 209 of 963, columns 276 to 344 of 367]
3.61745E-5 1.97797E-4 3.28496E-4 1.73284E-4 2.10137E-4 2.64683E-4 1.18577E-4 2.48905E-5 1.59009E-5 1.08159E-5 2.04914E-5 3.23795E-5 5.69527E-5 6.39431E-5 4.57494E-5 8.75593E-5 1.75153E-4 4.89973E-5 2.31974E-5 2.13681E-5 2.00065E-5 9.9188E-5 2.72634E-4 2.65832E-4 8.14893E-5 1.22838E-5 7.29643E-6 1.59061E-5 1.89185E-5 2.71812E-5 1.33702E-5 4.98629E-5 1.01023E-4 2.1194E-4 1.2755E-4 7.25012E-5 6.24005E-5 3.59635E-5 3.17315E-5 6.89162E-5 1.78467E-5 6.40638E-6 5.62099E-6 1.3565E-5 -9999 -9999 -9999 -9999 -9999 -9999 -9999 -9999 -9999 -9999 -9999 -9999 -9999 -9999 -9999 -9999 -9999 -9999 -9999 -9999 -9999 -9999 -9999 -9999 -9999
6.58552E-4 2.84922E-5 3.51567E-4 2.67448E-4 3.23143E-4 5.06932E-4 1.29523E-4 7.78739E-5 1.98679E-5 1.53696E-5 2.7477E-5 3.35033E-5 4.83713E-5 3.55158E-5 3.86509E-5 1.49802E-4 1.14766E-4 5.60235E-5 2.13208E-5 3.31908E-5 1.9328E-5 7.86703E-5 1.0856E-4 9.35964E-5 4.8779E-5 2.20471E-5 7.48253E-6 9.77649E-6 1.59183E-5 2.94468E-5 5.38738E-5 3.6178E-5 1.64305E-5 7.72181E-6 4.4126E-6 4.81022E-6 -9999 -9999 2.99151E-5 9.5291E-6 1.47611E-5 1.62986E-5 4.44317E-6 5.37298E-6 -9999 -9999 -9999 -9999 -9999 -9999 -9999 -9999 -9999 -9999 -9999 -9999 -9999 -9999 -9999 -9999 -9999 -9999 -9999 -9999 -9999 -9999 -9999 -9999 -9999
1.68994E-3 1.17692E-3 4.78451E-4 1.17839E-4 4.45505E-4 4.62567E-4 2.43566E-4 2.78024E-4 4.34559E-5 1.85002E-5 1.83667E-5 3.98951E-5 5.38909E-5 3.41511E-5 5.24199E-5 1.40711E-4 9.94365E-5 3.50636E-5 2.5428E-5 2.55845E-5 2.32307E-5 3.74844E-5 1.52653E-4 1.00667E-4 2.78655E-5 3.86993E-5 6.87E-6 2.61117E-5 3.16348E-5 2.56164E-5 3.92079E-5 5.17881E-5 4.44129E-5 3.89702E-5 5.2217E-6 1.11229E-5 -9999 -9999 9.71496E-6 3.51856E-6 1.20073E-5 1.11215E-5 5.2832E-6 -9999 -9999 -9999 -9999 -9999 -9999 -9999 -9999 -9999 -9999 -9999 -9999 -9999 -9999 -9999 -9999 -9999 -9999 -9999 -9999 -9999 -9999 -9999 -9999 -9999 -9999
8.55305E-4 1.28815E-3 8.83295E-4 2.48183E-4 5.94096E-4 9.11505E-4 4.2717E-4 1.47039E-4 5.71178E-5 1.95866E-5 1.59488E-5 1.58413E-5 2.44621E-5 3.15079E-5 2.97236E-5 4.89225E-5 5.64763E-5 3.35943E-5 1.59181E-5 7.1588E-6 3.21209E-5 3.53696E-5 3.35444E-5 4.64965E-5 3.73144E-5 4.21762E-5 3.11173E-5 4.07917E-5 1.16028E-4 2.1632E-4 1.31689E-4 6.58198E-5 1.31112E-4 8.69781E-5 1.3597E-5 -9999 -9999 -9999 1.1429E-5 2.2287E-6 2.47015E-6 7.73174E-6 -9999 -9999 -9999 -9999 -9999 -9999 -9999 -9999 -9999 -9999 -9999 -9999 -9999 -9999 -9999 -9999 -9999 -9999 -9999 -9999 -9999 -9999 -9999 -9999 -9999 -9999 -9999
2.8166E-4 9.02692E-4 3.36652E-4 3.04732E-4 3.58469E-4 3.77817E-4 3.93294E-4 2.15434E-4 6.12E-5 2.55773E-5 3.36504E-5 1.15984E-5 1.25608E-5 2.55149E-5 2.04118E-5 2.89825E-5 3.13503E-5 2.47443E-5 1.19263E-5 7.47538E-6 2.50729E-5 3.52272E-5 1.15796E-5 2.336E-5 4.48586E-5 6.25993E-5 4.66417E-5 4.03292E-5 1.11689E-4 3.19495E-4 1.58594E-4 5.31397E-5 9.9619E-5 7.77351E-5 7.14887E-5 -9999 -9999 3.61637E-6 7.12242E-6 3.5439E-6 3.54414E-6 -9999 -9999 -9999 -9999 -9999 -9999 -9999 -9999 -9999 -9999 -9999 -9999 -9999 -9999 -9999 -9999 -9999 -9999 -9999 -9999 -9999 -9999 -9999 -9999 -9999 -9999 -9999 -9999
7.19635E-4 2.06859E-4 8.69642E-5 2.03231E-4 2.44501E-4 1.99013E-4 2.9849E-4 1.69208E-4 1.70704E-4 5.86489E-5 6.0006E-5 2.79546E-5 2.64922E-5 3.95752E-5 1.37895E-5 1.46097E-5 1.41934E-5 1.03493E-5 9.30934E-6 8.81266E-6 2.15429E-5 8.97252E-5 2.74793E-5 3.48532E-5 1.24102E-4 1.03307E-4 7.12849E-5 1.19691E-4 3.19231E-4 6.95477E-4 1.50711E-4 1.41915E-4 1.5146E-4 7.58153E-5 -9999 -9999 -9999 5.11744E-6 3.39422E-6 -9999 -9999 -9999 -9999 -9999 -9999 -9999 -9999 -9999 -9999 -9999 -9999 -9999 -9999 -9999 -9999 -9999 -9999 -9999 -9999 -9999 -9999 -9999 -9999 -9999 -9999 -9999 -9999 -9999 -9999
1.55815E-4 1.35923E-4 8.29467E-5 8.64168E-5 6.38269E-5 8.77283E-5 6.70002E-5 1.39122E-4 2.68102E-4 3.94028E-4 2.41075E-4 1.31369E-4 6.73888E-5 3.96799E-5 2.13971E-5 2.91276E-5 3.02154E-5 2.17454E-5 4.25603E-5 1.71438E-5 5.48674E-5 2.22217E-4 1.0764E-4 6.2122E-5 2.62668E-4 6.12778E-5 3.16935E-5 2.92491E-4 1.68262E-4 1.17675E-4 1.33802E-4 1.48453E-4 9.25005E-5 -9999 -9999 -9999 -9999 9.6802E-6 -9999 -9999 -9999 -9999 -9999 -9999 -9999 -9999 -9999 -9999 -9999 -9999 -9999 -9999 -9999 -9999 -9999 -9999 -9999 -9999 -9999 -9999 -9999 -9999 -9999 -9999 -9999 -9999 -9999 -9999 -9999
2.51198E-4 3.59338E-4 1.51047E-4 1.23188E-4 3.70282E-5 5.58921E-5 1.84049E-4 1.94784E-4 3.35389E-4 7.89808E-4 5.62161E-4 5.67699E-4 5.55021E-4 7.82909E-5 5.01795E-5 8.52103E-5 9.29938E-5 5.22433E-5 6.39429E-5 3.45945E-5 4.9216E-5 8.75312E-5 3.14329E-4 1.98718E-4 2.48094E-4 5.38435E-5 5.22836E-5 5.3608E-5 1.57474E-4 1.82101E-4 8.49264E-5 1.15182E-4 2.69014E-4 -9999 -9999 -9999 -9999 -9999 -9999 -9999 -9999 -9999 -9999 -9999 -9999 -9999 -9999 -9999 -9999 -9999 -9999 -9999 -9999 -9999 -9999 -9999 -9999 -9999 -9999 -9999 -9999 -9999 -9999 -9999 -9999 -9999 -9999 -9999 -9999
2.57692E-4 1.18274E-3 2.03689E-4 1.69805E-4 7.99324E-5 5.94677E-5 2.50321E-4 4.73337E-4 2.28199E-4 9.90187E-4 1.54938E-3 1.34585E-3 7.70536E-4 3.56973E-4 1.11046E-4 5.96049E-5 2.02424E-4 1.28198E-4 5.73128E-5 1.91805E-4 2.56028E-4 1.08608E-4 4.71434E-4 3.3674E-4 3.70319E-4 2.15671E-4 2.53565E-4 1.64373E-4 5.08783E-4 1.74669E-4 8.83587E-5 1.06777E-4 4.7137E-4 -9999 -9999 -9999 -9999 -9999 -9999 -9999 -9999 -9999 -9999 -9999 -9999 -9999 -9999 -9999 -9999 -9999 -9999 -9999 -9999 -9999 -9999 -9999 -9999 -9999 -9999 -9999 -9999 -9999 -9999 -9999 -9999 -9999 -9999 -9999 -9999
2.2219E-3 2.33406E-3 1.15372E-3 5.18302E-4 1.29614E-4 1.3056E-4 3.12238E-4 7.80389E-4 4.69699E-4 1.30121E-3 2.02541E-3 1.15071E-3 1.18844E-3 1.38937E-3 2.61289E-4 3.29971E-4 1.97504E-4 6.54247E-5 7.79576E-5 1.53062E-4 3.12818E-4 3.10199E-4 3.51706E-4 1.96116E-4 9.51312E-5 4.4617E-5 4.23262E-4 2.84802E-4 2.4259E-4 2.80525E-4 2.06113E-4 9.86688E-5 8.31163E-5 1.60275E-5 -9999 -9999 -9999 -9999 -9999 -9999 -9999 -9999 -9999 -9999 -9999 -9999 -9999 -9999 -9999 -9999 -9999 -9999 -9999 -9999 -9999 -9999 -9999 -9999 -9999 -9999 -9999 -9999 -9999 -9999 -9999 -9999 -9999 -9999 -9999
1.7828E-3 3.25983E-3 4.0195E-4 9.51064E-4 2.97974E-4 1.33249E-4 4.59362E-4 3.07857E-3 2.1305E-3 1.23516E-3 2.07474E-3 4.09633E-4 5.32244E-4 1.21408E-3 1.4487E-3 1.68933E-3 4.74945E-4 4.00864E-4 2.54665E-4 6.3041E-4 4.34704E-4 7.75995E-5 1.6419E-4 2.0128E-4 2.64683E-4 6.41388E-4 5.36449E-4 1.99457E-4 3.07607E-4 3.27674E-4 1.50629E-4 9.13988E-5 1.93159E-4 1.41721E-5 6.35957E-6 -9999 -9999 -9999 -9999 -9999 -9999 -9999 -9999 -9999 -9999 -9999 -9999 -9999 -9999 -9999 -9999 -9999 -9999 -9999 -9999 -9999 -9999 -9999 -9999 -9999 -9999 -9999 -9999 -9999 -9999 -9999 -9999 -9999 -9999
3.12825E-3 6.54636E-3 9.67068E-4 6.40637E-4 9.18003E-4 3.44132E-3 3.35246E-3 1.62275E-3 2.67587E-3 2.90911E-3 2.01514E-3 4.36952E-4 9.52114E-4 1.29748E-3 2.07739E-3 1.03753E-3 2.83523E-4 5.37007E-4 1.22911E-3 1.94748E-3 6.1502E-4 7.33072E-5 1.0664E-4 4.11813E-4 8.93789E-4 8.14272E-4 4.235E-4 3.36615E-4 2.07872E-4 3.52825E-4 6.15008E-4 4.23738E-4 1.69059E-4 9.57127E-5 1.70723E-5 1.5912E-5 -9999 -9999 -9999 -9999 -9999 -9999 -9999 -9999 -9999 -9999 -9999 -9999 -9999 -9999 -9999 -9999 -9999 -9999 -9999 -9999 -9999 -9999 -9999 -9999 -9999 -9999 -9999 -9999 -9999 -9999 -9999 -9999 -9999
5.29826E-3 2.11273E-2 2.96832E-3 3.5348E-4 1.64306E-3 2.35717E-3 5.18353E-3 1.94634E-3 5.05871E-3 9.42967E-3 1.3696E-3 7.48957E-4 3.55622E-3 4.22247E-3 2.13757E-3 1.29896E-3 5.58654E-4 6.27869E-4 3.36007E-3 1.62119E-3 4.26905E-4 6.72162E-4 4.06749E-4 4.41651E-4 5.53481E-4 3.14385E-4 2.03051E-4 2.05801E-4 5.64897E-4 4.41837E-4 3.09316E-4 4.8719E-4 2.18774E-4 5.81433E-5 1.80118E-5 1.06642E-5 -9999 -9999 -9999 -9999 -9999 -9999 -9999 -9999 -9999 -9999 -9999 -9999 -9999 -9999 -9999 -9999 -9999 -9999 -9999 -9999 -9999 -9999 -9999 -9999 -9999 -9999 -9999 -9999 -9999 -9999 -9999 -9999 -9999
1.0067E-2 1.1542E-2 5.97136E-3 2.39164E-3 2.25066E-3 3.37372E-3 3.11877E-3 2.12845E-3 1.78831E-3 4.79902E-3 1.32163E-3 1.52493E-3 8.56163E-3 1.04416E-3 3.29342E-4 8.63524E-4 1.65008E-3 1.60573E-3 4.8859E-4 1.0443E-3 1.31175E-3 3.8012E-4 3.36704E-4 8.57555E-4 3.37685E-4 1.77213E-4 3.84729E-4 2.75648E-4 2.84865E-4 3.86855E-4 2.81334E-4 1.41298E-4 2.15992E-4 4.19839E-5 9.2155E-5 5.37214E-5 -9999 -9999 -9999 -9999 -9999 -9999 -9999 -9999 -9999 -9999 -9999 -9999 -9999 -9999 -9999 -9999 -9999 -9999 -9999 -9999 -9999 -9999 -9999 -9999 -9999 -9999 -9999 -9999 -9999 -9999 -9999 -9999 -9999
9.09167E-3 1.39892E-2 8.41312E-3 6.15947E-3 1.02713E-2 1.46097E-2 5.75433E-3 5.52217E-4 1.10822E-2 6.25782E-3 1.87775E-3 3.70734E-3 4.79305E-3 3.49314E-3 1.53406E-3 2.10133E-3 5.53894E-4 3.12589E-4 4.76625E-4 9.66551E-4 8.02723E-4 2.3986E-4 1.82093E-4 4.16242E-4 5.67217E-4 3.84421E-4 3.37337E-4 4.57462E-4 4.92079E-4 2.01127E-4 1.49522E-4 2.3281E-4 3.75688E-4 2.51274E-4 8.15812E-5 -9999 -9999 -9999 -9999 -9999 -9999 -9999 -9999 -9999 -9999 -9999 -9999 -9999 -9999 -9999 -9999 -9999 -9999 -9999 -9999 -9999 -9999 -9999 -9999 -9999 -9999 -9999 -9999 -9999 -9999 -9999 -9999 -9999 -9999
1.74226E-3 3.54836E-3 4.67871E-3 2.87461E-3 9.65823E-3 1.41152E-2 2.89407E-3 5.94156E-4 1.28997E-2 5.94233E-3 5.35218E-3 9.64719E-3 1.02338E-2 3.62072E-3 4.82052E-3 1.06052E-3 5.61635E-4 5.03051E-4 4.51718E-4 1.66801E-4 1.51703E-4 1.82112E-4 4.43368E-4 9.4519E-4 3.65773E-4 2.98884E-4 5.28169E-4 1.73764E-4 2.1875E-4 3.05946E-4 1.45439E-4 2.65948E-4 2.2906E-4 2.31625E-4 5.17246E-5 -9999 -9999 -9999 -9999 -9999 -9999 -9999 -9999 -9999 -9999 -9999 -9999 -9999 -9999 -9999 -9999 -9999 -9999 -9999 -9999 -9999 -9999 -9999 -9999 -9999 -9999 -9999 -9999 -9999 -9999 -9999 -9999 -9999 -9999
2.76109E-3 1.08734E-3 2.20295E-4 8.32496E-4 3.78893E-3 5.12006E-3 2.33601E-3 5.60341E-4 3.84176E-3 7.54122E-3 5.63434E-3 9.62975E-3 4.17278E-3 1.34607E-3 1.91326E-3 5.58785E-4 7.80945E-4 8.06527E-4 6.59843E-4 3.35999E-4 1.71739E-4 1.90663E-4 1.0325E-3 3.51918E-4 1.83524E-4 3.22054E-4 5.31788E-4 2.8809E-4 7.42566E-5 8.66357E-5 1.37601E-4 1.66612E-4 3.39578E-4 1.05393E-4 3.86888E-4 -9999 -9999 -9999 -9999 -9999 -9999 -9999 -9999 -9999 -9999 -9999 -9999 -9999 -9999 -9999 -9999 -9999 -9999 -9999 -9999 -9999 -9999 -9999 -9999 -9999 -9999 -9999 -9999 -9999 -9999 -9999 -9999 -9999 -9999
3.14871E-3 1.58908E-3 1.09717E-3 2.00607E-3 1.52474E-3 1.14934E-3 1.52705E-3 9.27224E-4 1.96702E-3 7.01678E-3 1.25404E-2 1.00183E-2 8.64244E-3 4.55618E-3 3.84705E-3 7.62027E-4 4.82678E-4 4.23511E-4 4.67502E-4 5.02381E-4 2.773E-4 2.63352E-4 1.09674E-3 5.43007E-4 8.03688E-4 4.2821E-4 9.92985E-4 2.64775E-4 5.5754E-5 9.14929E-5 1.76256E-4 3.67643E-4 9.30892E-5 2.8557E-4 2.85266E-4 -9999 -9999 -9999 -9999 -9999 -9999 -9999 -9999 -9999 -9999 -9999 -9999 -9999 -9999 -9999 -9999 -9999 -9999 -9999 -9999 -9999 -9999 -9999 -9999 -9999 -9999 -9999 -9999 -9999 -9999 -9999 -9999 -9999 -9999
2.2224E-3 2.08899E-3 3.6846E-3 8.90832E-4 2.87998E-3 8.04524E-4 7.8437E-4 1.88081E-3 5.2762E-3 9.41822E-3 5.53925E-3 4.15264E-3 6.05897E-3 3.89847E-3 1.55015E-3 4.57275E-4 4.07375E-4 3.22589E-4 4.37175E-4 6.31099E-4 6.19338E-4 3.8876E-4 5.95576E-4 1.08649E-3 9.21332E-4 7.68748E-4 3.70768E-4 2.35384E-4 1.30219E-4 1.10913E-4 1.30541E-4 2.17515E-4 2.32342E-4 2.47646E-4 -9999 -9999 -9999 -9999 -9999 -9999 -9999 -9999 -9999 -9999 -9999 -9999 -9999 -9999 -9999 -9999 -9999 -9999 -9999 -9999 -9999 -9999 -9999 -9999 -9999 -9999 -9999 -9999 -9999 -9999 -9999 -9999 -9999 -9999 -9999
7.65991E-3 2.21296E-3 2.02117E-3 2.05693E-3 5.26783E-3 7.67976E-3 7.40576E-3 2.64539E-3 5.39732E-3 5.06601E-3 4.63564E-3 2.8895E-3 2.60045E-3 1.3799E-3 4.85798E-4 5.07663E-4 1.9481E-4 1.78862E-4 2.13458E-4 3.42419E-4 2.5483E-4 5.74616E-4 3.6591E-4 1.24866E-3 8.10875E-4 5.35742E-4 2.16816E-4 4.55469E-4 1.96722E-4 2.62505E-4 3.985E-4 7.87617E-4 6.25273E-4 4.07426E-4 -9999 -9999 -9999 -9999 -9999 -9999 -9999 -9999 -9999 -9999 -9999 -9999 -9999 -9999 -9999 -9999 -9999 -9999 -9999 -9999 -9999 -9999 -9999 -9999 -9999 -9999 -9999 -9999 -9999 -9999 -9999 -9999 -9999 -9999 -9999
2.50489E-3 1.40044E-3 6.56552E-4 1.03792E-3 5.60985E-3 8.52283E-3 1.09391E-2 8.39817E-3 1.57076E-3 2.81426E-3 4.53589E-3 1.8856E-3 1.97631E-3 8.19695E-4 1.19452E-3 3.52954E-3 2.39466E-3 7.87366E-4 8.07496E-4 3.6986E-4 4.91822E-4 3.04143E-4 5.07115E-4 4.23812E-4 8.3695E-4 1.13053E-3 8.5131E-4 4.94565E-4 1.74124E-4 2.12925E-4 3.49435E-4 1.46777E-3 1.02455E-3 2.61329E-4 -9999 -9999 -9999 -9999 -9999 -9999 -9999 -9999 -9999 -9999 -9999 -9999 -9999 -9999 -9999 -9999 -9999 -9999 -9999 -9999 -9999 -9999 -9999 -9999 -9999 -9999 -9999 -9999 -9999 -9999 -9999 -9999 -9999 -9999 -9999
1.49598E-3 3.76612E-3 1.02551E-3 1.32953E-3 1.52945E-3 2.04389E-3 6.25668E-3 2.36147E-3 4.1881E-3 2.60498E-3 4.58595E-3 4.93282E-3 1.63285E-3 2.63989E-3 1.6189E-3 1.98944E-3 8.53606E-4 6.39368E-4 1.13916E-3 5.14045E-4 5.39419E-4 1.02964E-3 1.28471E-3 3.1438E-4 5.28509E-4 1.2778E-3 3.52221E-4 5.49957E-4 5.95049E-4 3.71165E-4 1.78697E-3 9.08346E-4 4.26683E-4 -9999 -9999 -9999 -9999 -9999 -9999 -9999 -9999 -9999 -9999 -9999 -9999 -9999 -9999 -9999 -9999 -9999 -9999 -9999 -9999 -9999 -9999 -9999 -9999 -9999 -9999 -9999 -9999 -9999 -9999 -9999 -9999 -9999 -9999 -9999 -9999
1.8005E-3 6.65323E-4 1.10574E-3 2.32903E-3 4.68395E-3 1.43835E-3 2.11206E-3 3.36843E-3 3.22236E-3 1.71384E-3 4.04616E-3 3.9734E-3 2.77465E-3 1.19675E-3 7.85825E-4 8.17821E-4 3.24358E-4 3.76098E-4 3.31737E-4 6.91628E-4 1.00578E-3 1.14707E-3 1.47542E-3 3.06123E-4 2.00306E-4 2.06071E-4 1.55886E-4 2.18991E-4 1.94669E-4 4.18333E-4 6.82341E-4 5.68938E-4 -9999 -9999 -9999 -9999 -9999 -9999 -9999 -9999 -9999 -9999 -9999 -9999 -9999 -9999 -9999 -9999 -9999 -9999 -9999 -9999 -9999 -9999 -9999 -9999 -9999 -9999 -9999 -9999 -9999 -9999 -9999 -9999 -9999 -9999 -9999 -9999 -9999
3.63328E-3 1.64867E-3 9.31313E-4 5.21544E-3 1.04763E-2 2.2044E-3 2.49595E-3 3.55455E-3 6.03969E-3 7.78699E-4 8.22902E-4 1.12804E-3 1.34654E-3 8.00353E-4 2.00203E-3 1.26175E-3 3.67768E-4 1.43752E-4 2.65097E-4 7.95117E-4 3.46281E-3 1.92802E-3 6.87574E-4 2.5378E-4 2.03354E-4 6.01601E-5 6.96861E-5 7.69118E-5 4.0148E-5 2.85242E-4 2.84319E-4 6.16322E-4 -9999 -9999 -9999 -9999 -9999 -9999 -9999 -9999 -9999 -9999 -9999 -9999 -9999 -9999 -9999 -9999 -9999 -9999 -9999 -9999 -9999 -9999 -9999 -9999 -9999 -9999 -9999 -9999 -9999 -9999 -9999 -9999 -9999 -9999 -9999 -9999 -9999
1.06871E-2 1.10862E-3 1.68163E-3 3.65001E-4 3.30658E-3 2.8808E-3 5.05265E-3 7.41783E-3 9.6029E-3 5.95508E-3 2.01979E-3 1.12231E-3 6.16019E-4 7.74748E-4 7.54191E-4 9.35861E-4 4.51252E-4 4.22009E-4 3.06113E-4 4.27662E-4 1.30921E-3 1.82077E-3 8.83855E-4 2.07787E-4 2.52138E-4 2.21683E-4 1.69736E-4 1.44893E-4 2.02683E-4 1.92487E-4 7.36536E-4 5.95808E-4 -9999 -9999 -9999 -9999 -9999 -9999 -9999 -9999 -9999 -9999 -9999 -9999 -9999 -9999 -9999 -9999 -9999 -9999 -9999 -9999 -9999 -9999 -9999 -9999 -9999 -9999 -9999 -9999 -9999 -9999 -9999 -9999 -9999 -9999 -9999 -9999 -9999
1.77103E-2 8.97458E-3 1.20931E-3 1.09136E-3 1.50695E-3 3.36773E-3 6.28106E-3 6.76035E-3 1.1739E-2 1.14297E-2 3.35936E-3 1.55557E-3 7.03832E-4 3.03843E-4 7.49503E-4 6.07062E-4 9.87644E-4 1.19508E-3 1.01155E-3 1.86836E-3 8.57372E-4 9.79398E-4 3.73737E-3 9.40027E-4 2.96327E-4 9.39483E-5 8.34587E-5 2.63444E-4 3.42643E-4 5.07108E-4 1.58454E-3 3.02803E-4 -9999 -9999 -9999 -9999 -9999 -9999 -9999 -9999 -9999 -9999 -9999 -9999 -9999 -9999 -9999 -9999 -9999 -9999 -9999 -9999 -9999 -9999 -9999 -9999 -9999 -9999 -9999 -9999 -9999 -9999 -9999 -9999 -9999 -9999 -9999 -9999 -9999
1.76822E-3 8.35235E-3 3.93574E-3 9.15135E-4 8.90537E-4 1.36747E-3 3.72259E-3 2.51351E-3 8.36128E-3 6.77305E-3 4.5486E-3 2.29568E-3 1.32972E-3 9.7252E-4 1.22029E-3 2.05624E-3 7.93624E-4 2.99255E-3 1.01911E-3 3.48182E-3 2.23105E-3 1.40206E-3 3.4148E-3 2.29225E-3 1.19095E-3 8.8273E-4 3.85175E-4 7.20834E-4 9.31518E-4 1.20471E-3 1.96559E-3 5.50632E-4 -9999 -9999 -9999 -9999 -9999 -9999 -9999 -9999 -9999 -9999 -9999 -9999 -9999 -9999 -9999 -9999 -9999 -9999 -9999 -9999 -9999 -9999 -9999 -9999 -9999 -9999 -9999 -9999 -9999 -9999 -9999 -9999 -9999 -9999 -9999 -9999 -9999
3.32661E-3 3.11719E-3 8.63222E-4 1.2366E-3 1.49185E-3 6.91146E-4 4.74923E-3 6.62129E-3 6.38529E-3 7.21107E-3 4.58951E-3 5.82291E-3 7.51762E-3 2.54695E-3 1.52811E-3 8.11315E-4 4.85181E-3 1.74004E-3 1.97104E-3 3.665E-3 6.05835E-3 5.50255E-3 2.20019E-3 3.83606E-3 1.17423E-3 2.11661E-3 4.86889E-4 1.34671E-3 1.86754E-3 1.16049E-3 6.56422E-4 1.69412E-3 -9999 -9999 -9999 -9999 -9999 -9999 -9999 -9999 -9999 -9999 -9999 -9999 -9999 -9999 -9999 -9999 -9999 -9999 -9999 -9999 -9999 -9999 -9999 -9999 -9999 -9999 -9999 -9999 -9999 -9999 -9999 -9999 -9999 -9999 -9999 -9999 -9999
3.86943E-3 2.08361E-3 1.12673E-3 5.31141E-3 3.409E-3 1.74114E-3 6.4235E-3 6.29326E-3 1.06002E-2 8.63222E-3 3.1267E-3 8.48343E-3 3.69722E-3 3.07688E-3 9.08932E-3 6.72641E-3 1.26619E-2 1.17476E-2 3.04774E-3 1.28045E-3 4.15401E-4 3.76768E-4 5.31513E-4 8.23839E-4 2.25873E-3 2.31124E-3 1.10299E-3 8.78779E-4 1.64116E-3 5.13217E-4 4.78591E-4 1.0312E-3 -9999 -9999 -9999 -9999 -9999 -9999 -9999 -9999 -9999 -9999 -9999 -9999 -9999 -9999 -9999 -9999 -9999 -9999 -9999 -9999 -9999 -9999 -9999 -9999 -9999 -9999 -9999 -9999 -9999 -9999 -9999 -9999 -9999 -9999 -9999 -9999 -9999
6.39335E-3 3.95934E-3 3.32883E-3 1.52387E-3 3.1118E-3 9.61151E-4 4.13043E-3 5.55574E-3 6.67092E-3 9.18272E-3 3.40594E-3 4.22362E-3 3.05273E-3 2.74408E-3 5.24212E-3 3.40245E-3 4.19035E-3 2.95599E-3 1.26672E-3 7.51851E-4 6.53381E-4 5.37966E-4 4.77592E-4 5.08737E-4 1.4607E-3 8.16723E-4 3.2578E-4 4.69432E-4 7.77483E-4 3.19855E-4 1.52882E-4 -9999 -9999 -9999 -9999 -9999 -9999 -9999 -9999 -9999 -9999 -9999 -9999 -9999 -9999 -9999 -9999 -9999 -9999 -9999 -9999 -9999 -9999 -9999 -9999 -9999 -9999 -9999 -9999 -9999 -9999 -9999 -9999 -9999 -9999 -9999 -9999 -9999 -9999
