ENM/Final_Models/M_1_F_qp_Set_1_EC/Gustavia_santanderiensis_Choco_avg.asc
ncols         367
nrows         963
xllcorner     -78.6
yllcorner     0.65
cellsize      0.00833333333333323
NODATA_value  -9999
[rows 450 to 479 of 963, columns 134 to 200 of 367]
-9999 -9999 -9999 -9999 -9999 -9999 -9999 -9999 -9999 -9999 -9999 -9999 -9999 -9999 -9999 -9999 -9999 -9999 -9999 -9999 -9999 -9999 -9999 -9999 7.09632E-1 8.9497E-1 9.17155E-1 8.93628E-1 8.95359E-1 8.60082E-1 9.42499E-1 9.92173E-1 9.82006E-1 9.57883E-1 9.48151E-1 9.65688E-1 8.64354E-1 8.80716E-1 9.09668E-1 9.33846E-1 9.8658E-1 9.78823E-1 9.5747E-1 9.12124E-1 9.55029E-1 9.14485E-1 9.50134E-1 7.38936E-1 7.32081E-1 8.82116E-1 9.03148E-1 8.77738E-1 9.76886E-1 9.62331E-1 9.79233E-1 9.80024E-1 9.63628E-1 9.88075E-1 9.86783E-1 9.80479E-1 9.88021E-1 9.81616E-1 9.86821E-1 9.95868E-1 9.97571E-1 9.92971E-1 9.82358E-1
-9999 -9999 -9999 -9999 -9999 -9999 -9999 -9999 -9999 -9999 -9999 -9999 -9999 -9999 -9999 -9999 -9999 -9999 -9999 -9999 -9999 -9999 -9999 -9999 8.79414E-1 9.0769E-1 9.38621E-1 9.82154E-1 9.45965E-1 9.8008E-1 9.14091E-1 9.70157E-1 9.87718E-1 9.37251E-1 8.62888E-1 8.93824E-1 9.07777E-1 9.12498E-1 9.6453E-1 9.51587E-1 9.64612E-1 9.50604E-1 9.12345E-1 8.67324E-1 8.88433E-1 8.76153E-1 9.22112E-1 8.69355E-1 8.36803E-1 9.31041E-1 9.32738E-1 9.34258E-1 9.62367E-1 9.81792E-1 9.88225E-1 9.86534E-1 9.79726E-1 9.70378E-1 9.82386E-1 9.8257E-1 9.77118E-1 9.86538E-1 9.81047E-1 9.96277E-1 9.97308E-1 9.98567E-1 9.89204E-1
-9999 -9999 -9999 -9999 -9999 -9999 -9999 -9999 -9999 -9999 -9999 -9999 -9999 -9999 -9999 -9999 -9999 -9999 -9999 -9999 -9999 -9999 -9999 -9999 9.52265E-1 8.92736E-1 8.8918E-1 9.63947E-1 9.49489E-1 9.78299E-1 8.70018E-1 9.37606E-1 9.54835E-1 9.42469E-1 8.80145E-1 9.4189E-1 9.61026E-1 9.47531E-1 9.63582E-1 9.04558E-1 9.11963E-1 9.23776E-1 9.12877E-1 8.88525E-1 7.51568E-1 8.72469E-1 7.62945E-1 8.28203E-1 8.7E-1 9.11936E-1 9.59696E-1 9.8362E-1 9.86475E-1 9.7587E-1 9.77266E-1 9.59919E-1 9.68381E-1 9.68435E-1 9.70543E-1 9.89294E-1 9.79084E-1 9.69552E-1 9.85053E-1 9.90164E-1 9.80715E-1 9.94083E-1 9.89303E-1
-9999 -9999 -9999 -9999 -9999 -9999 -9999 -9999 -9999 -9999 -9999 -9999 -9999 -9999 -9999 -9999 -9999 -9999 -9999 -9999 -9999 -9999 -9999 -9999 -9999 9.74067E-1 9.60706E-1 8.0076E-1 8.08822E-1 8.12299E-1 9.0397E-1 8.62097E-1 9.54207E-1 9.83656E-1 9.84828E-1 9.82008E-1 9.81369E-1 9.74187E-1 9.64945E-1 7.46494E-1 7.42525E-1 7.08773E-1 9.24702E-1 8.07998E-1 9.34854E-1 9.56202E-1 9.13738E-1 9.39059E-1 9.82737E-1 9.54445E-1 9.68925E-1 9.81848E-1 9.9105E-1 9.65641E-1 9.77553E-1 9.74407E-1 9.66409E-1 9.63384E-1 9.71557E-1 9.76785E-1 9.82458E-1 9.80209E-1 9.76059E-1 9.86817E-1 9.92474E-1 9.96928E-1 9.92549E-1
-9999 -9999 -9999 -9999 -9999 -9999 -9999 -9999 -9999 -9999 -9999 -9999 -9999 -9999 -9999 -9999 -9999 -9999 -9999 -9999 -9999 -9999 -9999 -9999 -9999 8.66975E-1 8.7163E-1 8.3559E-1 8.4003E-1 8.3611E-1 8.8005E-1 8.97642E-1 9.51815E-1 9.41532E-1 9.52615E-1 9.07218E-1 9.1069E-1 8.82321E-1 9.39749E-1 9.44632E-1 8.7692E-1 9.54518E-1 9.69321E-1 9.45127E-1 9.00922E-1 9.52983E-1 9.18471E-1 9.08842E-1 9.1812E-1 9.55576E-1 9.51883E-1 9.63398E-1 9.8485E-1 9.88337E-1 9.72798E-1 9.62455E-1 9.62178E-1 9.83219E-1 9.84656E-1 9.8593E-1 9.43542E-1 9.65731E-1 9.85978E-1 9.91648E-1 9.90458E-1 9.8968E-1 9.96338E-1
-9999 -9999 -9999 -9999 -9999 -9999 -9999 -9999 -9999 -9999 -9999 -9999 -9999 -9999 -9999 -9999 -9999 -9999 -9999 -9999 -9999 -9999 -9999 -9999 -9999 8.69974E-1 9.08841E-1 9.56684E-1 9.12211E-1 9.11236E-1 9.2369E-1 9.29243E-1 9.21272E-1 8.49232E-1 8.66954E-1 8.98966E-1 7.8117E-1 8.08855E-1 8.42415E-1 9.55976E-1 9.79125E-1 9.66443E-1 9.39094E-1 9.74403E-1 9.71359E-1 9.68505E-1 9.56336E-1 9.4508E-1 9.59873E-1 9.82205E-1 9.82976E-1 9.60971E-1 9.45203E-1 9.77428E-1 9.82093E-1 9.6052E-1 9.62071E-1 9.86424E-1 9.82264E-1 9.83591E-1 9.70488E-1 9.91968E-1 9.96194E-1 9.95033E-1 9.83048E-1 9.92121E-1 9.92326E-1
-9999 -9999 -9999 -9999 -9999 -9999 -9999 -9999 -9999 -9999 -9999 -9999 -9999 -9999 -9999 -9999 -9999 -9999 -9999 -9999 -9999 -9999 -9999 -9999 -9999 -9999 9.15757E-1 9.69122E-1 9.90596E-1 9.53277E-1 9.27946E-1 9.22527E-1 9.08424E-1 9.02638E-1 7.93788E-1 9.30677E-1 7.50794E-1 7.25028E-1 9.5305E-1 9.21531E-1 9.48418E-1 9.67901E-1 9.13257E-1 9.66103E-1 9.61221E-1 9.51357E-1 9.5955E-1 9.38741E-1 9.5085E-1 9.86401E-1 9.82889E-1 9.546E-1 9.41493E-1 9.82463E-1 9.84854E-1 9.71429E-1 9.6483E-1 9.68326E-1 9.82544E-1 9.72525E-1 9.84437E-1 9.6848E-1 9.86162E-1 9.89274E-1 9.5194E-1 9.89226E-1 9.95434E-1
-9999 -9999 -9999 -9999 -9999 -9999 -9999 -9999 -9999 -9999 -9999 -9999 -9999 -9999 -9999 -9999 -9999 -9999 -9999 -9999 -9999 -9999 -9999 -9999 -9999 -9999 7.90287E-1 8.77576E-1 9.02508E-1 8.78264E-1 7.93762E-1 7.96568E-1 8.1963E-1 8.74291E-1 8.50889E-1 9.33081E-1 9.75196E-1 9.65155E-1 9.63593E-1 9.78111E-1 9.78966E-1 9.76486E-1 9.47517E-1 9.69658E-1 9.82719E-1 9.69922E-1 9.68573E-1 9.53563E-1 9.49934E-1 9.76005E-1 9.8373E-1 9.76494E-1 9.71754E-1 9.70813E-1 9.74335E-1 9.74012E-1 9.81333E-1 9.66757E-1 9.71006E-1 9.76309E-1 9.84987E-1 9.75144E-1 9.85133E-1 9.71239E-1 9.61488E-1 9.89647E-1 9.88867E-1
-9999 -9999 -9999 -9999 -9999 -9999 -9999 -9999 -9999 -9999 -9999 -9999 -9999 -9999 -9999 -9999 -9999 -9999 -9999 -9999 -9999 -9999 -9999 -9999 -9999 -9999 8.6464E-1 7.88708E-1 7.10122E-1 7.97901E-1 8.59565E-1 8.33377E-1 8.48675E-1 9.06868E-1 8.96492E-1 9.47442E-1 9.56922E-1 9.61507E-1 9.75509E-1 9.53989E-1 9.45132E-1 9.78698E-1 9.88774E-1 9.77019E-1 9.61842E-1 9.82322E-1 9.88784E-1 9.76936E-1 9.47784E-1 9.67528E-1 9.83114E-1 9.46665E-1 9.5479E-1 9.68775E-1 9.60655E-1 9.84701E-1 9.86414E-1 9.61609E-1 9.47257E-1 9.64244E-1 9.72208E-1 9.95062E-1 9.75213E-1 9.79342E-1 9.85299E-1 9.85935E-1 9.94393E-1
-9999 -9999 -9999 -9999 -9999 -9999 -9999 -9999 -9999 -9999 -9999 -9999 -9999 -9999 -9999 -9999 -9999 -9999 -9999 -9999 -9999 -9999 -9999 -9999 -9999 -9999 9.61233E-1 9.64416E-1 8.93127E-1 7.49635E-1 8.85826E-1 7.20641E-1 7.96453E-1 9.44769E-1 9.66637E-1 9.50206E-1 9.57885E-1 9.63614E-1 9.54686E-1 8.95879E-1 9.18523E-1 9.86015E-1 9.81101E-1 9.58129E-1 9.71354E-1 9.84619E-1 9.80618E-1 9.84586E-1 9.75189E-1 9.70096E-1 9.70405E-1 9.29855E-1 8.98492E-1 9.5593E-1 9.7655E-1 9.86546E-1 9.88167E-1 9.77243E-1 9.82809E-1 9.76731E-1 9.93142E-1 9.96808E-1 9.87347E-1 9.86153E-1 9.93782E-1 9.91367E-1 9.96773E-1
-9999 -9999 -9999 -9999 -9999 -9999 -9999 -9999 -9999 -9999 -9999 -9999 -9999 -9999 -9999 -9999 -9999 -9999 -9999 -9999 -9999 -9999 -9999 -9999 -9999 -9999 -9999 9.12784E-1 8.984E-1 8.23311E-1 8.72423E-1 8.51163E-1 8.7765E-1 9.52646E-1 9.7466E-1 8.2998E-1 8.6552E-1 8.89888E-1 8.89915E-1 9.1127E-1 9.56132E-1 9.83653E-1 9.79501E-1 9.84612E-1 9.71035E-1 9.73749E-1 9.8503E-1 9.8027E-1 9.76604E-1 9.63275E-1 9.54875E-1 9.40736E-1 9.31599E-1 9.73409E-1 9.78455E-1 9.77235E-1 9.83966E-1 9.81932E-1 9.81587E-1 9.93836E-1 9.88338E-1 9.93653E-1 9.86082E-1 9.88232E-1 9.89991E-1 9.85516E-1 9.85844E-1
-9999 -9999 -9999 -9999 -9999 -9999 -9999 -9999 -9999 -9999 -9999 -9999 -9999 -9999 -9999 -9999 -9999 -9999 -9999 -9999 -9999 -9999 -9999 -9999 -9999 -9999 9.62254E-1 8.35844E-1 7.62437E-1 7.71972E-1 9.42536E-1 8.64526E-1 9.14035E-1 9.32094E-1 9.16172E-1 9.13066E-1 9.32269E-1 9.40373E-1 9.17459E-1 9.45653E-1 9.31648E-1 9.35848E-1 9.76952E-1 9.62165E-1 9.5861E-1 9.47838E-1 9.70287E-1 9.71432E-1 9.70857E-1 9.67964E-1 9.33454E-1 9.6927E-1 9.63354E-1 9.5712E-1 9.63632E-1 9.64561E-1 9.69448E-1 9.7709E-1 9.94425E-1 9.96038E-1 9.8039E-1 9.90576E-1 9.85816E-1 9.92325E-1 9.95454E-1 9.8254E-1 9.86344E-1
-9999 -9999 -9999 -9999 -9999 -9999 -9999 -9999 -9999 -9999 -9999 -9999 -9999 -9999 -9999 -9999 -9999 -9999 -9999 -9999 -9999 -9999 -9999 -9999 -9999 -9999 9.2863E-1 7.80697E-1 7.25438E-1 6.55999E-1 9.53227E-1 7.98467E-1 8.80921E-1 9.37731E-1 9.45698E-1 8.87984E-1 8.7369E-1 9.74588E-1 9.25396E-1 8.06194E-1 9.42978E-1 9.52068E-1 9.82152E-1 9.86842E-1 9.13099E-1 9.35143E-1 9.7497E-1 9.81627E-1 9.7677E-1 9.78417E-1 9.54743E-1 9.65875E-1 9.71682E-1 9.52657E-1 9.6274E-1 9.81267E-1 9.71508E-1 9.71457E-1 9.89502E-1 9.91294E-1 9.94135E-1 9.87917E-1 9.96602E-1 9.9777E-1 9.98287E-1 9.95797E-1 9.82304E-1
-9999 -9999 -9999 -9999 -9999 -9999 -9999 -9999 -9999 -9999 -9999 -9999 -9999 -9999 -9999 -9999 -9999 -9999 -9999 -9999 -9999 -9999 -9999 -9999 -9999 -9999 -9999 8.17462E-1 7.6043E-1 8.0624E-1 9.51134E-1 7.84572E-1 8.91548E-1 9.57036E-1 9.49494E-1 8.92127E-1 9.71952E-1 9.64902E-1 9.60214E-1 9.20175E-1 9.58423E-1 9.76397E-1 9.6167E-1 9.67031E-1 9.48676E-1 9.57746E-1 9.80871E-1 9.91241E-1 9.78169E-1 9.79518E-1 9.83402E-1 9.71973E-1 9.57845E-1 9.14781E-1 9.33556E-1 9.87684E-1 9.82625E-1 9.83542E-1 9.88108E-1 9.85506E-1 9.92068E-1 9.9309E-1 9.95571E-1 9.9672E-1 9.96281E-1 9.91437E-1 9.89073E-1
-9999 -9999 -9999 -9999 -9999 -9999 -9999 -9999 -9999 -9999 -9999 -9999 -9999 -9999 -9999 -9999 -9999 -9999 -9999 -9999 -9999 -9999 -9999 -9999 -9999 -9999 -9999 8.61704E-1 8.62269E-1 8.85792E-1 9.56326E-1 9.02102E-1 8.81454E-1 8.92811E-1 9.66334E-1 9.62062E-1 9.57384E-1 9.45372E-1 9.55554E-1 9.66042E-1 9.79641E-1 9.77335E-1 9.66436E-1 9.68886E-1 9.77993E-1 9.81934E-1 9.86292E-1 9.84998E-1 9.75215E-1 9.85722E-1 9.75409E-1 9.8028E-1 9.39271E-1 9.66151E-1 9.65985E-1 9.61085E-1 9.87423E-1 9.93979E-1 9.93142E-1 9.96069E-1 9.92947E-1 9.97878E-1 9.92938E-1 9.98444E-1 9.97993E-1 9.89383E-1 9.89534E-1
-9999 -9999 -9999 -9999 -9999 -9999 -9999 -9999 -9999 -9999 -9999 -9999 -9999 -9999 -9999 -9999 -9999 -9999 -9999 -9999 -9999 -9999 -9999 -9999 -9999 -9999 -9999 8.47318E-1 7.00955E-1 8.25972E-1 9.09038E-1 9.61473E-1 9.75246E-1 9.28859E-1 9.29682E-1 9.76959E-1 9.71655E-1 9.43689E-1 9.6141E-1 9.66591E-1 9.69158E-1 9.85394E-1 9.54821E-1 9.76833E-1 9.727E-1 9.82897E-1 9.80175E-1 9.70156E-1 9.91677E-1 9.82048E-1 9.81604E-1 9.86179E-1 9.38822E-1 9.81412E-1 9.86327E-1 9.91495E-1 9.9462E-1 9.90507E-1 9.93729E-1 9.83538E-1 9.91098E-1 9.8863E-1 9.92732E-1 9.95777E-1 9.95599E-1 9.95455E-1 9.89183E-1
-9999 -9999 -9999 -9999 -9999 -9999 -9999 -9999 -9999 -9999 -9999 -9999 -9999 -9999 -9999 -9999 -9999 -9999 -9999 -9999 -9999 -9999 -9999 -9999 -9999 -9999 -9999 8.0754E-1 9.18031E-1 9.42161E-1 9.6859E-1 9.81383E-1 9.86995E-1 9.81638E-1 9.63556E-1 9.24455E-1 9.78928E-1 9.75775E-1 9.66578E-1 9.56841E-1 9.3453E-1 9.64626E-1 9.68237E-1 9.67275E-1 9.6539E-1 9.85189E-1 9.89696E-1 9.80184E-1 9.87387E-1 9.72507E-1 9.69918E-1 9.69584E-1 9.86351E-1 9.77225E-1 9.78057E-1 9.89593E-1 9.82168E-1 9.86508E-1 9.92391E-1 9.9259E-1 9.79898E-1 9.90581E-1 9.90848E-1 9.93076E-1 9.90857E-1 9.95646E-1 9.89426E-1
-9999 -9999 -9999 -9999 -9999 -9999 -9999 -9999 -9999 -9999 -9999 -9999 -9999 -9999 -9999 -9999 -9999 -9999 -9999 -9999 -9999 -9999 -9999 -9999 -9999 -9999 -9999 9.04237E-1 9.72916E-1 9.92648E-1 9.88461E-1 9.48769E-1 9.13944E-1 9.51598E-1 9.4668E-1 9.52784E-1 9.69316E-1 9.814E-1 9.71908E-1 9.72809E-1 9.71892E-1 9.62012E-1 9.75234E-1 9.80105E-1 9.84934E-1 9.86935E-1 9.86377E-1 9.44085E-1 9.57916E-1 9.61528E-1 9.72477E-1 9.78494E-1 9.72173E-1 9.46283E-1 9.88748E-1 9.86887E-1 9.86429E-1 9.91513E-1 9.94216E-1 9.89822E-1 9.84377E-1 9.81496E-1 9.84383E-1 9.91322E-1 9.8505E-1 9.82933E-1 9.91189E-1
-9999 -9999 -9999 -9999 -9999 -9999 -9999 -9999 -9999 -9999 -9999 -9999 -9999 -9999 -9999 -9999 -9999 -9999 -9999 -9999 -9999 -9999 -9999 -9999 -9999 -9999 -9999 9.40082E-1 9.52167E-1 9.82037E-1 9.78279E-1 9.80743E-1 9.15788E-1 9.30374E-1 9.53479E-1 9.65412E-1 9.4841E-1 9.64738E-1 9.79103E-1 9.7484E-1 9.67576E-1 9.85624E-1 9.16173E-1 9.70156E-1 9.83199E-1 9.91014E-1 9.91087E-1 9.75293E-1 9.78303E-1 9.76142E-1 9.63036E-1 9.58025E-1 9.85744E-1 9.83181E-1 9.95081E-1 9.89893E-1 9.81443E-1 9.87165E-1 9.95064E-1 9.75074E-1 9.79632E-1 9.89428E-1 9.87365E-1 9.90403E-1 9.8044E-1 9.89233E-1 9.86054E-1
-9999 -9999 -9999 -9999 -9999 -9999 -9999 -9999 -9999 -9999 -9999 -9999 -9999 -9999 -9999 -9999 -9999 -9999 -9999 -9999 -9999 -9999 -9999 -9999 -9999 -9999 -9999 9.2332E-1 9.71065E-1 9.48383E-1 9.32517E-1 9.22354E-1 8.68391E-1 9.60429E-1 9.28226E-1 9.47705E-1 9.19312E-1 9.70652E-1 9.7832E-1 9.66449E-1 9.78562E-1 9.7946E-1 8.94168E-1 9.79466E-1 9.85463E-1 9.82651E-1 9.84946E-1 9.89951E-1 9.72384E-1 9.68518E-1 9.85235E-1 9.81931E-1 9.82458E-1 9.81876E-1 9.93527E-1 9.94774E-1 9.97297E-1 9.82537E-1 9.91392E-1 9.70312E-1 9.86583E-1 9.76745E-1 9.90971E-1 9.82478E-1 9.84716E-1 9.77092E-1 9.89394E-1
-9999 -9999 -9999 -9999 -9999 -9999 -9999 -9999 -9999 -9999 -9999 -9999 -9999 -9999 -9999 -9999 -9999 -9999 -9999 -9999 -9999 -9999 -9999 -9999 -9999 -9999 -9999 9.56894E-1 9.4549E-1 9.78463E-1 9.29342E-1 9.39853E-1 9.51313E-1 9.59954E-1 9.62792E-1 9.67517E-1 9.43985E-1 9.645E-1 9.48936E-1 9.69991E-1 9.80194E-1 9.70043E-1 9.85373E-1 9.82024E-1 9.78273E-1 9.82315E-1 9.85821E-1 9.80738E-1 9.7163E-1 9.62621E-1 9.88281E-1 9.83122E-1 9.91592E-1 9.89963E-1 9.90373E-1 9.93105E-1 9.9511E-1 9.91834E-1 9.89578E-1 9.83187E-1 9.87919E-1 9.8222E-1 9.82289E-1 9.91575E-1 9.85541E-1 9.83415E-1 9.93557E-1
-9999 -9999 -9999 -9999 -9999 -9999 -9999 -9999 -9999 -9999 -9999 -9999 -9999 -9999 -9999 -9999 -9999 -9999 -9999 -9999 -9999 -9999 -9999 -9999 -9999 -9999 -9999 -9999 9.42915E-1 9.10754E-1 9.41865E-1 9.54593E-1 8.52213E-1 9.40056E-1 9.66617E-1 9.38943E-1 9.24084E-1 9.44126E-1 9.33435E-1 9.77614E-1 9.82454E-1 9.77317E-1 9.76875E-1 9.74259E-1 9.74134E-1 9.33458E-1 9.45808E-1 9.77724E-1 9.76175E-1 9.85731E-1 9.71483E-1 9.79187E-1 9.78125E-1 9.86398E-1 9.92377E-1 9.89615E-1 9.93603E-1 9.92771E-1 9.8976E-1 9.81368E-1 9.72085E-1 9.74674E-1 9.86378E-1 9.88757E-1 9.77211E-1 9.70494E-1 9.94315E-1
-9999 -9999 -9999 -9999 -9999 -9999 -9999 -9999 -9999 -9999 -9999 -9999 -9999 -9999 -9999 -9999 -9999 -9999 -9999 -9999 -9999 -9999 -9999 -9999 -9999 -9999 -9999 -9999 9.52166E-1 9.47408E-1 9.34104E-1 9.73104E-1 9.42932E-1 9.71729E-1 9.54928E-1 9.73501E-1 9.83001E-1 9.63439E-1 9.68116E-1 9.80009E-1 9.81519E-1 9.85848E-1 9.8166E-1 9.71336E-1 9.78978E-1 9.83671E-1 9.82083E-1 9.7419E-1 9.87941E-1 9.95704E-1 9.94866E-1 9.86632E-1 9.89195E-1 9.78535E-1 9.77987E-1 9.84463E-1 9.81209E-1 9.93224E-1 9.94829E-1 9.87795E-1 9.84438E-1 9.90276E-1 9.74645E-1 9.72758E-1 9.80754E-1 9.8555E-1 9.84859E-1
-9999 -9999 -9999 -9999 -9999 -9999 -9999 -9999 -9999 -9999 -9999 -9999 -9999 -9999 -9999 -9999 -9999 -9999 -9999 -9999 -9999 -9999 -9999 -9999 -9999 -9999 -9999 9.78599E-1 9.6043E-1 9.54456E-1 9.55732E-1 9.41361E-1 9.16188E-1 9.60409E-1 9.465E-1 9.0715E-1 9.6734E-1 9.58035E-1 9.60981E-1 9.60424E-1 9.75756E-1 9.82164E-1 9.78758E-1 9.79651E-1 9.90259E-1 9.71869E-1 9.80339E-1 9.76302E-1 9.90752E-1 9.83893E-1 9.88024E-1 9.89656E-1 9.85024E-1 9.89864E-1 9.84387E-1 9.68531E-1 9.77534E-1 9.94172E-1 9.95673E-1 9.93241E-1 9.93077E-1 9.91885E-1 9.91789E-1 9.84318E-1 9.83681E-1 9.86923E-1 9.96326E-1
-9999 -9999 -9999 -9999 -9999 -9999 -9999 -9999 -9999 -9999 -9999 -9999 -9999 -9999 -9999 -9999 -9999 -9999 -9999 -9999 -9999 -9999 -9999 -9999 -9999 -9999 -9999 9.50515E-1 9.64146E-1 9.63237E-1 9.7564E-1 9.8122E-1 9.28671E-1 9.30026E-1 9.6462E-1 9.75659E-1 9.65751E-1 9.67734E-1 9.30348E-1 9.27184E-1 9.41638E-1 9.80113E-1 9.87593E-1 9.90139E-1 9.83226E-1 9.69813E-1 9.66815E-1 9.81292E-1 9.83651E-1 9.8817E-1 9.86393E-1 9.88618E-1 9.8697E-1 9.87294E-1 9.86153E-1 9.80486E-1 9.791E-1 9.8643E-1 9.90503E-1 9.88974E-1 9.90297E-1 9.8385E-1 9.79423E-1 9.81468E-1 9.85233E-1 9.85804E-1 9.93793E-1
-9999 -9999 -9999 -9999 -9999 -9999 -9999 -9999 -9999 -9999 -9999 -9999 -9999 -9999 -9999 -9999 -9999 -9999 -9999 -9999 -9999 -9999 -9999 -9999 -9999 -9999 -9999 9.45133E-1 9.32864E-1 9.63082E-1 9.66229E-1 9.60209E-1 9.47482E-1 9.61772E-1 9.78067E-1 9.72628E-1 9.80213E-1 9.70199E-1 9.7043E-1 9.70329E-1 9.73278E-1 9.75019E-1 9.91841E-1 9.9134E-1 9.76858E-1 9.8351E-1 9.6696E-1 9.74761E-1 9.82202E-1 9.73467E-1 9.72651E-1 9.80039E-1 9.72803E-1 9.78087E-1 9.79051E-1 9.76059E-1 9.88068E-1 9.92865E-1 9.90708E-1 9.89809E-1 9.843E-1 9.87207E-1 9.78368E-1 9.67454E-1 9.86196E-1 9.75766E-1 9.98406E-1
-9999 -9999 -9999 -9999 -9999 -9999 -9999 -9999 -9999 -9999 -9999 -9999 -9999 -9999 -9999 -9999 -9999 -9999 -9999 -9999 -9999 -9999 -9999 -9999 -9999 -9999 -9999 9.63188E-1 9.34531E-1 9.6543E-1 9.72013E-1 9.80591E-1 9.83161E-1 9.78039E-1 9.69572E-1 9.6238E-1 9.7573E-1 9.73569E-1 9.71847E-1 9.63736E-1 9.81209E-1 9.84572E-1 9.89375E-1 9.89016E-1 9.91203E-1 9.87365E-1 9.77039E-1 9.80657E-1 9.76846E-1 9.74719E-1 9.67612E-1 9.64104E-1 9.77121E-1 9.82578E-1 9.82592E-1 9.79835E-1 9.79998E-1 9.82424E-1 9.73696E-1 9.89042E-1 9.8021E-1 9.79459E-1 9.71606E-1 9.90506E-1 9.86296E-1 9.86034E-1 9.93883E-1
-9999 -9999 -9999 -9999 -9999 -9999 -9999 -9999 -9999 -9999 -9999 -9999 -9999 -9999 -9999 -9999 -9999 -9999 -9999 -9999 -9999 -9999 -9999 -9999 -9999 -9999 -9999 9.73972E-1 9.5832E-1 9.68133E-1 9.70299E-1 9.76654E-1 9.53965E-1 9.57521E-1 9.86572E-1 9.79397E-1 9.70807E-1 9.81358E-1 9.74162E-1 9.73025E-1 9.83913E-1 9.81709E-1 9.8189E-1 9.62186E-1 9.67838E-1 9.80192E-1 9.67092E-1 9.85338E-1 9.71042E-1 9.68E-1 9.79451E-1 9.87459E-1 9.68585E-1 9.8246E-1 9.8224E-1 9.84523E-1 9.80565E-1 9.83013E-1 9.86575E-1 9.74607E-1 9.71869E-1 9.72635E-1 9.63558E-1 9.82368E-1 9.97746E-1 9.96391E-1 9.98247E-1
-9999 -9999 -9999 -9999 -9999 -9999 -9999 -9999 -9999 -9999 -9999 -9999 -9999 -9999 -9999 -9999 -9999 -9999 -9999 -9999 -9999 -9999 -9999 -9999 -9999 -9999 -9999 9.57832E-1 -9999 9.60291E-1 9.79759E-1 9.46617E-1 9.56143E-1 8.90974E-1 9.49808E-1 9.75883E-1 9.81594E-1 9.78824E-1 9.79299E-1 9.90166E-1 9.59471E-1 9.70948E-1 9.79414E-1 9.71721E-1 9.75719E-1 9.4786E-1 9.7795E-1 9.83917E-1 9.61596E-1 9.63905E-1 9.70556E-1 9.70835E-1 9.68846E-1 9.7855E-1 9.7237E-1 9.7803E-1 9.80487E-1 9.64992E-1 9.79266E-1 9.64653E-1 9.8305E-1 9.8926E-1 9.68129E-1 9.78653E-1 9.84903E-1 9.9184E-1 9.88973E-1
-9999 -9999 -9999 -9999 -9999 -9999 -9999 -9999 -9999 -9999 -9999 -9999 -9999 -9999 -9999 -9999 -9999 -9999 -9999 -9999 -9999 -9999 -9999 -9999 -9999 -9999 -9999 9.52501E-1 9.67997E-1 9.55776E-1 9.40911E-1 9.65405E-1 9.29605E-1 9.0487E-1 9.4847E-1 9.51172E-1 9.72037E-1 9.91175E-1 9.78749E-1 9.62127E-1 9.72034E-1 9.70646E-1 9.47658E-1 9.7117E-1 9.76784E-1 9.63218E-1 9.74082E-1 9.4943E-1 9.35159E-1 9.43816E-1 9.51017E-1 9.77586E-1 9.7196E-1 9.69107E-1 9.79167E-1 9.70288E-1 9.66974E-1 9.7236E-1 9.75987E-1 9.83012E-1 9.83139E-1 9.88024E-1 9.78883E-1 9.77434E-1 9.8834E-1 9.86266E-1 9.89657E-1
