ENM/Final_Models/M_1_F_qp_Set_1_EC/Gustavia_santanderiensis_1_Choco.asc
ncols         367
nrows         963
xllcorner     -78.6
yllcorner     0.65
cellsize      0.00833333333333323
NODATA_value  -9999
[rows 217 to 247 of 963, columns 204 to 271 of 367]
1E0 1E0 1E0 1E0 1E0 1E0 1E0 1E0 1E0 1E0 1E0 1E0 1E0 1E0 1E0 1E0 1E0 1E0 1E0 1E0 9.9975E-1 9.9997E-1 9.99911E-1 9.99065E-1 9.99126E-1 9.99989E-1 9.99603E-1 9.99225E-1 7.39413E-1 5.5001E-1 1.35966E-1 4.82354E-2 1.60439E-2 3.27968E-2 5.89165E-2 4.16988E-1 8.2158E-1 1E0 9.82359E-1 9.01487E-1 8.33626E-1 7.40606E-1 5.04092E-1 3.59897E-1 4.52047E-1 2.8838E-1 3.54659E-1 5.88789E-1 6.85294E-1 5.57257E-1 7.86073E-1 5.27678E-1 4.6995E-1 3.07716E-1 3.51051E-1 4.9094E-1 4.32592E-1 5.27275E-1 6.87918E-1 7.33552E-1 3.91002E-1 2.43522E-1 1.6785E-1 1.80971E-1 1.68097E-1 7.89907E-2 3.21558E-2 2.01337E-2
1E0 1E0 1E0 1E0 1E0 9.99999E-1 1E0 1E0 1E0 1E0 1E0 1E0 1E0 1E0 1E0 1E0 1E0 1E0 1E0 1E0 9.99665E-1 9.99833E-1 9.99873E-1 9.99569E-1 9.95719E-1 9.9916E-1 9.99846E-1 9.89432E-1 6.87154E-1 4.6652E-1 2.54585E-1 8.52337E-2 6.83586E-2 6.1314E-2 1.71557E-2 1.40263E-1 5.58793E-1 9.99442E-1 9.78039E-1 7.6471E-1 5.54886E-1 5.26054E-1 4.19327E-1 3.19992E-1 5.5759E-1 5.59089E-1 7.05471E-1 8.16318E-1 7.03104E-1 5.51264E-1 6.00482E-1 7.56703E-1 5.73387E-1 4.0928E-1 2.99333E-1 4.88651E-1 4.1717E-1 4.38397E-1 5.7699E-1 6.5426E-1 3.74476E-1 1.59296E-1 1.45749E-1 1.87401E-1 1.85984E-1 2.25115E-1 1.51859E-1 5.85613E-2
1E0 1E0 1E0 1E0 1E0 1E0 1E0 1E0 1E0 1E0 1E0 1E0 1E0 1E0 1E0 1E0 9.99979E-1 9.9998E-1 9.99947E-1 9.99975E-1 9.9998E-1 9.99833E-1 9.99993E-1 9.99568E-1 9.98726E-1 9.95598E-1 9.71575E-1 9.48252E-1 8.4316E-1 6.17053E-1 4.40258E-1 2.67569E-1 1.05876E-1 2.50841E-1 2.00723E-1 4.4742E-1 5.05755E-1 8.71511E-1 9.6945E-1 5.00863E-1 3.49889E-1 4.46182E-1 5.57933E-1 5.13705E-1 5.59602E-1 7.34768E-1 7.03651E-1 8.30863E-1 6.75623E-1 4.12024E-1 5.12098E-1 6.15841E-1 5.67321E-1 5.10151E-1 2.88807E-1 2.72669E-1 4.16095E-1 4.90552E-1 5.1984E-1 5.10827E-1 2.58774E-1 2.20336E-1 1.00892E-1 2.23785E-1 2.12104E-1 2.30466E-1 1.62072E-1 2.52646E-2
1E0 1E0 1E0 1E0 1E0 1E0 1E0 1E0 1E0 1E0 1E0 1E0 1E0 1E0 9.99988E-1 9.99899E-1 9.99957E-1 9.99928E-1 9.99583E-1 9.98439E-1 9.99661E-1 9.99592E-1 9.99998E-1 1E0 9.99999E-1 9.97277E-1 9.15664E-1 9.74356E-1 9.50096E-1 8.51627E-1 7.78672E-1 6.30475E-1 3.8363E-1 2.9193E-1 3.75679E-1 6.85374E-1 5.04576E-1 7.59585E-1 8.34735E-1 5.09276E-1 4.37099E-1 4.81729E-1 2.85358E-1 2.72071E-1 4.13984E-1 5.41361E-1 6.37554E-1 6.81887E-1 6.54406E-1 4.56516E-1 3.99029E-1 3.8464E-1 4.78778E-1 5.04247E-1 4.45683E-1 2.67434E-1 4.41664E-1 4.90046E-1 5.8976E-1 2.64774E-1 1.2515E-1 2.33383E-1 1.46489E-1 3.94697E-1 3.56951E-1 2.14615E-1 1.40409E-1 7.61933E-3
1E0 1E0 1E0 1E0 1E0 1E0 1E0 1E0 1E0 1E0 1E0 1E0 1E0 9.99993E-1 9.99993E-1 9.99994E-1 9.99999E-1 1E0 9.93048E-1 9.96882E-1 9.84491E-1 9.88054E-1 9.9938E-1 9.99846E-1 9.99985E-1 9.84602E-1 8.03782E-1 7.28307E-1 9.42525E-1 9.78607E-1 9.15735E-1 9.95316E-1 9.82982E-1 6.79303E-1 5.66031E-1 9.48204E-1 9.53456E-1 5.83572E-1 5.96032E-1 4.44466E-1 4.70164E-1 6.21151E-1 4.34201E-1 3.12891E-1 5.22963E-1 6.76734E-1 5.01996E-1 6.76254E-1 4.97222E-1 3.58508E-1 3.37019E-1 3.69513E-1 3.07441E-1 4.2453E-1 4.01955E-1 2.48789E-1 3.10571E-1 4.69355E-1 5.39344E-1 2.56835E-1 6.89773E-2 9.1755E-2 6.42877E-2 1.87267E-1 3.58672E-1 2.20413E-1 2.22688E-2 4.94949E-3
1E0 1E0 1E0 1E0 1E0 1E0 1E0 1E0 1E0 1E0 1E0 1E0 1E0 9.99997E-1 9.99994E-1 9.99972E-1 9.99691E-1 9.99996E-1 9.97838E-1 9.94421E-1 9.38673E-1 9.74254E-1 9.99902E-1 9.98989E-1 9.98159E-1 8.36525E-1 8.42906E-1 4.83164E-1 9.32416E-1 9.92881E-1 9.97513E-1 9.99821E-1 9.99999E-1 9.78698E-1 8.96906E-1 9.91045E-1 9.83872E-1 8.23206E-1 5.05521E-1 5.49E-1 4.45168E-1 6.58368E-1 6.2603E-1 3.89064E-1 3.29831E-1 5.10485E-1 6.25816E-1 5.52361E-1 5.27507E-1 4.35658E-1 5.03453E-1 4.56082E-1 1.77829E-1 3.504E-1 3.80898E-1 2.32175E-1 2.96512E-1 3.78678E-1 3.99205E-1 3.39616E-1 5.60856E-2 5.85873E-2 6.24452E-2 1.57793E-1 4.11962E-1 2.51935E-1 1.7104E-2 3.05431E-2
1E0 1E0 1E0 1E0 1E0 1E0 1E0 1E0 1E0 1E0 1E0 1E0 1E0 1E0 9.99999E-1 9.99969E-1 9.99499E-1 9.99713E-1 9.95704E-1 9.76726E-1 8.72789E-1 9.98533E-1 9.99081E-1 9.72919E-1 9.67377E-1 9.6646E-1 9.12961E-1 9.34288E-1 9.6715E-1 9.99848E-1 9.99045E-1 9.97259E-1 9.99998E-1 1E0 9.99997E-1 9.92312E-1 9.99064E-1 9.99471E-1 4.86929E-1 4.62482E-1 4.44721E-1 5.81282E-1 5.12617E-1 4.18182E-1 3.98479E-1 5.00077E-1 4.5931E-1 5.04514E-1 4.41976E-1 5.09225E-1 3.99738E-1 3.73351E-1 2.00204E-1 4.81589E-1 2.24409E-1 2.12667E-1 3.57087E-1 4.37675E-1 3.97386E-1 4.22575E-1 9.5734E-2 8.49832E-2 1.37052E-1 1.31708E-1 3.05508E-1 1.82669E-1 2.31217E-2 1.87293E-2
1E0 1E0 1E0 1E0 1E0 1E0 1E0 1E0 1E0 1E0 1E0 1E0 1E0 1E0 9.99999E-1 1E0 9.99997E-1 9.99999E-1 9.99893E-1 9.96913E-1 9.734E-1 9.8939E-1 9.90799E-1 9.32618E-1 9.80111E-1 9.8221E-1 9.93976E-1 9.99688E-1 9.99683E-1 9.99902E-1 9.9995E-1 9.99977E-1 9.99884E-1 9.9988E-1 9.99939E-1 9.84198E-1 9.99983E-1 9.70719E-1 5.40867E-1 4.75461E-1 4.55391E-1 5.99179E-1 5.4261E-1 3.46919E-1 3.36795E-1 4.50119E-1 5.45792E-1 5.42761E-1 5.20441E-1 5.0057E-1 3.52029E-1 2.38363E-1 2.32183E-1 4.29212E-1 1.81774E-1 2.99738E-1 5.42641E-1 5.25796E-1 5.33044E-1 4.47415E-1 2.16532E-1 2.28147E-1 2.49121E-1 2.8991E-1 2.98695E-1 2.41432E-1 1.42547E-2 1.89764E-3
1E0 1E0 1E0 1E0 1E0 1E0 1E0 1E0 1E0 1E0 1E0 9.99997E-1 9.99997E-1 1E0 1E0 9.99936E-1 9.9994E-1 9.99995E-1 9.99706E-1 9.97754E-1 9.94185E-1 9.62779E-1 9.61982E-1 9.90267E-1 9.99987E-1 9.99948E-1 9.99995E-1 9.75522E-1 9.39286E-1 9.54273E-1 9.97519E-1 9.99035E-1 9.988E-1 9.97658E-1 9.99926E-1 9.97787E-1 9.56593E-1 7.42052E-1 5.71716E-1 6.00616E-1 5.28892E-1 6.00115E-1 6.39213E-1 3.62871E-1 3.94973E-1 3.67201E-1 4.97653E-1 3.66993E-1 3.6212E-1 3.95389E-1 2.64099E-1 1.69326E-1 3.39256E-1 3.91477E-1 3.70391E-1 3.25882E-1 4.62509E-1 4.29434E-1 4.84673E-1 5.98382E-1 3.52642E-1 2.58778E-1 3.00841E-1 2.56537E-1 4.1118E-1 2.50378E-1 3.2005E-2 6.55001E-3
1E0 1E0 1E0 1E0 1E0 1E0 1E0 1E0 1E0 1E0 1E0 9.99992E-1 9.99999E-1 9.99997E-1 9.99984E-1 9.99998E-1 9.99968E-1 9.99569E-1 9.99719E-1 9.57262E-1 9.79502E-1 9.77693E-1 9.67106E-1 9.19825E-1 9.91361E-1 9.94943E-1 9.99986E-1 9.76931E-1 8.6621E-1 4.79573E-1 7.18569E-1 8.72064E-1 9.62905E-1 9.98289E-1 9.98768E-1 9.99425E-1 9.80439E-1 8.62333E-1 6.39877E-1 6.74488E-1 6.20661E-1 6.54974E-1 6.54279E-1 5.69223E-1 5.49306E-1 6.58562E-1 5.16098E-1 3.93051E-1 3.17279E-1 2.26757E-1 8.93134E-2 1.75424E-1 4.01482E-1 2.05285E-1 2.3167E-1 2.43341E-1 3.29753E-1 5.1764E-1 5.88125E-1 3.21482E-1 1.99262E-1 8.96177E-2 1.80113E-1 3.17237E-1 2.92781E-1 1.53509E-1 6.30232E-3 1.43674E-3
1E0 1E0 1E0 1E0 1E0 1E0 1E0 1E0 1E0 9.99969E-1 9.99999E-1 9.99915E-1 9.99933E-1 9.99996E-1 9.98772E-1 9.98311E-1 9.98578E-1 9.82555E-1 9.60924E-1 9.79066E-1 9.19507E-1 9.44584E-1 9.7226E-1 9.39523E-1 9.68515E-1 9.32893E-1 9.93362E-1 9.67483E-1 7.27639E-1 6.13705E-1 4.24372E-1 6.78744E-1 8.67857E-1 8.35774E-1 9.45803E-1 9.96754E-1 9.60137E-1 8.77659E-1 7.61771E-1 5.97342E-1 5.8974E-1 6.84342E-1 5.37661E-1 4.81408E-1 4.12302E-1 3.92097E-1 4.13831E-1 4.08624E-1 3.94762E-1 2.02849E-1 2.08466E-1 4.46194E-1 3.44227E-1 2.37431E-1 2.17684E-1 3.09857E-1 3.22935E-1 2.6385E-1 5.17367E-1 3.84969E-1 4.41169E-1 1.28599E-1 3.0032E-1 3.57004E-1 3.07881E-1 1.10396E-1 2.20341E-3 8.20395E-4
1E0 1E0 1E0 1E0 1E0 1E0 1E0 1E0 9.98425E-1 9.83374E-1 9.94898E-1 9.98333E-1 9.99499E-1 9.99841E-1 9.99951E-1 9.97781E-1 9.74384E-1 9.77782E-1 9.60202E-1 9.88087E-1 9.731E-1 9.61098E-1 9.89669E-1 9.85907E-1 9.9043E-1 9.99361E-1 9.99991E-1 9.94065E-1 7.66184E-1 3.79951E-1 1.79905E-1 1.89066E-1 6.62401E-1 5.45368E-1 6.52878E-1 7.30257E-1 7.79248E-1 7.92104E-1 8.17118E-1 5.95337E-1 6.8088E-1 6.12367E-1 5.35942E-1 5.17103E-1 4.69229E-1 4.04221E-1 4.00747E-1 3.50373E-1 4.82627E-1 3.59172E-1 3.56286E-1 3.958E-1 2.89561E-1 1.24357E-1 1.40712E-1 3.20542E-1 4.39011E-1 4.27678E-1 4.72327E-1 4.51651E-1 4.28159E-1 2.05585E-1 3.24E-1 3.61421E-1 1.91551E-1 1.07182E-1 5.10076E-3 9.15757E-4
1E0 9.99999E-1 1E0 1E0 1E0 1E0 1E0 9.99974E-1 9.81366E-1 9.7876E-1 9.77182E-1 9.98295E-1 9.99529E-1 9.99801E-1 9.9998E-1 9.93427E-1 9.59769E-1 9.75215E-1 9.82141E-1 9.88137E-1 9.58912E-1 9.55106E-1 9.84613E-1 9.99501E-1 9.97787E-1 9.9925E-1 9.99999E-1 9.99162E-1 7.30143E-1 5.74753E-1 2.525E-1 1.59984E-1 3.09686E-1 2.14546E-1 4.75659E-1 7.84357E-1 5.70107E-1 6.78596E-1 8.19512E-1 6.45189E-1 6.85097E-1 5.8902E-1 5.15269E-1 4.94184E-1 4.47225E-1 3.81407E-1 3.84168E-1 4.29696E-1 5.80594E-1 4.50421E-1 3.56882E-1 3.10512E-1 3.55772E-1 1.4341E-1 1.31596E-1 1.5029E-1 5.16351E-1 7.58878E-1 4.67912E-1 2.84537E-1 5.00616E-1 2.27808E-1 3.63106E-1 3.70892E-1 2.7807E-1 1.63755E-1 5.55375E-2 6.34119E-2
1E0 9.99997E-1 1E0 1E0 1E0 1E0 1E0 1E0 9.99874E-1 9.75776E-1 9.02992E-1 9.84264E-1 9.98515E-1 9.99863E-1 9.99723E-1 9.96262E-1 9.97389E-1 9.20158E-1 9.64768E-1 9.28243E-1 8.55814E-1 8.43018E-1 9.35018E-1 9.97627E-1 9.98843E-1 9.99683E-1 1E0 9.99987E-1 9.91666E-1 9.08988E-1 5.05939E-1 2.8584E-1 1.56708E-1 9.28168E-2 1.72652E-1 3.71956E-1 4.6556E-1 5.10527E-1 5.96539E-1 5.84542E-1 6.54756E-1 5.56665E-1 4.69979E-1 3.96298E-1 3.98126E-1 5.0611E-1 3.94201E-1 4.57408E-1 5.07158E-1 3.80827E-1 4.85081E-1 3.80883E-1 2.96322E-1 2.15835E-1 1.432E-1 2.65252E-1 4.37826E-1 5.46613E-1 4.01254E-1 4.82175E-1 4.47274E-1 3.17741E-1 3.60354E-1 2.42E-1 2.1872E-1 3.00819E-1 1.76235E-1 1.03693E-1
9.99998E-1 1E0 1E0 1E0 1E0 1E0 1E0 1E0 9.99956E-1 9.9817E-1 9.6386E-1 9.90889E-1 9.99782E-1 9.99959E-1 9.99831E-1 9.99942E-1 9.99938E-1 9.91765E-1 9.92079E-1 9.63871E-1 9.65352E-1 8.6813E-1 8.81122E-1 9.9946E-1 9.9999E-1 9.99989E-1 9.99991E-1 9.99479E-1 9.9992E-1 8.77095E-1 7.60171E-1 2.50623E-1 1.35263E-1 1.11734E-1 8.9863E-2 1.55127E-1 1.90973E-1 2.19352E-1 3.03286E-1 4.68611E-1 5.99098E-1 5.76135E-1 5.48318E-1 4.59943E-1 4.72128E-1 4.32146E-1 4.62071E-1 4.52345E-1 6.04701E-1 4.37105E-1 4.10294E-1 4.68499E-1 4.29214E-1 3.84349E-1 1.86739E-1 3.02279E-1 4.28019E-1 6.67031E-1 5.24777E-1 3.5852E-1 3.5786E-1 1.53526E-1 1.15523E-1 1.04638E-1 8.03431E-2 1.90204E-1 2.52116E-1 9.46307E-2
1E0 1E0 1E0 1E0 1E0 1E0 1E0 1E0 9.99999E-1 9.9884E-1 9.95862E-1 9.63679E-1 9.95733E-1 9.99056E-1 9.99997E-1 1E0 9.99999E-1 9.99866E-1 9.94429E-1 9.89828E-1 8.69039E-1 9.79483E-1 9.81874E-1 9.886E-1 9.99999E-1 1E0 9.99999E-1 9.96299E-1 9.86832E-1 9.5187E-1 8.32784E-1 3.46729E-1 1.70151E-1 1.50283E-1 1.0914E-1 1.34531E-1 1.47613E-1 1.24288E-1 1.14054E-1 3.53292E-1 6.06387E-1 5.07925E-1 5.09326E-1 4.80707E-1 3.98941E-1 4.02182E-1 4.33536E-1 3.9312E-1 5.27084E-1 5.16706E-1 4.19701E-1 4.65836E-1 5.37818E-1 4.67842E-1 3.09135E-1 3.90562E-1 6.22634E-1 7.37152E-1 4.91624E-1 4.76809E-1 2.29781E-1 2.00664E-1 1.87376E-1 1.98825E-1 1.44956E-1 2.01634E-1 3.61136E-1 1.28716E-1
1E0 1E0 1E0 1E0 1E0 1E0 9.9999E-1 9.99111E-1 9.98825E-1 9.99945E-1 9.91653E-1 9.96508E-1 9.98953E-1 9.98892E-1 1E0 1E0 1E0 9.99933E-1 9.99999E-1 9.99999E-1 9.84981E-1 9.99497E-1 9.99884E-1 9.99999E-1 9.99999E-1 1E0 1E0 9.99861E-1 9.57741E-1 7.93239E-1 2.4384E-1 1.22612E-1 8.82801E-2 9.22665E-2 5.8143E-2 5.87683E-2 8.98378E-2 1.26961E-1 2.05978E-1 3.44026E-1 2.46149E-1 4.04997E-1 4.43633E-1 3.71868E-1 3.20346E-1 3.54693E-1 4.61605E-1 3.03994E-1 4.59522E-1 5.04242E-1 5.65715E-1 5.08276E-1 4.64809E-1 4.85161E-1 3.94027E-1 4.30923E-1 7.6298E-1 6.83602E-1 6.77963E-1 3.38544E-1 3.11789E-1 1.93303E-1 1.76987E-1 1.40338E-1 1.17043E-1 2.13135E-1 2.29903E-1 5.55348E-2
1E0 9.99999E-1 1E0 1E0 1E0 1E0 1E0 1E0 1E0 9.99939E-1 9.99531E-1 9.96607E-1 9.98797E-1 9.98645E-1 9.99998E-1 1E0 9.99718E-1 9.99988E-1 9.9907E-1 9.99049E-1 9.9792E-1 9.99999E-1 9.99931E-1 1E0 1E0 1E0 1E0 9.99963E-1 9.93266E-1 9.60465E-1 2.38298E-1 5.76639E-2 3.21295E-2 5.51027E-2 3.422E-2 3.44267E-2 4.10001E-2 5.16417E-2 9.74619E-2 2.54984E-1 3.06306E-1 3.16849E-1 3.8281E-1 3.99242E-1 3.30109E-1 3.76782E-1 3.57306E-1 2.56106E-1 3.57031E-1 4.66114E-1 4.2513E-1 4.67726E-1 4.70943E-1 3.69992E-1 2.91093E-1 4.79463E-1 5.67437E-1 4.56949E-1 2.25828E-1 3.76902E-1 2.50623E-1 2.52091E-1 2.4202E-1 1.376E-1 1.06718E-1 1.02494E-1 3.58351E-1 1.85715E-1
1E0 9.99999E-1 1E0 1E0 1E0 1E0 1E0 1E0 9.99973E-1 1E0 9.99116E-1 9.96183E-1 9.98732E-1 9.98258E-1 9.99999E-1 1E0 9.99944E-1 9.99982E-1 9.99761E-1 9.99065E-1 9.87422E-1 9.99998E-1 9.9852E-1 1E0 1E0 1E0 1E0 1E0 9.96222E-1 9.96732E-1 4.98034E-1 7.76327E-2 6.82925E-2 3.99331E-2 8.44517E-2 3.7744E-2 3.13431E-2 5.74114E-2 9.42791E-2 2.057E-1 3.19927E-1 2.20896E-1 3.6198E-1 4.39496E-1 4.19976E-1 4.05426E-1 5.12911E-1 3.39201E-1 1.91412E-1 4.60585E-1 3.41841E-1 4.46553E-1 4.55773E-1 3.24249E-1 4.00359E-1 5.55756E-1 5.20023E-1 2.48691E-1 2.98937E-1 5.49628E-1 4.88809E-1 2.03667E-1 2.28377E-1 2.37377E-1 2.07251E-1 1.75102E-1 1.83172E-1 2.09484E-1
1E0 1E0 1E0 1E0 1E0 1E0 1E0 9.99987E-1 9.99968E-1 1E0 9.99815E-1 9.99899E-1 9.99952E-1 9.99936E-1 9.99996E-1 9.99957E-1 9.98382E-1 9.97901E-1 9.99667E-1 9.97E-1 9.89761E-1 9.98702E-1 9.99486E-1 9.99985E-1 1E0 1E0 1E0 9.99999E-1 9.99051E-1 8.89049E-1 9.80662E-1 4.80505E-1 8.97403E-2 2.66949E-2 2.58695E-2 8.9038E-2 7.60972E-2 6.08942E-2 7.82681E-2 1.31511E-1 2.01661E-1 2.25553E-1 2.58303E-1 3.03529E-1 4.34443E-1 3.85999E-1 4.77841E-1 4.67574E-1 5.88789E-1 4.31456E-1 3.6775E-1 3.45719E-1 3.87756E-1 4.25576E-1 4.11293E-1 5.85394E-1 7.63048E-1 4.47484E-1 4.75432E-1 6.13873E-1 5.91249E-1 2.5577E-1 1.5625E-1 2.15655E-1 1.70315E-1 1.51414E-1 9.91447E-2 9.24609E-2
1E0 1E0 1E0 1E0 1E0 1E0 1E0 1E0 1E0 1E0 9.99937E-1 9.99224E-1 9.99947E-1 9.99999E-1 9.99999E-1 9.99439E-1 9.97589E-1 9.99792E-1 9.96702E-1 9.97091E-1 9.97486E-1 9.99921E-1 9.93807E-1 9.99525E-1 1E0 1E0 9.99999E-1 9.99999E-1 9.9995E-1 9.98893E-1 9.97795E-1 6.73379E-1 1.32272E-1 5.98788E-2 2.84436E-2 1.99101E-2 2.21765E-2 4.97356E-2 3.39953E-2 4.07949E-2 1.07961E-1 2.05941E-1 2.45908E-1 1.93563E-1 2.96198E-1 5.69543E-1 6.30408E-1 6.57837E-1 5.76287E-1 4.84183E-1 4.45859E-1 4.46991E-1 5.12317E-1 5.81608E-1 6.60545E-1 6.41621E-1 6.85045E-1 4.2557E-1 4.7407E-1 4.95146E-1 2.94766E-1 3.08335E-1 2.4232E-1 1.75557E-1 1.26483E-1 9.81649E-2 8.72645E-2 9.15022E-2
1E0 1E0 1E0 1E0 1E0 1E0 1E0 1E0 1E0 9.99999E-1 9.99999E-1 9.99545E-1 1E0 1E0 1E0 9.99979E-1 1E0 9.99999E-1 1E0 9.99999E-1 9.99999E-1 9.99965E-1 9.99999E-1 1E0 1E0 1E0 1E0 1E0 1E0 1E0 9.99999E-1 9.65307E-1 2.78395E-1 2.21007E-1 7.97604E-2 1.81088E-2 9.96628E-3 5.82432E-2 4.61864E-2 5.5242E-2 1.70025E-1 3.45291E-1 3.48435E-1 2.53693E-1 3.03974E-1 3.50403E-1 4.61989E-1 5.6817E-1 6.959E-1 6.42683E-1 5.21518E-1 4.56111E-1 4.57936E-1 5.37183E-1 6.07416E-1 7.71151E-1 7.98013E-1 4.86995E-1 4.29686E-1 2.94681E-1 2.57452E-1 2.26763E-1 2.37114E-1 1.45131E-1 1.05316E-1 5.32123E-2 2.95308E-2 3.08821E-2
1E0 1E0 1E0 1E0 1E0 1E0 1E0 1E0 1E0 9.99996E-1 9.99999E-1 1E0 1E0 9.99998E-1 9.99995E-1 9.99991E-1 9.9987E-1 9.99948E-1 9.99969E-1 9.99771E-1 9.99791E-1 9.99276E-1 9.99387E-1 1E0 1E0 1E0 1E0 1E0 9.99996E-1 1E0 9.99998E-1 9.64137E-1 5.76193E-1 3.68456E-1 1.82246E-1 3.13298E-2 1.15244E-2 4.68288E-2 3.52412E-2 4.18609E-2 1.95065E-1 4.11635E-1 2.88297E-1 2.32363E-1 2.65447E-1 1.93533E-1 2.59061E-1 5.71363E-1 5.28012E-1 6.47257E-1 3.48525E-1 3.45105E-1 3.91937E-1 4.40073E-1 6.87133E-1 7.77187E-1 8.47702E-1 5.73268E-1 4.67452E-1 5.05931E-1 1.66816E-1 1.80043E-1 2.01447E-1 2.30712E-1 1.03201E-1 4.58811E-2 4.87925E-2 3.78424E-2
1E0 1E0 1E0 1E0 1E0 1E0 1E0 1E0 1E0 1E0 9.99992E-1 1E0 9.99996E-1 9.99998E-1 9.99996E-1 9.99985E-1 9.99995E-1 9.99998E-1 9.99998E-1 9.99996E-1 9.98753E-1 9.99855E-1 9.9989E-1 9.99999E-1 9.99993E-1 9.99979E-1 9.99923E-1 9.99774E-1 9.99991E-1 1E0 1E0 9.9644E-1 5.64652E-1 3.67895E-1 3.00728E-1 1.71156E-1 2.41213E-2 1.45341E-2 6.67006E-2 7.73652E-2 1.3799E-1 2.06529E-1 3.11302E-1 3.80047E-1 3.98404E-1 2.94406E-1 3.73935E-1 4.12793E-1 3.91243E-1 5.5997E-1 4.10682E-1 3.07399E-1 3.59779E-1 5.83089E-1 5.59999E-1 8.13038E-1 8.29142E-1 7.78266E-1 4.00918E-1 3.35852E-1 2.49267E-1 1.40333E-1 1.87739E-1 1.82665E-1 7.26513E-2 6.62182E-2 5.27955E-2 3.27223E-2
1E0 1E0 1E0 1E0 1E0 1E0 1E0 1E0 1E0 1E0 9.99997E-1 1E0 1E0 1E0 1E0 1E0 9.99995E-1 1E0 1E0 9.99999E-1 9.98064E-1 9.99997E-1 9.99954E-1 9.99999E-1 9.99998E-1 9.9993E-1 9.99998E-1 9.99987E-1 9.99999E-1 9.99998E-1 9.99987E-1 9.99024E-1 8.90419E-1 5.46119E-1 4.11974E-1 2.14376E-1 2.80693E-2 1.94191E-2 5.11877E-2 6.00252E-2 1.05245E-1 2.17358E-1 3.0429E-1 4.30819E-1 5.83477E-1 3.96284E-1 6.13948E-1 4.45908E-1 3.8674E-1 3.86973E-1 3.82249E-1 2.54322E-1 4.3482E-1 6.10337E-1 6.29967E-1 7.16764E-1 8.83813E-1 6.80421E-1 4.60006E-1 4.70078E-1 2.60035E-1 1.6318E-1 1.28256E-1 1.20486E-1 6.86437E-2 4.00889E-2 2.99438E-2 2.3926E-2
1E0 1E0 1E0 1E0 1E0 1E0 1E0 1E0 1E0 1E0 1E0 9.99996E-1 1E0 1E0 9.99997E-1 9.99991E-1 1E0 1E0 1E0 1E0 9.99973E-1 9.99942E-1 9.99896E-1 1E0 1E0 9.99994E-1 9.99981E-1 9.99907E-1 9.99995E-1 1E0 1E0 9.99999E-1 9.99481E-1 9.64628E-1 7.54973E-1 1.76584E-1 1.46844E-2 1.16108E-2 2.69031E-2 5.66366E-2 9.40802E-2 2.32119E-1 4.07418E-1 6.30159E-1 5.88007E-1 3.30089E-1 4.65987E-1 3.94303E-1 5.07799E-1 3.57835E-1 2.53698E-1 2.88993E-1 6.18565E-1 8.06826E-1 8.68477E-1 8.15636E-1 8.88044E-1 7.27654E-1 7.14545E-1 6.92202E-1 2.11091E-1 1.12844E-1 8.00336E-2 8.15407E-2 1.04337E-1 3.69335E-2 1.9017E-2 1.09724E-2
1E0 1E0 1E0 1E0 1E0 1E0 1E0 1E0 1E0 1E0 1E0 9.99998E-1 9.99999E-1 1E0 9.99999E-1 1E0 9.99999E-1 1E0 9.99991E-1 9.99998E-1 9.99996E-1 9.99998E-1 9.99999E-1 1E0 1E0 9.99998E-1 9.99943E-1 9.99986E-1 9.9997E-1 1E0 1E0 1E0 9.96147E-1 9.11828E-1 8.3599E-1 2.09248E-1 2.74481E-2 1.31173E-2 1.71337E-2 4.23424E-2 6.92333E-2 1.79367E-1 3.19644E-1 6.95405E-1 6.17043E-1 6.36033E-1 7.63708E-1 6.36251E-1 2.9561E-1 4.91616E-1 3.69519E-1 5.90746E-1 7.03596E-1 8.83868E-1 9.73548E-1 9.28842E-1 8.05108E-1 6.83773E-1 6.47346E-1 8.19652E-1 2.88693E-1 1.9133E-1 8.79401E-2 9.12933E-2 9.74003E-2 3.23989E-2 8.06534E-3 8.72308E-3
1E0 1E0 1E0 1E0 1E0 1E0 1E0 1E0 1E0 1E0 1E0 1E0 9.99955E-1 9.94074E-1 9.99995E-1 9.99995E-1 1E0 1E0 9.99999E-1 9.99935E-1 1E0 1E0 1E0 1E0 1E0 9.99999E-1 1E0 9.99998E-1 9.99986E-1 1E0 1E0 1E0 9.99775E-1 9.14746E-1 9.02208E-1 4.35053E-1 4.26379E-2 3.22473E-2 5.04809E-2 7.04535E-2 1.12157E-1 1.83138E-1 6.74908E-1 8.06639E-1 7.90121E-1 6.86826E-1 8.56144E-1 6.84141E-1 4.54373E-1 5.71666E-1 5.39365E-1 6.84601E-1 7.99782E-1 9.15364E-1 9.38051E-1 8.5029E-1 7.49557E-1 7.58708E-1 8.03803E-1 8.45488E-1 2.60989E-1 1.67167E-1 2.0034E-1 1.52567E-1 7.04434E-2 2.42595E-2 1.23538E-2 1.70507E-2
1E0 1E0 1E0 1E0 1E0 1E0 1E0 1E0 1E0 1E0 1E0 1E0 9.99988E-1 1E0 1E0 1E0 1E0 1E0 1E0 1E0 1E0 1E0 1E0 1E0 1E0 1E0 1E0 1E0 1E0 1E0 1E0 1E0 1E0 9.22692E-1 6.48999E-1 1.6664E-1 4.90216E-2 2.696E-2 4.4765E-2 1.01705E-1 1.15247E-1 2.77712E-1 7.28647E-1 8.84554E-1 6.7764E-1 7.87822E-1 4.91987E-1 4.1299E-1 5.96058E-1 4.02381E-1 6.31816E-1 9.1523E-1 9.64663E-1 9.3519E-1 9.48378E-1 7.66166E-1 8.18862E-1 7.45539E-1 4.25525E-1 5.83151E-1 3.45304E-1 7.46363E-2 9.03037E-2 3.08304E-1 9.89595E-2 7.33958E-2 5.06402E-2 3.48626E-2
1E0 1E0 1E0 1E0 1E0 1E0 1E0 1E0 1E0 1E0 1E0 1E0 1E0 1E0 1E0 1E0 1E0 1E0 1E0 1E0 1E0 1E0 1E0 9.99987E-1 1E0 1E0 1E0 1E0 1E0 1E0 1E0 1E0 1E0 9.1372E-1 4.12852E-1 8.96689E-2 1.16579E-2 2.71121E-2 6.98348E-2 1.36432E-1 3.35757E-1 2.95825E-1 5.78407E-1 8.80717E-1 8.56006E-1 9.24517E-1 6.20054E-1 5.43615E-1 4.87834E-1 6.07855E-1 6.69071E-1 6.59445E-1 6.18922E-1 7.6785E-1 6.95446E-1 7.27419E-1 6.36072E-1 5.85576E-1 4.08769E-1 5.94963E-1 2.55101E-1 6.56888E-2 2.44535E-1 2.82689E-1 8.14387E-2 4.36332E-2 1.73877E-2 5.19605E-3
1E0 1E0 1E0 1E0 1E0 1E0 1E0 1E0 1E0 1E0 1E0 1E0 1E0 1E0 1E0 1E0 1E0 1E0 1E0 1E0 1E0 1E0 1E0 9.99997E-1 1E0 1E0 1E0 1E0 1E0 1E0 1E0 1E0 1E0 9.98865E-1 7.09814E-1 1.58655E-1 3.29395E-2 2.97522E-2 7.25881E-2 1.0665E-1 2.92775E-1 8.58004E-1 9.11851E-1 9.05665E-1 9.96742E-1 6.54381E-1 3.90056E-1 3.02064E-1 3.21176E-1 6.23819E-1 6.49144E-1 4.05491E-1 3.42492E-1 2.86722E-1 3.29878E-1 3.93971E-1 3.4036E-1 6.37135E-1 6.56704E-1 3.68599E-1 1.98766E-1 1.63582E-1 2.16029E-1 2.42047E-1 1.79186E-1 6.92755E-2 2.14766E-2 1.06406E-2
