ENM/Final_Models/M_1_F_qp_Set_1_EC/Gustavia_santanderiensis_Choco_avg.asc
ncols         367
nrows         963
xllcorner     -78.6
yllcorner     0.65
cellsize      0.00833333333333323
NODATA_value  -9999
[rows 120 to 149 of 963, columns 268 to 334 of 367]
3.43787E-1 2.5688E-1 2.83276E-1 1.10527E-1 2.26184E-1 1.33191E-1 -9999 -9999 -9999 -9999 -9999 -9999 -9999 -9999 -9999 -9999 -9999 -9999 -9999 -9999 -9999 -9999 -9999 -9999 -9999 -9999 -9999 -9999 -9999 -9999 -9999 -9999 -9999 -9999 3.94165E-2 3.47422E-2 2.71532E-2 3.78006E-2 2.24585E-2 4.71802E-2 9.03098E-2 5.11781E-2 1.21367E-1 4.54283E-1 5.99677E-1 5.18687E-1 3.55926E-1 1.30263E-1 1.49511E-1 8.71617E-2 6.98763E-2 1.18023E-1 1.58614E-1 1.20552E-1 1.40138E-1 -9999 -9999 -9999 -9999 -9999 -9999 -9999 6.2867E-2 -9999 -9999 -9999 2.70291E-1
3.42997E-1 3.16054E-1 1.17389E-1 8.56105E-2 1.14952E-1 7.87067E-2 -9999 -9999 -9999 -9999 -9999 -9999 -9999 -9999 -9999 -9999 -9999 -9999 -9999 -9999 -9999 -9999 -9999 -9999 -9999 -9999 -9999 -9999 -9999 -9999 -9999 -9999 -9999 3.91899E-2 4.71092E-2 4.21942E-2 2.50496E-2 2.6216E-2 4.83006E-2 5.11383E-2 1.11181E-1 9.8394E-2 9.68823E-2 1.62767E-1 4.87599E-1 6.16318E-1 2.54252E-1 1.52305E-1 1.26379E-1 1.05941E-1 7.92451E-2 1.23963E-1 6.16643E-2 7.57625E-2 8.21674E-2 -9999 -9999 -9999 -9999 -9999 -9999 -9999 8.44665E-2 -9999 -9999 -9999 5.77141E-1
3.34002E-1 3.49543E-1 2.68054E-1 1.25769E-1 1.85555E-1 -9999 -9999 -9999 -9999 3.73135E-1 6.70608E-1 -9999 -9999 -9999 -9999 -9999 -9999 -9999 -9999 -9999 -9999 -9999 -9999 -9999 -9999 -9999 -9999 -9999 -9999 -9999 -9999 -9999 2.10966E-2 3.37355E-2 4.58323E-2 2.53294E-2 2.14663E-2 2.83702E-2 4.44358E-2 3.79696E-2 8.26351E-2 8.19028E-2 6.39162E-2 1.06097E-1 1.92629E-1 3.58472E-1 4.13987E-1 3.48729E-1 8.16616E-2 6.24272E-2 2.41594E-1 2.11627E-1 7.89092E-2 8.10152E-2 -9999 -9999 -9999 -9999 -9999 -9999 -9999 -9999 -9999 1.95095E-1 -9999 -9999 -9999
3.12625E-1 3.28616E-1 2.63638E-1 1.85146E-1 2.63298E-1 -9999 -9999 -9999 1.33082E-1 1.71797E-1 7.26757E-1 -9999 -9999 -9999 -9999 -9999 -9999 -9999 -9999 -9999 -9999 -9999 -9999 -9999 -9999 -9999 -9999 -9999 -9999 -9999 -9999 -9999 -9999 4.45537E-2 2.33786E-2 3.4616E-2 3.98726E-2 3.57584E-2 8.43505E-2 5.02436E-2 4.53559E-2 3.99023E-2 5.95624E-2 3.25244E-2 1.18981E-1 2.06879E-1 1.49949E-1 4.11898E-1 1.35819E-1 5.43638E-2 1.82338E-1 1.60469E-1 1.67514E-1 1.09617E-1 -9999 -9999 -9999 -9999 -9999 -9999 -9999 -9999 -9999 7.25473E-2 2.08531E-1 -9999 -9999
4.11703E-1 3.93463E-1 2.94398E-1 2.40714E-1 1.18857E-1 -9999 -9999 -9999 1.29925E-1 6.26821E-2 1.26951E-1 -9999 -9999 -9999 -9999 -9999 -9999 -9999 -9999 -9999 -9999 -9999 -9999 -9999 -9999 -9999 -9999 -9999 -9999 -9999 -9999 -9999 -9999 2.64776E-2 2.74061E-2 3.78537E-2 5.35879E-2 5.02887E-2 3.80732E-2 2.31145E-2 4.60165E-2 6.00444E-2 9.69643E-2 8.19672E-2 1.10001E-1 1.55182E-1 1.34288E-1 1.72706E-1 8.72619E-2 5.16423E-2 4.21729E-2 7.10272E-2 4.78077E-2 1.25787E-1 -9999 -9999 -9999 -9999 -9999 9.2546E-2 1.27228E-1 -9999 -9999 1.54731E-1 3.79486E-1 3.88385E-1 7.1962E-1
3.36604E-1 3.59874E-1 3.22667E-1 1.751E-1 1.26245E-1 -9999 -9999 -9999 1.12422E-1 8.40734E-2 3.60838E-2 -9999 -9999 -9999 -9999 -9999 -9999 2.21703E-2 3.01819E-2 -9999 -9999 -9999 -9999 -9999 -9999 -9999 -9999 -9999 -9999 -9999 -9999 -9999 -9999 1.84937E-2 4.74704E-2 4.05539E-2 4.73166E-2 3.70039E-2 2.66869E-2 5.44565E-2 5.4068E-2 4.78453E-2 4.83712E-2 7.96574E-2 1.09236E-1 1.4203E-1 1.04473E-1 3.07947E-1 3.80313E-1 4.57064E-1 5.40773E-1 5.29727E-1 5.42992E-1 5.12909E-1 -9999 -9999 -9999 -9999 -9999 7.88209E-2 1.10454E-1 7.03268E-2 -9999 -9999 2.61229E-1 4.29264E-1 6.22305E-1
3.67242E-1 2.19522E-1 2.58221E-1 4.79603E-1 3.17581E-1 -9999 -9999 3.72197E-2 8.79457E-2 9.57088E-2 1.2899E-1 -9999 -9999 -9999 -9999 -9999 -9999 1.03802E-1 3.93845E-2 -9999 -9999 -9999 -9999 -9999 -9999 -9999 -9999 -9999 -9999 -9999 -9999 -9999 -9999 2.39465E-2 8.65463E-2 5.97642E-2 4.35684E-2 2.14009E-2 2.56489E-2 1.92755E-2 5.37492E-2 7.27821E-2 1.26512E-1 1.29343E-1 1.24632E-1 1.46608E-1 1.76751E-1 3.41173E-1 6.27785E-1 3.45167E-1 1.69756E-1 2.96796E-1 5.75468E-1 3.38929E-1 -9999 -9999 -9999 -9999 -9999 1.32546E-1 1.6236E-1 6.70336E-2 -9999 -9999 2.57198E-2 3.68961E-2 2.68305E-1
3.26232E-1 2.05308E-1 2.13069E-1 2.98468E-1 3.48907E-1 -9999 -9999 7.60627E-2 6.86173E-2 4.17492E-2 1.03272E-1 -9999 -9999 -9999 -9999 -9999 -9999 2.0459E-1 1.86277E-1 -9999 -9999 -9999 -9999 -9999 -9999 -9999 -9999 -9999 -9999 -9999 -9999 -9999 -9999 -9999 3.46198E-2 6.39863E-2 1.10609E-1 6.41227E-2 3.33873E-2 1.72651E-2 1.78227E-2 4.95012E-2 1.06832E-1 1.03464E-1 1.32573E-1 3.36514E-1 4.25734E-1 5.92154E-1 7.14016E-1 4.41298E-1 3.49621E-1 3.28105E-1 2.43706E-1 -9999 -9999 -9999 1.67101E-1 1.25621E-1 -9999 1.44965E-1 1.35854E-2 4.06561E-2 4.23123E-2 3.60946E-2 4.64301E-2 6.21892E-2 7.14198E-2
4.28864E-1 3.81297E-1 3.01243E-1 1.98038E-1 2.69072E-1 1.76882E-1 4.97234E-2 3.7639E-2 4.19123E-2 4.28657E-2 4.21463E-2 -9999 -9999 -9999 -9999 -9999 -9999 3.70349E-1 1.84855E-1 9.89829E-2 -9999 -9999 -9999 -9999 -9999 -9999 -9999 -9999 -9999 -9999 -9999 -9999 -9999 -9999 2.70799E-2 3.79198E-2 7.8449E-2 1.3382E-1 3.55878E-2 3.33835E-2 3.89534E-2 5.95726E-2 1.12202E-1 1.33547E-1 1.93411E-1 3.09468E-1 4.02646E-1 3.65132E-1 7.8935E-1 4.00109E-1 3.07579E-1 1.785E-1 -9999 -9999 -9999 -9999 1.64589E-1 1.0407E-1 1.64574E-1 1.70044E-1 3.66876E-2 1.84216E-2 6.35797E-2 2.29498E-2 7.47811E-2 6.92899E-2 3.76018E-2
3.7661E-1 3.88085E-1 3.84027E-1 2.28647E-1 3.17107E-1 1.82286E-1 4.01749E-2 4.61168E-2 6.23528E-2 1.47623E-2 1.2035E-2 -9999 -9999 -9999 -9999 -9999 2.5167E-1 3.13524E-1 2.77719E-1 2.13785E-1 -9999 -9999 -9999 -9999 -9999 -9999 -9999 -9999 -9999 -9999 -9999 -9999 -9999 -9999 2.47662E-2 3.49026E-2 5.81153E-2 1.7186E-1 8.85068E-2 3.19754E-2 3.47188E-2 6.21115E-2 1.0488E-1 1.25055E-1 2.55397E-1 4.51466E-1 5.75598E-1 4.43351E-1 5.04566E-1 4.21861E-1 1.52842E-1 5.71365E-2 -9999 -9999 -9999 1.07493E-1 1.63744E-1 2.09993E-1 2.53628E-1 1.23986E-1 2.65823E-1 3.49166E-2 2.55675E-2 2.85847E-2 9.19233E-2 1.32429E-1 4.49248E-2
2.03885E-1 1.99411E-1 2.91199E-1 2.55147E-1 2.47033E-1 1.09256E-1 1.18811E-1 6.94604E-2 4.76215E-2 4.1171E-2 4.1132E-2 -9999 -9999 -9999 -9999 -9999 1.46153E-1 5.91849E-1 5.5788E-1 4.02655E-1 2.0983E-1 1.10572E-1 -9999 -9999 -9999 -9999 -9999 -9999 -9999 -9999 -9999 -9999 -9999 -9999 -9999 4.14022E-2 1.51783E-1 1.72101E-1 7.38279E-2 6.99178E-2 9.07639E-2 1.11765E-1 1.45071E-1 9.73233E-2 2.40546E-1 5.81827E-1 6.37307E-1 7.20563E-1 7.25234E-1 2.48963E-1 3.39781E-1 2.15843E-1 -9999 -9999 2.08735E-1 1.33253E-1 1.92094E-1 3.80539E-1 6.52801E-1 5.17309E-1 1.83278E-1 9.37749E-2 3.73252E-2 1.4401E-2 1.03516E-2 2.50915E-2 1.2519E-2
2.07275E-1 2.42417E-1 2.92323E-1 4.38609E-1 3.48856E-1 1.34221E-1 3.09949E-1 2.06815E-1 1.73945E-1 1.24372E-1 1.37713E-1 -9999 -9999 -9999 -9999 -9999 1.39109E-1 1.26387E-1 7.92161E-1 8.49517E-1 6.07814E-1 2.15694E-1 2.85692E-1 -9999 -9999 -9999 -9999 -9999 -9999 -9999 -9999 -9999 -9999 -9999 -9999 8.09516E-2 1.16833E-1 1.49517E-1 1.35505E-1 9.7081E-2 9.07672E-2 9.99287E-2 8.37675E-2 2.1965E-1 4.61864E-1 6.14104E-1 8.22214E-1 7.92589E-1 5.37271E-1 3.17985E-1 6.30628E-1 -9999 -9999 -9999 2.00961E-1 1.82815E-1 2.75503E-1 9.04436E-1 5.66325E-1 3.575E-1 3.72337E-1 1.06445E-1 1.06832E-1 5.53258E-3 3.27927E-2 3.58799E-2 2.42485E-2
2.5109E-1 2.55876E-1 3.34655E-1 3.14739E-1 3.92393E-1 2.42458E-1 3.74778E-1 1.95671E-1 2.45956E-1 2.65051E-1 2.13721E-1 -9999 -9999 -9999 -9999 -9999 1.49999E-1 2.48572E-1 1.50005E-1 5.94752E-1 8.15433E-1 4.96567E-1 4.30727E-1 -9999 -9999 -9999 -9999 -9999 -9999 -9999 -9999 -9999 -9999 -9999 -9999 3.07683E-2 7.36517E-2 8.69495E-2 1.4738E-1 6.21325E-2 1.44202E-1 1.45142E-1 2.46028E-1 2.48387E-1 5.40887E-1 8.15236E-1 7.27523E-1 6.73752E-1 6.36106E-1 2.74502E-1 3.6077E-1 -9999 -9999 -9999 1.79475E-1 2.81178E-1 7.07855E-1 7.92991E-1 6.72502E-1 5.30302E-1 3.89297E-1 1.22812E-1 5.15321E-3 4.49823E-2 9.05695E-3 4.64517E-2 2.63969E-2
3.28488E-1 2.7469E-1 3.05831E-1 3.645E-1 2.81195E-1 2.6665E-1 3.34405E-1 3.32812E-1 4.4548E-1 2.80811E-1 3.06002E-1 -9999 -9999 -9999 -9999 -9999 5.84493E-2 5.3419E-2 1.486E-1 2.46896E-1 4.65855E-1 4.95796E-1 4.59342E-1 -9999 -9999 -9999 -9999 -9999 -9999 -9999 -9999 -9999 -9999 -9999 -9999 6.44146E-2 8.42923E-2 6.26953E-2 9.29247E-2 8.34685E-2 2.16895E-1 2.48101E-1 4.53788E-1 3.71092E-1 4.221E-1 8.25267E-1 7.08783E-1 5.57519E-1 6.65485E-1 3.32517E-1 -9999 -9999 -9999 5.46021E-1 3.20421E-1 5.29321E-1 4.02614E-1 5.28465E-1 6.34978E-1 6.03204E-1 4.73248E-1 3.31893E-2 4.33815E-3 6.30819E-2 2.91279E-2 3.10963E-2 1.97815E-2
-9999 2.71033E-1 3.48729E-1 3.96652E-1 3.99963E-1 2.95442E-1 3.58375E-1 1.89049E-1 5.17229E-1 4.65111E-1 3.39977E-1 -9999 -9999 -9999 -9999 -9999 5.4644E-2 5.42485E-2 9.70728E-2 2.16305E-1 2.15629E-1 3.32636E-1 2.54506E-1 -9999 -9999 -9999 -9999 -9999 -9999 9.10586E-2 -9999 -9999 -9999 -9999 -9999 -9999 6.03485E-2 1.55218E-2 6.44198E-2 1.00513E-1 2.21215E-1 3.56044E-1 4.74381E-1 4.14004E-1 3.83848E-1 8.25249E-1 6.3157E-1 4.74101E-1 4.20831E-1 6.7222E-1 -9999 -9999 -9999 3.92828E-1 3.93385E-1 5.05498E-1 4.95566E-1 4.62852E-1 4.65542E-1 5.29178E-1 2.8476E-1 7.79868E-3 3.91978E-3 5.56228E-2 1.01999E-2 5.35912E-2 5.5426E-2
-9999 -9999 4.02773E-1 4.29032E-1 3.86166E-1 2.46298E-1 2.3937E-1 2.02016E-1 3.08212E-1 4.11658E-1 3.47693E-1 -9999 -9999 -9999 -9999 -9999 4.99631E-2 4.14985E-2 7.05905E-2 2.05915E-1 3.16951E-1 3.91164E-1 4.74174E-1 -9999 -9999 -9999 -9999 -9999 -9999 7.07218E-2 8.57247E-2 -9999 -9999 -9999 8.31091E-2 -9999 8.41243E-2 3.18201E-2 9.38096E-2 1.26103E-1 3.17076E-1 3.19002E-1 3.48899E-1 5.70067E-1 3.67349E-1 5.53124E-1 5.23865E-1 4.04321E-1 5.91622E-1 8.80298E-1 -9999 -9999 8.48329E-1 7.96477E-1 6.42106E-1 4.81767E-1 4.62239E-1 6.67499E-1 5.92727E-1 4.7488E-1 1.36062E-1 6.11018E-4 2.00015E-2 6.11242E-2 2.96095E-3 3.79738E-2 3.86713E-2
-9999 -9999 4.43771E-1 4.62534E-1 4.42387E-1 2.48959E-1 3.17558E-1 4.40755E-1 3.7423E-1 6.63597E-1 5.55127E-1 -9999 -9999 -9999 -9999 -9999 3.57193E-2 6.3304E-2 5.49381E-2 1.67994E-1 4.03319E-1 6.3783E-1 6.04518E-1 -9999 -9999 -9999 -9999 -9999 -9999 1.83179E-1 1.30497E-1 -9999 -9999 -9999 1.36049E-1 1.62795E-1 1.79423E-1 2.47621E-1 2.72534E-1 4.85966E-1 4.18427E-1 3.726E-1 4.97362E-1 5.44911E-1 7.67754E-1 4.79338E-1 5.20605E-1 6.83575E-1 8.79757E-1 8.00394E-1 8.65614E-1 7.29562E-1 6.68401E-1 7.45055E-1 5.04159E-1 1.22455E-1 3.02085E-1 2.26212E-1 3.77576E-1 3.98629E-1 2.61416E-1 4.57939E-2 5.49037E-4 1.08251E-2 9.4288E-3 3.18002E-2 4.57335E-2
-9999 -9999 -9999 3.37732E-1 3.42723E-1 4.15624E-1 2.02199E-1 2.2196E-1 2.71043E-1 5.14743E-1 2.87571E-1 2.22095E-1 -9999 -9999 -9999 1.51594E-1 1.30273E-1 1.19777E-1 9.00521E-2 1.962E-1 3.56402E-1 7.60093E-1 4.76993E-1 5.14131E-1 -9999 -9999 -9999 -9999 -9999 1.50351E-1 1.86128E-1 1.77998E-1 -9999 -9999 1.48355E-1 2.2388E-1 3.45768E-1 2.33406E-1 2.92062E-1 3.88711E-1 4.40947E-1 4.98423E-1 3.97634E-1 3.72809E-1 5.67165E-1 4.34153E-1 4.60535E-1 5.07726E-1 8.25754E-1 9.06953E-1 8.14573E-1 7.59649E-1 7.87489E-1 8.19468E-1 7.07652E-1 2.91248E-1 1.08601E-1 2.60628E-1 2.74453E-1 1.46272E-1 8.67862E-2 1.38694E-1 8.57028E-3 9.64267E-3 3.39417E-3 1.42601E-2 4.31613E-2
-9999 -9999 -9999 2.91179E-1 3.63982E-1 2.71543E-1 3.54278E-1 2.32992E-1 4.2531E-1 4.06279E-1 3.80109E-1 2.30696E-1 -9999 -9999 -9999 1.39057E-1 6.52469E-2 4.20157E-2 7.07782E-2 1.60482E-1 4.31021E-1 6.43229E-1 5.05688E-1 3.83863E-1 -9999 -9999 -9999 -9999 -9999 3.37332E-1 2.7566E-1 1.67181E-1 -9999 -9999 2.18182E-1 2.88822E-1 2.64653E-1 3.30559E-1 3.65121E-1 2.29808E-1 2.54177E-1 4.27707E-1 4.23473E-1 5.25415E-1 6.28483E-1 6.21288E-1 8.24081E-1 4.38428E-1 9.05569E-1 8.85643E-1 6.32673E-1 6.88026E-1 7.19625E-1 4.8311E-1 6.0795E-1 5.26712E-1 3.26772E-1 2.27716E-1 2.54032E-1 3.49635E-1 3.09442E-1 1.84942E-1 5.96754E-4 5.25456E-3 2.80163E-3 3.29186E-2 3.32107E-2
-9999 -9999 -9999 -9999 4.11833E-1 4.08591E-1 2.84742E-1 2.39773E-1 3.48108E-1 4.8254E-1 4.80079E-1 3.75386E-1 2.80142E-1 -9999 -9999 1.05761E-1 7.65784E-2 1.72405E-1 6.52622E-2 1.63629E-1 3.22048E-1 4.98164E-1 7.11192E-1 5.39496E-1 -9999 -9999 -9999 -9999 -9999 -9999 2.52448E-1 2.76673E-1 2.12056E-1 9.46431E-2 1.49726E-1 2.10755E-1 1.99633E-1 2.1827E-1 4.06203E-1 5.3501E-1 2.14726E-1 1.9293E-1 2.43481E-1 2.89246E-1 4.51348E-1 4.60684E-1 5.41718E-1 7.83983E-1 9.16673E-1 7.20016E-1 5.67788E-1 7.18046E-1 5.35414E-1 7.57549E-1 6.91295E-1 6.83237E-1 3.83383E-1 1.9809E-1 1.48149E-1 1.95752E-1 1.74055E-1 7.05576E-2 3.00686E-4 1.95098E-2 7.43902E-3 2.96911E-2 1.9068E-1
5.09373E-1 -9999 -9999 -9999 -9999 3.92011E-1 3.38831E-1 3.30456E-1 5.00335E-1 3.50534E-1 4.27584E-1 3.37283E-1 4.17979E-1 -9999 -9999 1.9426E-1 2.02052E-1 4.11195E-1 1.66501E-1 1.09262E-1 2.45211E-1 2.8663E-1 5.97437E-1 5.94271E-1 4.16153E-1 -9999 -9999 -9999 -9999 -9999 3.06672E-1 1.60316E-1 3.59795E-1 2.73607E-1 2.09989E-1 2.15238E-1 1.19796E-1 2.17828E-1 2.04054E-1 5.33216E-1 2.64249E-1 2.38685E-1 1.82179E-1 2.55919E-1 4.23525E-1 4.84984E-1 4.82911E-1 7.20372E-1 8.08597E-1 8.02818E-1 5.02749E-1 4.37464E-1 6.87927E-1 4.99643E-1 5.75034E-1 6.55025E-1 3.51443E-1 2.02862E-1 1.19626E-1 3.69415E-2 2.87035E-3 4.12145E-3 2.01255E-3 3.49729E-3 2.2383E-2 1.54356E-2 8.30106E-2
5.00895E-1 6.92601E-1 -9999 -9999 -9999 4.6109E-1 3.68141E-1 4.11613E-1 3.96517E-1 3.6753E-1 5.23921E-1 2.178E-1 3.87218E-1 4.11085E-1 3.91142E-1 3.70972E-1 5.39801E-1 5.29272E-1 1.85914E-1 1.15081E-1 2.42594E-1 2.98459E-1 3.86887E-1 4.1697E-1 5.42788E-1 -9999 -9999 -9999 -9999 -9999 2.66449E-1 1.74461E-1 1.89999E-1 2.11514E-1 2.02696E-1 1.5985E-1 1.72601E-1 1.6199E-1 1.62145E-1 5.07209E-1 4.43519E-1 1.77027E-1 2.13387E-1 2.48563E-1 2.87167E-1 4.57895E-1 4.89331E-1 5.88509E-1 5.97699E-1 6.43509E-1 5.05677E-1 5.01137E-1 7.28446E-1 3.94858E-1 5.60465E-1 2.92409E-1 3.7916E-1 1.73807E-1 1.28691E-1 1.68878E-2 6.77551E-4 8.52816E-4 4.00691E-3 1.73608E-2 2.57062E-2 1.48271E-2 9.44468E-2
4.20077E-1 5.03779E-1 4.81065E-1 -9999 -9999 4.73302E-1 4.22048E-1 2.916E-1 4.20302E-1 3.35468E-1 3.84504E-1 2.94549E-1 3.59827E-1 4.67392E-1 6.01349E-1 4.72407E-1 2.74281E-1 5.60365E-1 1.78687E-1 1.22183E-1 1.43754E-1 1.94954E-1 1.93397E-1 2.54439E-1 -9999 -9999 -9999 -9999 -9999 -9999 1.45504E-1 1.2131E-1 1.578E-1 3.22929E-1 2.46701E-1 2.79166E-1 3.5437E-1 3.33919E-1 3.37081E-1 4.90534E-1 5.34724E-1 5.42054E-1 2.7429E-1 2.3456E-1 2.60971E-1 3.17579E-1 4.69644E-1 5.03155E-1 4.91651E-1 4.04144E-1 4.36174E-1 3.95775E-1 6.05954E-1 4.23817E-1 6.03928E-1 4.84921E-1 4.08269E-1 1.97804E-1 1.35563E-1 9.14247E-2 3.82178E-4 4.4204E-3 8.68577E-3 2.63404E-2 2.20359E-2 1.74682E-2 2.96679E-2
3.98479E-1 2.82655E-1 2.87863E-1 -9999 -9999 3.53941E-1 3.72322E-1 4.50636E-1 3.58371E-1 3.48767E-1 4.44386E-1 3.90172E-1 1.82873E-1 2.414E-1 3.55404E-1 2.69558E-1 2.51186E-1 3.69302E-1 2.38093E-1 2.33641E-1 6.93331E-2 1.08002E-1 1.15627E-1 3.94696E-1 -9999 -9999 -9999 3.9005E-1 -9999 -9999 1.15414E-1 7.84546E-2 7.5268E-2 3.03889E-1 4.3825E-1 6.07523E-1 5.79799E-1 3.38721E-1 3.59351E-1 6.17899E-1 5.1711E-1 6.26912E-1 6.11567E-1 5.75196E-1 2.81384E-1 3.03952E-1 3.13893E-1 4.40938E-1 5.93498E-1 5.43163E-1 4.19432E-1 3.24151E-1 2.28177E-1 3.60374E-1 5.2031E-1 4.62168E-1 2.08817E-1 1.2119E-1 8.49532E-2 6.10246E-2 1.13457E-2 3.86323E-2 8.58754E-2 1.65395E-1 6.62607E-2 8.35233E-2 2.57427E-1
4.59619E-1 3.56737E-1 3.56022E-1 2.1471E-1 2.65913E-1 2.80936E-1 4.22186E-1 4.00333E-1 3.66672E-1 3.59597E-1 3.23331E-1 3.01555E-1 1.74726E-1 2.85503E-1 3.21958E-1 4.07392E-1 4.70073E-1 3.96166E-1 3.04655E-1 1.98869E-1 9.85693E-2 6.66301E-2 1.5821E-1 1.94925E-1 1.8092E-1 -9999 3.25166E-1 3.27114E-1 -9999 -9999 2.83107E-1 1.48533E-1 8.50817E-2 9.064E-2 2.17094E-1 4.34583E-1 4.13995E-1 4.16713E-1 3.38157E-1 6.26415E-1 4.67532E-1 6.13578E-1 7.19732E-1 8.75175E-1 4.83315E-1 4.75037E-1 5.16976E-1 6.91441E-1 6.81723E-1 6.21005E-1 8.1579E-1 4.6874E-1 2.15356E-1 3.00992E-1 2.02246E-1 2.3046E-1 2.29279E-1 1.57612E-1 2.38879E-1 1.81842E-1 1.09519E-2 8.02061E-2 1.04935E-1 1.58114E-1 2.16217E-1 2.5733E-1 2.23406E-1
5.07514E-1 5.5673E-1 3.09163E-1 2.26793E-1 3.6864E-1 3.53677E-1 3.11022E-1 3.17774E-1 3.00977E-1 3.96796E-1 3.29885E-1 3.1752E-1 4.01816E-1 4.93302E-1 4.82786E-1 6.1611E-1 5.12925E-1 3.01737E-1 2.69708E-1 3.79749E-1 2.62386E-1 4.18539E-2 3.31505E-2 7.18628E-2 9.47087E-2 -9999 2.01538E-1 2.83359E-1 4.82406E-1 3.03953E-1 5.83051E-1 2.72095E-1 2.35092E-1 2.12417E-1 2.69628E-1 3.642E-1 4.46622E-1 5.72943E-1 5.0766E-1 5.10263E-1 2.80266E-1 4.0763E-1 7.77781E-1 9.0491E-1 3.99727E-1 2.26244E-1 3.57675E-1 3.97107E-1 5.60547E-1 6.39067E-1 7.46401E-1 5.07526E-1 2.2748E-1 5.00636E-1 4.60058E-1 2.85581E-1 2.45852E-1 2.64947E-1 1.35402E-1 1.27498E-1 1.27686E-1 1.91687E-1 2.2869E-1 1.11427E-1 1.19115E-1 1.44654E-1 2.7719E-2
3.54846E-1 3.1213E-1 4.19732E-1 2.16736E-1 2.64309E-1 3.67186E-1 2.27937E-1 3.36611E-1 4.4032E-1 3.73922E-1 2.26293E-1 2.97065E-1 5.30832E-1 4.60838E-1 4.32822E-1 5.88237E-1 3.73606E-1 3.06632E-1 5.12364E-1 3.702E-1 3.46614E-1 1.32147E-1 3.71346E-2 3.50678E-2 3.59667E-2 3.54383E-2 1.14294E-1 2.34778E-1 4.57796E-1 4.34651E-1 4.14059E-1 5.60889E-1 1.62375E-1 1.89539E-1 2.46012E-1 4.57961E-1 4.65237E-1 5.53517E-1 4.80221E-1 5.00614E-1 5.13204E-1 6.23796E-1 8.18407E-1 5.85901E-1 2.60185E-1 2.27195E-1 3.77288E-1 4.96994E-1 5.17216E-1 5.76264E-1 7.03593E-1 5.15968E-1 4.80524E-1 2.9358E-1 1.96287E-1 1.73896E-1 2.04616E-1 2.19151E-1 1.94375E-1 6.37744E-2 1.08549E-1 1.58854E-1 2.16707E-1 2.48146E-2 2.46732E-2 1.01364E-1 4.09689E-2
2.84877E-1 2.31102E-1 3.16037E-1 3.20511E-1 2.06321E-1 1.95671E-1 3.38258E-1 3.50196E-1 2.7395E-1 3.35257E-1 2.53503E-1 1.92943E-1 3.96235E-1 4.16427E-1 4.17502E-1 5.47779E-1 4.90248E-1 3.66347E-1 3.67072E-1 3.17934E-1 2.04745E-1 2.00681E-1 1.07121E-1 3.40626E-2 1.74862E-2 4.03496E-2 4.30578E-2 9.59475E-2 3.96736E-1 5.87299E-1 2.64315E-1 4.08468E-1 1.71152E-1 2.93622E-1 1.54633E-1 3.19903E-1 6.19411E-1 4.45008E-1 5.60775E-1 5.23416E-1 7.03372E-1 6.56299E-1 8.84428E-1 2.88787E-1 2.23039E-1 2.78248E-1 3.46575E-1 3.78518E-1 3.33372E-1 5.13021E-1 6.35941E-1 2.79465E-1 2.74411E-1 1.97935E-1 1.60844E-1 8.22195E-2 6.66162E-2 1.88942E-1 1.62955E-1 9.47691E-2 4.34774E-2 6.95051E-2 1.6455E-1 2.06591E-1 4.70061E-2 8.97792E-2 6.77427E-2
3.64835E-1 2.35073E-1 3.19739E-1 3.64094E-1 2.77593E-1 2.25677E-1 2.37217E-1 2.84447E-1 3.10145E-1 3.78925E-1 3.25726E-1 1.59599E-1 1.78376E-1 2.67136E-1 3.06671E-1 6.51881E-1 5.95447E-1 4.3862E-1 3.09996E-1 2.2191E-1 2.13159E-1 2.72748E-1 2.70304E-1 8.69775E-2 4.00147E-2 3.63142E-2 1.73992E-2 2.41739E-2 1.96244E-1 4.89086E-1 2.9624E-1 4.05928E-1 4.06101E-1 3.00554E-1 1.5192E-1 3.22001E-1 5.40791E-1 5.52278E-1 4.33728E-1 3.65432E-1 5.43108E-1 5.80015E-1 8.34749E-1 3.32364E-1 2.53857E-1 2.01892E-1 2.05996E-1 1.86331E-1 1.63604E-1 3.8417E-1 5.81288E-1 2.40104E-1 3.50231E-1 1.8233E-1 1.28669E-1 7.08854E-2 2.25102E-2 5.02692E-2 3.69682E-2 9.09315E-2 1.49436E-1 1.04655E-1 2.07975E-1 1.03943E-1 1.11152E-2 2.6168E-2 3.82574E-2
2.60006E-1 3.22813E-1 3.13162E-1 3.66625E-1 3.90837E-1 2.65847E-1 2.95465E-1 3.76157E-1 2.64689E-1 3.1283E-1 2.89616E-1 2.41065E-1 1.28378E-1 2.2633E-1 3.59698E-1 5.45653E-1 5.11702E-1 4.00109E-1 3.59259E-1 1.9042E-1 2.06392E-1 3.88661E-1 4.06989E-1 3.91798E-1 1.33284E-1 5.02925E-2 9.96553E-3 2.6322E-2 6.19771E-2 4.38129E-1 3.88266E-1 1.94874E-1 2.25504E-1 3.48507E-1 1.68411E-1 3.70528E-1 4.67871E-1 4.41162E-1 3.11788E-1 3.46367E-1 7.55461E-1 8.33639E-1 6.19593E-1 5.61341E-1 4.34711E-1 3.02082E-1 2.30053E-1 2.07887E-1 3.82049E-1 1.66378E-1 2.90844E-1 2.7917E-1 2.07223E-1 3.47323E-1 7.76548E-2 4.48048E-2 3.63238E-3 1.06272E-3 5.61604E-2 2.26152E-2 2.37996E-2 2.67466E-2 9.36418E-2 1.29722E-2 2.17261E-2 3.06782E-2 1.08125E-2
