ENM/Final_Models/M_1_F_qp_Set_1_EC/Gustavia_santanderiensis_3_Choco.asc
ncols         367
nrows         963
xllcorner     -78.6
yllcorner     0.65
cellsize      0.00833333333333323
NODATA_value  -9999
[rows 780 to 809 of 963, columns 0 to 68 of 367]
-9999 9.15478E-1 8.53027E-1 8.51564E-1 8.32143E-1 8.6086E-1 8.6305E-1 8.46272E-1 8.87202E-1 9.40282E-1 9.5405E-1 8.99747E-1 9.4594E-1 9.77684E-1 9.9086E-1 9.84861E-1 9.69762E-1 9.66639E-1 9.7861E-1 9.91187E-1 9.90616E-1 9.95938E-1 9.97608E-1 9.96877E-1 9.98737E-1 9.9957E-1 9.99834E-1 9.9985E-1 9.99808E-1 9.99762E-1 9.99958E-1 9.99573E-1 9.99755E-1 9.97843E-1 9.99014E-1 9.99666E-1 9.99392E-1 9.99158E-1 9.99001E-1 9.99984E-1 9.99953E-1 9.99946E-1 9.99798E-1 9.99967E-1 9.99989E-1 9.99999E-1 9.99996E-1 9.99996E-1 9.99999E-1 9.99997E-1 9.99999E-1 9.99999E-1 9.99999E-1 1E0 1E0 9.99999E-1 9.99999E-1 9.99999E-1 9.99999E-1 1E0 9.99999E-1 9.99996E-1 9.99999E-1 1E0 9.99998E-1 9.99998E-1 9.99999E-1 9.99996E-1 9.99996E-1
-9999 9.40616E-1 9.56182E-1 8.7163E-1 8.24609E-1 8.48227E-1 6.65664E-1 8.64888E-1 9.43428E-1 9.27988E-1 8.6247E-1 8.36165E-1 9.60948E-1 9.3637E-1 9.55292E-1 9.4224E-1 8.98721E-1 9.72163E-1 9.67813E-1 9.79035E-1 9.89953E-1 9.93471E-1 9.98923E-1 9.98702E-1 9.9953E-1 9.99592E-1 9.99708E-1 9.99339E-1 9.9979E-1 9.9976E-1 9.9982E-1 9.9907E-1 9.9885E-1 9.99822E-1 9.99776E-1 9.99884E-1 9.9984E-1 9.98022E-1 9.9773E-1 9.99233E-1 9.99518E-1 9.99935E-1 9.99925E-1 9.99939E-1 9.99989E-1 9.99999E-1 9.99998E-1 9.99985E-1 9.99993E-1 9.99985E-1 9.99996E-1 9.99999E-1 9.99996E-1 9.99999E-1 1E0 1E0 1E0 1E0 1E0 1E0 1E0 1E0 9.99996E-1 9.99996E-1 9.99979E-1 9.99996E-1 9.99996E-1 9.99999E-1 9.99999E-1
-9999 8.9745E-1 8.60925E-1 7.93059E-1 6.32042E-1 7.51261E-1 7.62697E-1 8.05242E-1 8.28615E-1 8.81945E-1 9.11089E-1 8.25762E-1 9.44965E-1 9.39074E-1 9.21914E-1 9.2834E-1 8.96793E-1 9.66671E-1 9.88413E-1 9.96763E-1 9.97044E-1 9.97699E-1 9.97914E-1 9.99349E-1 9.99765E-1 9.99052E-1 9.99695E-1 9.99916E-1 9.99897E-1 9.99863E-1 9.9983E-1 9.99814E-1 9.99534E-1 9.99878E-1 9.99685E-1 9.99631E-1 9.98047E-1 9.98845E-1 9.9965E-1 9.98533E-1 9.98945E-1 9.99774E-1 9.99902E-1 9.99975E-1 9.99959E-1 9.9999E-1 9.99965E-1 9.99953E-1 9.99998E-1 9.99997E-1 9.99997E-1 9.99999E-1 9.99985E-1 9.99967E-1 9.99998E-1 1E0 9.99997E-1 9.99998E-1 9.99994E-1 9.99999E-1 1E0 1E0 1E0 9.9999E-1 9.99994E-1 9.99997E-1 9.99998E-1 9.99999E-1 9.99997E-1
-9999 7.50992E-1 7.63492E-1 8.45098E-1 8.71287E-1 7.60597E-1 8.65711E-1 7.27717E-1 9.38837E-1 9.28282E-1 9.16505E-1 8.96312E-1 9.68485E-1 9.65146E-1 9.66364E-1 9.75109E-1 9.65772E-1 9.80259E-1 9.82897E-1 9.98955E-1 9.9884E-1 9.98011E-1 9.94371E-1 9.96009E-1 9.97882E-1 9.98398E-1 9.98562E-1 9.99593E-1 9.9985E-1 9.99407E-1 9.9982E-1 9.99718E-1 9.99597E-1 9.99835E-1 9.99765E-1 9.99733E-1 9.99099E-1 9.99654E-1 9.98816E-1 9.99774E-1 9.9981E-1 9.99919E-1 9.99901E-1 9.99978E-1 9.99949E-1 9.99993E-1 9.99996E-1 9.99994E-1 9.99992E-1 9.99991E-1 9.99994E-1 9.99991E-1 9.99993E-1 9.99987E-1 9.9999E-1 9.99999E-1 9.99998E-1 9.99996E-1 1E0 9.99999E-1 9.99999E-1 9.99992E-1 9.99993E-1 9.99997E-1 9.99996E-1 9.99998E-1 9.99999E-1 9.99998E-1 9.99998E-1
-9999 9.80438E-1 9.73546E-1 9.25564E-1 9.68145E-1 7.7261E-1 7.60842E-1 8.36253E-1 8.85492E-1 8.35817E-1 8.58942E-1 9.03152E-1 9.80937E-1 9.7812E-1 9.79902E-1 9.6222E-1 9.8766E-1 9.71561E-1 9.96739E-1 9.9563E-1 9.9817E-1 9.96606E-1 9.96133E-1 9.93571E-1 9.97507E-1 9.9872E-1 9.98492E-1 9.95753E-1 9.98195E-1 9.9801E-1 9.99027E-1 9.99683E-1 9.99844E-1 9.99853E-1 9.99835E-1 9.99977E-1 9.99881E-1 9.9946E-1 9.98853E-1 9.99767E-1 9.99632E-1 9.99921E-1 9.99924E-1 9.99913E-1 9.99937E-1 9.99997E-1 9.99999E-1 9.99992E-1 9.99995E-1 9.99996E-1 9.99997E-1 9.99997E-1 9.99997E-1 9.99997E-1 9.99995E-1 9.99988E-1 9.99999E-1 9.99992E-1 9.99992E-1 9.99998E-1 9.99997E-1 9.99998E-1 9.99999E-1 9.99998E-1 9.99993E-1 9.99976E-1 9.99997E-1 9.99998E-1 9.99999E-1
-9999 9.71978E-1 9.5625E-1 9.39761E-1 9.39266E-1 9.05635E-1 8.5124E-1 8.56729E-1 8.55303E-1 9.14914E-1 8.78806E-1 9.50427E-1 9.61942E-1 9.47002E-1 9.45229E-1 9.70532E-1 9.8797E-1 9.6264E-1 9.98193E-1 9.98342E-1 9.96563E-1 9.97641E-1 9.9659E-1 9.92691E-1 9.86496E-1 9.94182E-1 9.91457E-1 9.922E-1 9.94584E-1 9.95595E-1 9.87556E-1 9.98387E-1 9.94806E-1 9.9967E-1 9.99112E-1 9.99786E-1 9.99915E-1 9.99839E-1 9.99864E-1 9.996E-1 9.99515E-1 9.99679E-1 9.99899E-1 9.99897E-1 9.99977E-1 9.99993E-1 9.99999E-1 9.99997E-1 9.99997E-1 9.99999E-1 9.99997E-1 9.99999E-1 9.99996E-1 9.99998E-1 9.99995E-1 9.9997E-1 9.99996E-1 9.99982E-1 9.99976E-1 9.99993E-1 9.99998E-1 9.99995E-1 9.99996E-1 9.99981E-1 9.99986E-1 9.99996E-1 9.99925E-1 1E0 9.99998E-1
-9999 9.398E-1 9.22191E-1 9.00556E-1 8.96773E-1 9.19056E-1 8.4751E-1 8.47357E-1 8.81167E-1 9.45667E-1 9.33647E-1 9.09603E-1 9.00593E-1 9.57362E-1 9.22622E-1 9.5084E-1 9.79604E-1 9.79588E-1 9.84733E-1 9.97752E-1 9.97836E-1 9.97058E-1 9.90402E-1 9.8018E-1 9.78313E-1 9.91858E-1 9.96791E-1 9.92512E-1 9.91497E-1 9.94676E-1 9.98113E-1 9.98876E-1 9.9867E-1 9.99254E-1 9.99931E-1 9.99912E-1 9.99918E-1 9.99923E-1 9.99919E-1 9.99875E-1 9.99804E-1 9.99826E-1 9.99929E-1 9.99781E-1 9.99849E-1 9.99989E-1 9.99994E-1 9.99991E-1 1E0 1E0 1E0 9.99999E-1 9.99998E-1 9.99995E-1 9.99968E-1 1E0 9.99985E-1 9.99991E-1 9.99996E-1 9.9999E-1 9.99999E-1 9.99994E-1 9.99976E-1 9.99995E-1 9.99994E-1 9.99999E-1 9.99998E-1 9.99973E-1 9.99998E-1
8.99598E-1 8.30121E-1 8.38979E-1 7.97949E-1 8.78877E-1 8.90543E-1 8.42184E-1 9.06436E-1 9.4857E-1 9.29003E-1 9.54613E-1 9.73235E-1 9.83108E-1 9.938E-1 9.97664E-1 9.94323E-1 9.84534E-1 9.56182E-1 9.60198E-1 9.87981E-1 9.95604E-1 9.97621E-1 9.94007E-1 9.88988E-1 9.85865E-1 9.8421E-1 9.82311E-1 9.89513E-1 9.92164E-1 9.94568E-1 9.98495E-1 9.99896E-1 9.96913E-1 9.98028E-1 9.99362E-1 9.99602E-1 9.99926E-1 9.99872E-1 9.99956E-1 9.99929E-1 9.99916E-1 9.99856E-1 9.99875E-1 9.99902E-1 9.99964E-1 9.99983E-1 9.99993E-1 9.99993E-1 9.99999E-1 9.99999E-1 9.99998E-1 9.99998E-1 1E0 1E0 1E0 1E0 9.99997E-1 9.99992E-1 9.99999E-1 9.99998E-1 9.99999E-1 9.99999E-1 9.99995E-1 9.99999E-1 9.99983E-1 9.99993E-1 9.99985E-1 9.99997E-1 9.99997E-1
8.73705E-1 8.63009E-1 8.84982E-1 8.40843E-1 9.39383E-1 9.61853E-1 9.41445E-1 8.6758E-1 8.89457E-1 8.87384E-1 9.1178E-1 9.39316E-1 9.74996E-1 9.95937E-1 9.97211E-1 9.97382E-1 9.89454E-1 9.66812E-1 9.62326E-1 9.84209E-1 9.84113E-1 9.80774E-1 9.78179E-1 9.96703E-1 9.92955E-1 9.88087E-1 9.91996E-1 9.93499E-1 9.96783E-1 9.95496E-1 9.96917E-1 9.99726E-1 9.99751E-1 9.99759E-1 9.98352E-1 9.99145E-1 9.99923E-1 9.99931E-1 9.99873E-1 9.99987E-1 9.99975E-1 9.99989E-1 9.99953E-1 9.99963E-1 9.99986E-1 9.99994E-1 9.99995E-1 9.99995E-1 9.99998E-1 9.99992E-1 9.99979E-1 9.99638E-1 9.99914E-1 9.99994E-1 9.99998E-1 9.99997E-1 9.99999E-1 9.99998E-1 9.99988E-1 9.99988E-1 9.99999E-1 1E0 9.99998E-1 1E0 9.99999E-1 9.99998E-1 9.99999E-1 9.99998E-1 9.99955E-1
8.74531E-1 8.66996E-1 8.95558E-1 8.96845E-1 8.83821E-1 9.02073E-1 8.87536E-1 8.91452E-1 8.86937E-1 8.80713E-1 9.48486E-1 9.59392E-1 9.86797E-1 9.9261E-1 9.84378E-1 9.87175E-1 9.74491E-1 9.60138E-1 9.85019E-1 9.80879E-1 9.69173E-1 9.81803E-1 9.86059E-1 9.86408E-1 9.94938E-1 9.93632E-1 9.97436E-1 9.98338E-1 9.98443E-1 9.98167E-1 9.9961E-1 9.99176E-1 9.96994E-1 9.99319E-1 9.99714E-1 9.99585E-1 9.99776E-1 9.99658E-1 9.99899E-1 9.99946E-1 9.99851E-1 9.99989E-1 9.99973E-1 9.99986E-1 9.99985E-1 9.99985E-1 9.99989E-1 9.99989E-1 9.99999E-1 9.99998E-1 9.99982E-1 9.99989E-1 9.99996E-1 9.99999E-1 9.99981E-1 9.99999E-1 9.99999E-1 9.99999E-1 9.99999E-1 9.99998E-1 1E0 1E0 1E0 9.99999E-1 9.99999E-1 1E0 1E0 9.99802E-1 9.99978E-1
9.30507E-1 9.30658E-1 8.85004E-1 8.48002E-1 8.98862E-1 9.00656E-1 8.92797E-1 8.62114E-1 8.90456E-1 8.6063E-1 9.28297E-1 9.72327E-1 9.91726E-1 9.88614E-1 9.7405E-1 9.86515E-1 9.76029E-1 9.84988E-1 9.96244E-1 9.87827E-1 9.88335E-1 9.82629E-1 9.86021E-1 9.88407E-1 9.93152E-1 9.98468E-1 9.98829E-1 9.98853E-1 9.98493E-1 9.97537E-1 9.99243E-1 9.99585E-1 9.98975E-1 9.98661E-1 9.98539E-1 9.99629E-1 9.96627E-1 9.99482E-1 9.99932E-1 9.9996E-1 9.99971E-1 9.9999E-1 9.99977E-1 9.99954E-1 9.99993E-1 9.99982E-1 9.99994E-1 9.99979E-1 9.99998E-1 9.99999E-1 9.99999E-1 9.99996E-1 9.99999E-1 9.99999E-1 9.99998E-1 9.99999E-1 9.99998E-1 9.99999E-1 9.99997E-1 9.99998E-1 1E0 9.99986E-1 1E0 1E0 1E0 1E0 1E0 9.99989E-1 9.99935E-1
-9999 8.89953E-1 8.61692E-1 8.11556E-1 7.98284E-1 9.2613E-1 9.46188E-1 8.98842E-1 9.27074E-1 8.88097E-1 9.38335E-1 9.67437E-1 9.92583E-1 9.90455E-1 9.80272E-1 9.68386E-1 9.76687E-1 9.9165E-1 9.80467E-1 9.81385E-1 9.93155E-1 9.92281E-1 9.88904E-1 9.9221E-1 9.94689E-1 9.9774E-1 9.98649E-1 9.98603E-1 9.99142E-1 9.95488E-1 9.97771E-1 9.99281E-1 9.9902E-1 9.96524E-1 9.99117E-1 9.99494E-1 9.98762E-1 9.99098E-1 9.99782E-1 9.99965E-1 9.99993E-1 9.99991E-1 9.99946E-1 9.99982E-1 9.99996E-1 9.99996E-1 9.99998E-1 9.99999E-1 9.99997E-1 1E0 9.99998E-1 9.99998E-1 9.99998E-1 9.99995E-1 9.99975E-1 9.99996E-1 9.99998E-1 9.99999E-1 9.99999E-1 9.99998E-1 9.99998E-1 9.99983E-1 1E0 9.99997E-1 1E0 1E0 9.99999E-1 1E0 1E0
-9999 9.21997E-1 9.06601E-1 7.76836E-1 7.95365E-1 9.04707E-1 9.19434E-1 8.79668E-1 9.41567E-1 9.67913E-1 9.75128E-1 9.90405E-1 9.90098E-1 9.87962E-1 9.72955E-1 9.74212E-1 9.70457E-1 9.67496E-1 9.84939E-1 9.77315E-1 9.9002E-1 9.86821E-1 9.92923E-1 9.89938E-1 9.90407E-1 9.97756E-1 9.97564E-1 9.9708E-1 9.98164E-1 9.9719E-1 9.97017E-1 9.96285E-1 9.97653E-1 9.99602E-1 9.99766E-1 9.99028E-1 9.99633E-1 9.9965E-1 9.99713E-1 9.99792E-1 9.99978E-1 9.99991E-1 9.99934E-1 9.99953E-1 9.99952E-1 9.99989E-1 9.99987E-1 9.99998E-1 9.99999E-1 9.99998E-1 9.99999E-1 9.99998E-1 9.99997E-1 9.9999E-1 9.99975E-1 9.99996E-1 9.99999E-1 9.99996E-1 9.99991E-1 9.99995E-1 1E0 9.99999E-1 1E0 1E0 1E0 1E0 1E0 9.99999E-1 9.99992E-1
-9999 9.11558E-1 9.3068E-1 8.71763E-1 7.6954E-1 9.29251E-1 9.09897E-1 9.10619E-1 9.4575E-1 9.443E-1 9.9067E-1 9.65127E-1 9.55346E-1 9.76172E-1 9.73009E-1 9.80686E-1 9.678E-1 9.67248E-1 9.89357E-1 9.81122E-1 9.96633E-1 9.90482E-1 9.96177E-1 9.93648E-1 9.78502E-1 9.94709E-1 9.95812E-1 9.95921E-1 9.96116E-1 9.99515E-1 9.99393E-1 9.93019E-1 9.98407E-1 9.99886E-1 9.99895E-1 9.99908E-1 9.99889E-1 9.99726E-1 9.99801E-1 9.99977E-1 9.99979E-1 9.99666E-1 9.99509E-1 9.99854E-1 9.99891E-1 9.9997E-1 9.99984E-1 9.99969E-1 9.99649E-1 9.99996E-1 9.99998E-1 9.99998E-1 9.99992E-1 9.99965E-1 9.99973E-1 9.99966E-1 9.9999E-1 9.99997E-1 9.99999E-1 9.99999E-1 1E0 9.99999E-1 9.99998E-1 1E0 9.99999E-1 1E0 9.99999E-1 9.99936E-1 9.99998E-1
-9999 7.51901E-1 8.74267E-1 8.5817E-1 8.94235E-1 7.93844E-1 9.27346E-1 9.39604E-1 9.75628E-1 9.76991E-1 9.90716E-1 9.7802E-1 9.79459E-1 9.87859E-1 9.83186E-1 9.91012E-1 9.70136E-1 9.7644E-1 9.8331E-1 9.92218E-1 9.94709E-1 9.87684E-1 9.92832E-1 9.94786E-1 9.94757E-1 9.96173E-1 9.89188E-1 9.92931E-1 9.81817E-1 9.92926E-1 9.98367E-1 9.99699E-1 9.9943E-1 9.9916E-1 9.99245E-1 9.99969E-1 9.99954E-1 9.9996E-1 9.99893E-1 9.99707E-1 9.99882E-1 9.99904E-1 9.99574E-1 9.99741E-1 9.99604E-1 9.99779E-1 9.99954E-1 9.99968E-1 9.99979E-1 9.99996E-1 9.99998E-1 9.99991E-1 9.99991E-1 9.99991E-1 9.99998E-1 9.99997E-1 9.99995E-1 9.99997E-1 9.99995E-1 1E0 9.99999E-1 1E0 9.99999E-1 9.99945E-1 9.99899E-1 9.99995E-1 9.99982E-1 9.99999E-1 9.99999E-1
-9999 -9999 9.17132E-1 9.31973E-1 9.36432E-1 9.02884E-1 9.25671E-1 9.40718E-1 9.69872E-1 9.71264E-1 9.86128E-1 9.92778E-1 9.83156E-1 9.49779E-1 9.73757E-1 9.70292E-1 9.85147E-1 9.63181E-1 9.92291E-1 9.90519E-1 9.9434E-1 9.85965E-1 9.91733E-1 9.8828E-1 9.96369E-1 9.94225E-1 9.8954E-1 9.91823E-1 9.92692E-1 9.98468E-1 9.99615E-1 9.99542E-1 9.99091E-1 9.98778E-1 9.99591E-1 9.99897E-1 9.998E-1 9.99653E-1 9.99734E-1 9.99833E-1 9.99957E-1 9.99924E-1 9.99834E-1 9.99738E-1 9.99947E-1 9.99984E-1 9.99992E-1 9.99992E-1 9.99961E-1 9.99976E-1 9.99994E-1 9.99994E-1 9.99984E-1 9.99996E-1 9.99997E-1 9.99997E-1 1E0 9.99998E-1 9.99994E-1 9.99892E-1 9.99998E-1 9.99999E-1 9.99999E-1 9.99995E-1 9.99864E-1 9.99993E-1 9.99987E-1 9.99977E-1 9.99784E-1
-9999 -9999 9.25414E-1 9.71332E-1 9.55051E-1 9.33958E-1 9.81663E-1 9.37311E-1 8.73875E-1 9.43929E-1 9.67879E-1 9.93481E-1 9.86208E-1 9.7175E-1 9.89543E-1 9.83257E-1 9.7731E-1 9.78198E-1 9.83735E-1 9.90695E-1 9.921E-1 9.74017E-1 9.80819E-1 9.80891E-1 9.88242E-1 9.94721E-1 9.98007E-1 9.94654E-1 9.88613E-1 9.96588E-1 9.99122E-1 9.95288E-1 9.97418E-1 9.98655E-1 9.9949E-1 9.999E-1 9.99876E-1 9.99616E-1 9.99503E-1 9.99767E-1 9.99896E-1 9.99893E-1 9.99989E-1 9.99941E-1 9.9998E-1 9.99977E-1 9.99969E-1 9.9997E-1 9.99956E-1 9.99859E-1 9.99941E-1 9.99994E-1 9.99984E-1 9.99998E-1 9.99996E-1 9.99998E-1 9.99997E-1 9.99995E-1 9.99995E-1 9.99693E-1 9.99998E-1 9.99997E-1 9.99999E-1 9.99983E-1 9.99742E-1 9.99995E-1 9.99992E-1 9.99985E-1 9.99996E-1
-9999 -9999 -9999 9.5421E-1 9.64982E-1 9.15508E-1 9.30722E-1 9.64798E-1 8.85288E-1 9.3448E-1 9.52852E-1 9.65688E-1 9.66409E-1 9.85374E-1 9.58371E-1 9.4797E-1 9.63419E-1 9.80334E-1 9.85088E-1 9.94881E-1 9.95082E-1 9.73691E-1 9.67419E-1 9.78901E-1 9.80161E-1 9.94969E-1 9.9864E-1 9.97503E-1 9.93636E-1 9.97488E-1 9.97156E-1 9.97645E-1 9.975E-1 9.98936E-1 9.99691E-1 9.99881E-1 9.99558E-1 9.99096E-1 9.99467E-1 9.99858E-1 9.99789E-1 9.99799E-1 9.99953E-1 9.99968E-1 9.99921E-1 9.99986E-1 9.99814E-1 9.99826E-1 9.9985E-1 9.99952E-1 9.99888E-1 9.99987E-1 9.99989E-1 9.99999E-1 9.99995E-1 9.99991E-1 9.99995E-1 9.99998E-1 9.99999E-1 9.99997E-1 9.99993E-1 9.99987E-1 9.99992E-1 9.99994E-1 9.99279E-1 9.99995E-1 9.99991E-1 9.99996E-1 9.99988E-1
-9999 -9999 -9999 9.53761E-1 9.63647E-1 9.19402E-1 9.12097E-1 8.9398E-1 9.57288E-1 9.4054E-1 9.47649E-1 9.79243E-1 9.69883E-1 9.84956E-1 9.77088E-1 9.70461E-1 9.63189E-1 9.67574E-1 9.70679E-1 9.9522E-1 9.97419E-1 9.98325E-1 9.90415E-1 9.89614E-1 9.82468E-1 9.97694E-1 9.98174E-1 9.97611E-1 9.96113E-1 9.97514E-1 9.97992E-1 9.96983E-1 9.98941E-1 9.99713E-1 9.99563E-1 9.99399E-1 9.98738E-1 9.98995E-1 9.99361E-1 9.99826E-1 9.99897E-1 9.99953E-1 9.99979E-1 9.99919E-1 9.99972E-1 9.99948E-1 9.99789E-1 9.99797E-1 9.99854E-1 9.9995E-1 9.99947E-1 9.99972E-1 9.99994E-1 9.99987E-1 9.99968E-1 9.99987E-1 9.99989E-1 9.99992E-1 9.99998E-1 9.99793E-1 9.99996E-1 9.99913E-1 9.99984E-1 9.99959E-1 9.99976E-1 9.99985E-1 9.99954E-1 9.99983E-1 9.99911E-1
-9999 -9999 -9999 9.53373E-1 9.61096E-1 9.49863E-1 9.66739E-1 9.73896E-1 9.64879E-1 9.7159E-1 9.86671E-1 9.74724E-1 9.64466E-1 9.91514E-1 9.88659E-1 9.77047E-1 9.70205E-1 9.4871E-1 9.79759E-1 9.95071E-1 9.98869E-1 9.99285E-1 9.98354E-1 9.95637E-1 9.82885E-1 9.96155E-1 9.92236E-1 9.95994E-1 9.92159E-1 9.87327E-1 9.95345E-1 9.97216E-1 9.98199E-1 9.99239E-1 9.95299E-1 9.97419E-1 9.99079E-1 9.97711E-1 9.99384E-1 9.99334E-1 9.9973E-1 9.99855E-1 9.99759E-1 9.99911E-1 9.99942E-1 9.99858E-1 9.99904E-1 9.99847E-1 9.99982E-1 9.99959E-1 9.99983E-1 9.99995E-1 9.9999E-1 9.99757E-1 9.99834E-1 9.99889E-1 9.99978E-1 9.9998E-1 9.99961E-1 9.99602E-1 9.99985E-1 9.99998E-1 9.9941E-1 9.99955E-1 9.99378E-1 9.99228E-1 9.99657E-1 9.99985E-1 9.99991E-1
-9999 -9999 9.23374E-1 9.83225E-1 9.72443E-1 9.08483E-1 9.61824E-1 9.68617E-1 9.76896E-1 9.84309E-1 9.78025E-1 9.69659E-1 9.71669E-1 9.89811E-1 9.88676E-1 9.96793E-1 9.94419E-1 9.77761E-1 9.64162E-1 9.76172E-1 9.9307E-1 9.91243E-1 9.97962E-1 9.95689E-1 9.92126E-1 9.93821E-1 9.91416E-1 9.96951E-1 9.92134E-1 9.98698E-1 9.97708E-1 9.9769E-1 9.98041E-1 9.99002E-1 9.99147E-1 9.98871E-1 9.98982E-1 9.98697E-1 9.99008E-1 9.99205E-1 9.9954E-1 9.99301E-1 9.99809E-1 9.9983E-1 9.99604E-1 9.99683E-1 9.99884E-1 9.99973E-1 9.99986E-1 9.99991E-1 9.99997E-1 9.99855E-1 9.99968E-1 9.98482E-1 9.99955E-1 9.99918E-1 9.99965E-1 9.9993E-1 9.99922E-1 9.99972E-1 9.99994E-1 9.99997E-1 9.99659E-1 9.99084E-1 9.99449E-1 9.98775E-1 9.98897E-1 9.99525E-1 9.99247E-1
-9999 -9999 -9999 9.95077E-1 9.87683E-1 9.53642E-1 9.64561E-1 9.77239E-1 9.86945E-1 9.9424E-1 9.90684E-1 9.76332E-1 9.9194E-1 9.93219E-1 9.85045E-1 9.73123E-1 9.74707E-1 9.36981E-1 9.30198E-1 8.76965E-1 9.55788E-1 9.75854E-1 9.81612E-1 9.94653E-1 9.78813E-1 9.90066E-1 9.96967E-1 9.95793E-1 9.99469E-1 9.99385E-1 9.97158E-1 9.97988E-1 9.98866E-1 9.98137E-1 9.98908E-1 9.99042E-1 9.99524E-1 9.99336E-1 9.99464E-1 9.99575E-1 9.99557E-1 9.99741E-1 9.99561E-1 9.99825E-1 9.99788E-1 9.99558E-1 9.99849E-1 9.9997E-1 9.99994E-1 9.99958E-1 9.99988E-1 9.99988E-1 9.99978E-1 9.99988E-1 9.99991E-1 9.9996E-1 9.99914E-1 9.99969E-1 9.99969E-1 9.9998E-1 9.99993E-1 9.99997E-1 9.99985E-1 9.99992E-1 9.99991E-1 9.99733E-1 9.99789E-1 9.99982E-1 9.99991E-1
-9999 -9999 -9999 9.91349E-1 9.92807E-1 9.76489E-1 9.90012E-1 9.85261E-1 9.83582E-1 9.81821E-1 9.88804E-1 9.76316E-1 9.63934E-1 9.49271E-1 9.53339E-1 9.37515E-1 9.16651E-1 8.58818E-1 9.15893E-1 8.73081E-1 8.94131E-1 9.6603E-1 9.71993E-1 9.69038E-1 9.81718E-1 9.57112E-1 9.88828E-1 9.86876E-1 9.93086E-1 9.96462E-1 9.96265E-1 9.95566E-1 9.98693E-1 9.9899E-1 9.95094E-1 9.9761E-1 9.99036E-1 9.99758E-1 9.99555E-1 9.99376E-1 9.9975E-1 9.99762E-1 9.9898E-1 9.99599E-1 9.99544E-1 9.99879E-1 9.99738E-1 9.9998E-1 9.99976E-1 9.99979E-1 9.99994E-1 9.9999E-1 9.99996E-1 9.99977E-1 9.9997E-1 9.99978E-1 9.99968E-1 9.99963E-1 9.99991E-1 9.99983E-1 9.99985E-1 9.99991E-1 9.99991E-1 9.99991E-1 9.99994E-1 9.98757E-1 9.99982E-1 9.99731E-1 9.99858E-1
-9999 -9999 -9999 9.8479E-1 9.9764E-1 9.28687E-1 9.81006E-1 9.79267E-1 9.7175E-1 9.54088E-1 9.71675E-1 9.63268E-1 9.15586E-1 8.27639E-1 8.29035E-1 8.63594E-1 8.65847E-1 8.66294E-1 8.78367E-1 9.36333E-1 9.50947E-1 9.54208E-1 9.55745E-1 9.69647E-1 9.71262E-1 9.56649E-1 9.79565E-1 9.85735E-1 9.61194E-1 9.74356E-1 9.90636E-1 9.89214E-1 9.91883E-1 9.96395E-1 9.97734E-1 9.97516E-1 9.9863E-1 9.99731E-1 9.99604E-1 9.99618E-1 9.99713E-1 9.997E-1 9.99136E-1 9.98473E-1 9.99E-1 9.9897E-1 9.99723E-1 9.99918E-1 9.99947E-1 9.99977E-1 9.99974E-1 9.99972E-1 9.99986E-1 9.99992E-1 9.99994E-1 9.99976E-1 9.99961E-1 9.99977E-1 9.99973E-1 9.99972E-1 9.99982E-1 9.99993E-1 9.99982E-1 9.9933E-1 9.99963E-1 9.99304E-1 9.9858E-1 9.99587E-1 9.99886E-1
-9999 -9999 -9999 9.85434E-1 9.91561E-1 9.64522E-1 9.86611E-1 9.64362E-1 9.49962E-1 9.06293E-1 9.30745E-1 9.08579E-1 9.09116E-1 8.55028E-1 7.88484E-1 8.64644E-1 8.46595E-1 7.58047E-1 8.93693E-1 9.28474E-1 9.42788E-1 9.20041E-1 9.41419E-1 9.39525E-1 9.47629E-1 9.55253E-1 9.75767E-1 9.80655E-1 9.78864E-1 9.82971E-1 9.96205E-1 9.97572E-1 9.94559E-1 9.92312E-1 9.97593E-1 9.97879E-1 9.98932E-1 9.99705E-1 9.98464E-1 9.99565E-1 9.99668E-1 9.99517E-1 9.98974E-1 9.98933E-1 9.99171E-1 9.99509E-1 9.99822E-1 9.99771E-1 9.99799E-1 9.99977E-1 9.99969E-1 9.99956E-1 9.99947E-1 9.99997E-1 9.99997E-1 9.99974E-1 9.99967E-1 9.99927E-1 9.99956E-1 9.99985E-1 9.99955E-1 9.99965E-1 9.99989E-1 9.9996E-1 9.97656E-1 9.98118E-1 9.98298E-1 9.99246E-1 9.99544E-1
-9999 -9999 9.89821E-1 9.90582E-1 9.80539E-1 9.28549E-1 9.81241E-1 9.80693E-1 9.32989E-1 9.28371E-1 9.4667E-1 9.38817E-1 9.37733E-1 9.01028E-1 8.90894E-1 8.54437E-1 8.35368E-1 7.77653E-1 8.61456E-1 9.43325E-1 9.37981E-1 9.74491E-1 9.7687E-1 9.66719E-1 9.61249E-1 9.80572E-1 9.76035E-1 9.51695E-1 9.89962E-1 9.8763E-1 9.93027E-1 9.97183E-1 9.96609E-1 9.94352E-1 9.95275E-1 9.93652E-1 9.98927E-1 9.99475E-1 9.99076E-1 9.99603E-1 9.99513E-1 9.99503E-1 9.98961E-1 9.98539E-1 9.99178E-1 9.98986E-1 9.99788E-1 9.99642E-1 9.99604E-1 9.99924E-1 9.99914E-1 9.99968E-1 9.99843E-1 9.99939E-1 9.99985E-1 9.99943E-1 9.99934E-1 9.99878E-1 9.99916E-1 9.99994E-1 9.9997E-1 9.99989E-1 9.99964E-1 9.99957E-1 9.99262E-1 9.9953E-1 9.9967E-1 9.99782E-1 9.99989E-1
-9999 -9999 9.71982E-1 9.48912E-1 9.74638E-1 9.47374E-1 9.61118E-1 9.27977E-1 9.13837E-1 8.96542E-1 9.14935E-1 9.25307E-1 9.32449E-1 9.2512E-1 8.87008E-1 9.17905E-1 9.32898E-1 8.98076E-1 8.95837E-1 9.26564E-1 9.73976E-1 9.89166E-1 9.72398E-1 9.67122E-1 9.67378E-1 9.66183E-1 9.7856E-1 9.81713E-1 9.82906E-1 9.90927E-1 9.91008E-1 9.93752E-1 9.95392E-1 9.9746E-1 9.94735E-1 9.96513E-1 9.98318E-1 9.99089E-1 9.99063E-1 9.99634E-1 9.99138E-1 9.99445E-1 9.98879E-1 9.9963E-1 9.99663E-1 9.99498E-1 9.99771E-1 9.99143E-1 9.99388E-1 9.99914E-1 9.99906E-1 9.99918E-1 9.99868E-1 9.99756E-1 9.99761E-1 9.99973E-1 9.99986E-1 9.99943E-1 9.9995E-1 9.99978E-1 9.99984E-1 9.99973E-1 9.98819E-1 9.99647E-1 9.99171E-1 9.98323E-1 1E0 1E0 1E0
-9999 -9999 9.64916E-1 9.59146E-1 9.33411E-1 9.67108E-1 9.63247E-1 9.31005E-1 8.44746E-1 8.2711E-1 8.23239E-1 9.17144E-1 8.50959E-1 9.10014E-1 8.98186E-1 9.14939E-1 9.25153E-1 9.18019E-1 9.47198E-1 9.72494E-1 9.50794E-1 9.67293E-1 9.81623E-1 9.77026E-1 9.55997E-1 9.85677E-1 9.82479E-1 9.81788E-1 9.94364E-1 9.94687E-1 9.90306E-1 9.93942E-1 9.93601E-1 9.94253E-1 9.96803E-1 9.9431E-1 9.99341E-1 9.9569E-1 9.94043E-1 9.96949E-1 9.99523E-1 9.99554E-1 9.99344E-1 9.99477E-1 9.99236E-1 9.99315E-1 9.99715E-1 9.99715E-1 9.99914E-1 9.99843E-1 9.99978E-1 9.99957E-1 9.99986E-1 9.98707E-1 9.99756E-1 9.9898E-1 9.99936E-1 9.99957E-1 9.99892E-1 9.99989E-1 9.99991E-1 9.99996E-1 9.99388E-1 9.9999E-1 9.9989E-1 9.96186E-1 9.99999E-1 9.99997E-1 1E0
-9999 -9999 9.80054E-1 9.65152E-1 9.14567E-1 9.61096E-1 9.54449E-1 9.08949E-1 9.29154E-1 9.46265E-1 9.64719E-1 9.25867E-1 8.75491E-1 8.82878E-1 9.21096E-1 9.12E-1 9.26597E-1 9.56681E-1 9.61303E-1 9.56475E-1 9.3814E-1 9.28864E-1 9.40717E-1 9.70339E-1 9.81185E-1 9.8419E-1 9.51816E-1 9.78496E-1 9.9413E-1 9.94713E-1 9.93087E-1 9.98315E-1 9.95016E-1 9.88243E-1 9.96908E-1 9.98092E-1 9.9894E-1 9.97237E-1 9.96547E-1 9.98368E-1 9.97098E-1 9.90884E-1 9.98306E-1 9.99259E-1 9.99386E-1 9.99359E-1 9.9908E-1 9.99677E-1 9.99882E-1 9.99941E-1 9.999E-1 9.99943E-1 9.99914E-1 9.99959E-1 9.99983E-1 9.99965E-1 9.99784E-1 9.99945E-1 9.99952E-1 9.99926E-1 9.99994E-1 9.99981E-1 9.98546E-1 9.9998E-1 9.99922E-1 9.99046E-1 9.99014E-1 9.99495E-1 9.99956E-1
-9999 -9999 9.93621E-1 9.81511E-1 9.27657E-1 9.75794E-1 9.55956E-1 9.28218E-1 9.21035E-1 9.74916E-1 9.65681E-1 9.71277E-1 9.56571E-1 9.57668E-1 8.76757E-1 9.11208E-1 9.21539E-1 9.44734E-1 9.53241E-1 9.47989E-1 9.35333E-1 9.53829E-1 9.66162E-1 9.79165E-1 9.80734E-1 9.889E-1 9.75339E-1 9.56318E-1 9.87286E-1 9.83388E-1 9.94857E-1 9.92713E-1 9.94322E-1 9.94769E-1 9.97968E-1 9.98475E-1 9.99006E-1 9.97035E-1 9.93998E-1 9.97839E-1 9.97344E-1 9.94531E-1 9.97293E-1 9.97545E-1 9.978E-1 9.98299E-1 9.98753E-1 9.98947E-1 9.99641E-1 9.99924E-1 9.99536E-1 9.99747E-1 9.99856E-1 9.99941E-1 9.99722E-1 9.99924E-1 9.99979E-1 9.99953E-1 9.99925E-1 9.99984E-1 9.99981E-1 9.99997E-1 9.99989E-1 9.99568E-1 9.99918E-1 9.97797E-1 9.9965E-1 9.99496E-1 9.99991E-1
