ENM/Final_Models/M_1_F_qp_Set_1_EC/Gustavia_santanderiensis_Choco_max.asc
ncols         367
nrows         963
xllcorner     -78.6
yllcorner     0.65
cellsize      0.00833333333333323
NODATA_value  -9999
[rows 924 to 956 of 963, columns 75 to 149 of 367]
7.10358E-5 7.4587E-5 8.8567E-5 8.8978E-5 1.07017E-4 2.88165E-4 3.56095E-4 3.07647E-4 4.01437E-4 5.90146E-4 8.8651E-4 9.42875E-4 6.68363E-4 7.44703E-4 9.06694E-4 6.68921E-4 8.82767E-4 8.18624E-4 1.03852E-3 1.1726E-3 1.19522E-3 1.38485E-3 1.41353E-3 1.10981E-3 1.05936E-3 1.6807E-3 4.29919E-4 4.59442E-4 7.27725E-4 5.03132E-4 5.80312E-4 5.7077E-4 5.78466E-4 4.29337E-4 5.13308E-4 4.68397E-4 7.61218E-4 8.34924E-4 9.24503E-4 8.02954E-4 1.14498E-3 1.7167E-3 2.40606E-3 2.24827E-3 2.36844E-3 1.86035E-3 2.10213E-3 1.94274E-3 1.97968E-3 1.68803E-3 1.61368E-3 1.42712E-3 1.46946E-3 1.3948E-3 1.70002E-3 1.68777E-3 2.37763E-3 2.11109E-3 1.7363E-3 1.54272E-3 2.10691E-3 2.27355E-2 7.27902E-3 3.6771E-3 3.64961E-3 8.57093E-3 5.12139E-3 4.27304E-3 -9999 -9999 -9999 -9999 1.36065E-3 1.23817E-3 2.19033E-3
9.5702E-5 5.49211E-5 1.01806E-4 2.77896E-4 3.99832E-4 4.51667E-4 6.89303E-4 4.96257E-4 7.09965E-4 1.05419E-3 1.21972E-3 1.08537E-3 1.20554E-3 1.05917E-3 1.01869E-3 8.26127E-4 1.07242E-3 8.18359E-4 9.64452E-4 1.10929E-3 1.14779E-3 1.25114E-3 1.0438E-3 7.5853E-4 1.29824E-3 1.74101E-3 6.79824E-4 4.75789E-4 6.13181E-4 5.67328E-4 6.26631E-4 6.16145E-4 5.67254E-4 5.43589E-4 5.7104E-4 5.84529E-4 6.91339E-4 6.41578E-4 1.08502E-3 1.12707E-3 1.18445E-3 1.5867E-3 2.20309E-3 2.13941E-3 2.17965E-3 2.15951E-3 2.07861E-3 2.14115E-3 2.27089E-3 2.41518E-3 1.95835E-3 1.64226E-3 1.89111E-3 1.59868E-3 2.04851E-3 2.27209E-3 1.84992E-3 1.83922E-3 1.98626E-3 1.996E-3 1.27516E-3 2.54817E-2 9.5526E-3 5.31855E-3 4.04501E-3 4.69813E-3 4.79022E-3 4.59093E-3 -9999 -9999 -9999 -9999 -9999 -9999 -9999
1.47343E-4 1.18996E-4 3.85464E-4 9.01472E-4 4.51227E-4 5.28123E-4 7.03992E-4 9.29261E-4 1.10391E-3 1.22669E-3 1.19296E-3 1.4795E-3 1.22615E-3 1.27577E-3 1.32954E-3 1.21924E-3 9.83317E-4 1.04959E-3 1.24688E-3 1.45417E-3 1.43451E-3 1.38108E-3 1.27005E-3 1.53481E-3 1.65292E-3 2.05286E-3 6.49893E-4 6.26168E-4 4.87031E-4 6.66875E-4 7.47622E-4 7.92905E-4 8.09576E-4 9.59888E-4 9.50699E-4 7.8019E-4 6.48123E-4 7.42996E-4 9.44904E-4 1.17795E-3 1.30419E-3 1.18936E-3 1.77811E-3 2.05166E-3 1.93862E-3 2.32357E-3 2.27588E-3 2.1239E-3 2.23371E-3 2.29781E-3 2.29121E-3 2.14479E-3 1.96671E-3 2.40042E-3 1.97568E-3 2.05689E-3 2.40749E-3 2.61431E-3 2.39929E-3 2.44733E-3 6.65566E-3 2.56338E-2 4.48055E-3 3.83349E-3 3.96924E-3 3.56544E-3 4.69749E-3 3.91857E-3 -9999 -9999 -9999 -9999 -9999 -9999 -9999
1.21679E-4 1.93963E-4 3.03457E-4 5.59944E-4 3.45903E-4 3.91038E-4 8.51071E-4 1.45231E-3 1.41961E-3 1.30206E-3 1.61647E-3 1.30564E-3 1.31226E-3 1.76581E-3 1.36841E-3 1.36197E-3 1.12987E-3 1.15234E-3 1.42259E-3 1.92811E-3 1.66429E-3 1.40913E-3 1.79521E-3 2.12479E-3 2.53468E-3 2.23325E-3 1.18326E-3 7.02869E-4 7.95459E-4 7.4792E-4 8.24811E-4 8.23325E-4 8.30959E-4 8.28507E-4 9.91495E-4 1.1081E-3 9.71001E-4 9.89937E-4 1.35185E-3 1.20123E-3 1.15485E-3 1.24061E-3 1.33254E-3 1.78851E-3 2.41153E-3 2.21235E-3 2.53605E-3 2.28964E-3 2.45642E-3 1.96875E-3 2.63508E-3 2.69656E-3 2.81643E-3 3.15814E-3 2.74329E-3 2.99338E-3 3.15825E-3 2.68544E-3 3.50392E-3 2.88896E-3 2.09818E-2 9.19438E-3 5.06109E-3 5.23075E-3 4.21518E-3 4.94764E-3 4.77555E-3 4.06743E-3 2.52627E-3 -9999 -9999 -9999 -9999 -9999 -9999
3.54779E-4 3.73664E-4 5.0424E-4 5.89858E-4 3.18482E-4 4.18349E-4 6.63498E-4 1.40687E-3 1.49506E-3 1.19292E-3 1.33378E-3 1.44664E-3 1.51767E-3 1.53418E-3 1.23338E-3 1.07733E-3 1.28382E-3 1.56924E-3 1.76736E-3 1.84789E-3 1.96119E-3 1.71487E-3 1.59933E-3 1.53323E-3 1.73644E-3 1.31439E-3 6.01519E-4 6.0589E-4 5.3239E-4 7.14086E-4 9.2342E-4 8.54435E-4 7.89652E-4 7.25806E-4 8.1047E-4 1.07736E-3 1.75518E-3 9.52101E-4 1.35606E-3 1.17594E-3 1.21645E-3 1.23947E-3 1.24901E-3 1.45727E-3 2.36111E-3 2.17145E-3 2.28916E-3 2.38905E-3 2.21876E-3 2.46769E-3 2.2268E-3 2.77E-3 2.86009E-3 3.46184E-3 3.69283E-3 3.32973E-3 4.41501E-3 4.21147E-3 3.03829E-3 5.83322E-3 2.09553E-2 6.83135E-3 4.97804E-3 5.42176E-3 6.54831E-3 6.01635E-3 4.71442E-3 3.5296E-3 2.10935E-3 1.71721E-3 -9999 -9999 -9999 -9999 -9999
9.78802E-5 2.98654E-4 5.14814E-4 7.33343E-4 6.95989E-4 9.57166E-4 9.30602E-4 1.22261E-3 1.39571E-3 1.31004E-3 1.40202E-3 1.39593E-3 1.38859E-3 1.59663E-3 1.6116E-3 1.17137E-3 1.06503E-3 8.49308E-4 1.21562E-3 1.93705E-3 1.92155E-3 1.84286E-3 1.06597E-3 1.03814E-3 1.11547E-3 1.20691E-3 4.86414E-4 4.57003E-4 5.2574E-4 6.68649E-4 6.67137E-4 5.59718E-4 7.83152E-4 9.13695E-4 1.11573E-3 1.39583E-3 1.09613E-3 1.11765E-3 1.35606E-3 1.23404E-3 1.15831E-3 1.20068E-3 1.34491E-3 1.57667E-3 2.13549E-3 2.16515E-3 2.17841E-3 2.12316E-3 2.60381E-3 2.76878E-3 3.26187E-3 3.29688E-3 3.32389E-3 3.21542E-3 3.87692E-3 4.18901E-3 4.7155E-3 9.19785E-3 1.09444E-2 2.39851E-2 8.1652E-3 5.22788E-3 5.51298E-3 4.87725E-3 5.25452E-3 4.93875E-3 4.10362E-3 3.20013E-3 2.29832E-3 2.11127E-3 -9999 -9999 -9999 -9999 -9999
9.58554E-5 1.22112E-4 2.70139E-4 8.74204E-4 7.66638E-4 8.94145E-4 1.18735E-3 1.16425E-3 1.11124E-3 1.11866E-3 1.33907E-3 1.33511E-3 1.48154E-3 1.34745E-3 1.1407E-3 1.01462E-3 9.11243E-4 8.31819E-4 9.12849E-4 1.76706E-3 1.28908E-3 1.24451E-3 1.34756E-3 1.05831E-3 8.08921E-4 4.98483E-4 4.49745E-4 4.86007E-4 4.93214E-4 6.10981E-4 8.50881E-4 8.33365E-4 6.5946E-4 1.01171E-3 1.24769E-3 1.57413E-3 1.30838E-3 1.03045E-3 1.27503E-3 1.29977E-3 1.24652E-3 1.2638E-3 1.46091E-3 1.41414E-3 2.02725E-3 3.09257E-3 3.16507E-3 2.62293E-3 2.53771E-3 4.88869E-3 3.80325E-3 3.39567E-3 3.44242E-3 3.40349E-3 4.25813E-3 9.88484E-3 8.42982E-3 6.13045E-3 8.65256E-3 9.61661E-3 7.18428E-3 4.93804E-3 5.23939E-3 5.10222E-3 4.30023E-3 4.07103E-3 3.19354E-3 3.44611E-3 3.08345E-3 3.08273E-3 -9999 -9999 -9999 -9999 -9999
1.13958E-4 1.78184E-4 2.90055E-4 7.35611E-4 8.53513E-4 1.36136E-3 1.23145E-3 1.15944E-3 1.43059E-3 1.24295E-3 1.01916E-3 1.10778E-3 1.25849E-3 1.04432E-3 1.25433E-3 2.09526E-3 1.42759E-3 1.05568E-3 9.063E-4 9.38851E-4 1.13819E-3 9.12669E-4 1.34829E-3 7.49347E-4 5.12218E-4 5.35364E-4 5.82068E-4 6.76066E-4 5.83547E-4 8.14815E-4 8.88763E-4 1.11941E-3 8.05674E-4 9.14031E-4 1.36779E-3 1.4627E-3 1.28616E-3 1.06001E-3 1.3445E-3 1.50094E-3 1.5067E-3 1.50713E-3 1.56332E-3 1.56278E-3 2.33997E-3 4.32571E-3 3.70935E-3 3.64529E-3 4.24299E-3 4.26006E-3 3.70804E-3 4.06093E-3 4.35614E-3 3.7661E-3 8.5121E-3 5.52643E-3 6.82323E-3 5.45693E-3 6.60606E-3 6.38128E-3 6.23295E-3 5.49844E-3 5.64433E-3 5.23038E-3 3.89856E-3 3.38059E-3 2.57191E-3 2.91538E-3 3.16853E-3 2.54148E-3 -9999 -9999 -9999 -9999 -9999
1.06265E-4 1.374E-4 2.19329E-4 5.29736E-4 6.4217E-4 1.2169E-3 1.25631E-3 1.26763E-3 1.46521E-3 1.43287E-3 1.20241E-3 1.03119E-3 1.04234E-3 1.04833E-3 1.46387E-3 2.03392E-3 1.43625E-3 1.13801E-3 7.77839E-4 6.97416E-4 8.64924E-4 8.06755E-4 8.71889E-4 5.4212E-4 5.18607E-4 5.34235E-4 5.689E-4 5.96398E-4 7.37032E-4 1.01741E-3 9.59639E-4 1.07494E-3 1.1342E-3 1.12249E-3 1.33319E-3 1.59023E-3 1.89788E-3 1.29821E-3 1.31034E-3 1.55412E-3 1.50557E-3 1.55012E-3 1.87328E-3 1.9056E-3 2.12679E-3 3.78373E-3 4.34891E-3 3.68271E-3 4.25366E-3 4.95321E-3 5.65418E-3 5.0687E-3 4.89807E-3 4.88229E-3 4.57019E-3 6.87369E-3 6.53099E-3 4.95788E-3 4.40141E-3 4.64743E-3 6.1247E-3 6.08763E-3 6.08933E-3 4.77654E-3 4.21918E-3 2.89307E-3 2.34307E-3 1.8038E-3 2.29642E-3 3.24751E-3 2.26989E-3 -9999 -9999 -9999 4.58698E-4
1.32585E-4 1.8417E-4 3.60137E-4 5.20954E-4 7.63501E-4 8.07128E-4 1.20321E-3 1.30783E-3 1.45031E-3 1.30758E-3 1.24876E-3 1.38379E-3 1.3835E-3 1.23495E-3 1.10741E-3 1.22896E-3 1.481E-3 1.37697E-3 7.45006E-4 6.45885E-4 7.79269E-4 5.85823E-4 8.18949E-4 5.18861E-4 4.83613E-4 6.38892E-4 8.15527E-4 8.21327E-4 7.7753E-4 8.09658E-4 9.55725E-4 9.61448E-4 9.97861E-4 1.15254E-3 1.17423E-3 1.40199E-3 1.94349E-3 1.21541E-3 1.21577E-3 1.3485E-3 1.39655E-3 1.46382E-3 1.6554E-3 2.60307E-3 2.16164E-3 3.02914E-3 3.91847E-3 3.50235E-3 4.45411E-3 4.48482E-3 5.27697E-3 6.52029E-3 6.3458E-3 5.55616E-3 5.84249E-3 6.47371E-3 7.04194E-3 5.67656E-3 -9999 -9999 4.58464E-3 5.95444E-3 5.27839E-3 4.1798E-3 3.67639E-3 3.23323E-3 2.39775E-3 -9999 -9999 1.92138E-3 -9999 -9999 -9999 5.1394E-4 4.72639E-4
2.04465E-4 5.28384E-4 5.7153E-4 8.98516E-4 9.47726E-4 1.29795E-3 1.16791E-3 1.23243E-3 1.17823E-3 1.10573E-3 1.22599E-3 1.71621E-3 1.8196E-3 1.34569E-3 1.27488E-3 1.03476E-3 1.40383E-3 7.74233E-4 7.5219E-4 7.21647E-4 5.12337E-4 4.54503E-4 4.52109E-4 4.51139E-4 4.64255E-4 5.40284E-4 5.64308E-4 6.63793E-4 6.90311E-4 9.18409E-4 8.97916E-4 8.39864E-4 8.04152E-4 9.48996E-4 9.63209E-4 1.31636E-3 1.28049E-3 1.04355E-3 1.08342E-3 1.41111E-3 1.44158E-3 1.63013E-3 2.14735E-3 2.45577E-3 3.20557E-3 3.3928E-3 3.55327E-3 3.9877E-3 4.06008E-3 5.03098E-3 5.90795E-3 8.83941E-3 5.7807E-3 5.31448E-3 5.39583E-3 5.79626E-3 5.81007E-3 5.76663E-3 -9999 -9999 -9999 -9999 4.17424E-3 3.52001E-3 3.66171E-3 -9999 -9999 -9999 -9999 -9999 -9999 -9999 8.45642E-4 9.38586E-4 5.62297E-4
2.28672E-4 4.96657E-4 8.1792E-4 9.37557E-4 9.74571E-4 1.03042E-3 1.2109E-3 1.4693E-3 1.46229E-3 1.37578E-3 1.3293E-3 1.1558E-3 1.61644E-3 1.60709E-3 1.76496E-3 1.63327E-3 1.7804E-3 1.50254E-3 8.09816E-4 6.89162E-4 5.88512E-4 5.14144E-4 4.70507E-4 4.69283E-4 5.20268E-4 4.41599E-4 3.66466E-4 4.17792E-4 6.42937E-4 8.1501E-4 7.61333E-4 7.95468E-4 7.66292E-4 9.40366E-4 1.01856E-3 1.11217E-3 1.22897E-3 1.13111E-3 1.27943E-3 1.54778E-3 1.29555E-3 1.54413E-3 2.13171E-3 2.40571E-3 2.61737E-3 3.79717E-3 3.81755E-3 4.67687E-3 4.65756E-3 4.82051E-3 7.14567E-3 8.35823E-3 8.66498E-3 7.45147E-3 8.97438E-3 6.69257E-3 5.91386E-3 5.39872E-3 6.13232E-3 -9999 -9999 -9999 -9999 -9999 -9999 -9999 -9999 -9999 -9999 -9999 -9999 -9999 8.53001E-4 7.26435E-4 9.04222E-4
2.02493E-4 6.15775E-4 1.0494E-3 1.22498E-3 1.19578E-3 1.11335E-3 1.41214E-3 1.29495E-3 1.12053E-3 1.08837E-3 1.21959E-3 1.40928E-3 1.51344E-3 1.47758E-3 1.58688E-3 1.7522E-3 1.79124E-3 1.70803E-3 9.05341E-4 7.9645E-4 6.91603E-4 5.78305E-4 5.17123E-4 6.25311E-4 5.22519E-4 5.63832E-4 4.28415E-4 4.3784E-4 6.05217E-4 7.46481E-4 7.7312E-4 7.19703E-4 7.77819E-4 8.80147E-4 9.33413E-4 9.01776E-4 1.1756E-3 1.11399E-3 1.25481E-3 1.27734E-3 1.2636E-3 1.65703E-3 1.65984E-3 2.282E-3 3.01573E-3 4.09662E-3 4.8079E-3 5.14581E-3 4.91614E-3 5.63863E-3 5.92953E-3 7.57302E-3 7.88496E-3 9.30422E-3 9.47931E-3 7.54326E-3 6.40655E-3 5.3739E-3 7.44772E-3 -9999 -9999 -9999 -9999 -9999 -9999 -9999 -9999 -9999 -9999 1.93694E-3 1.05464E-3 1.25852E-3 7.92017E-4 5.306E-4 4.20952E-4
1.02557E-4 3.5557E-4 7.8169E-4 1.03409E-3 1.03916E-3 1.111E-3 1.27976E-3 1.27731E-3 1.28354E-3 1.19446E-3 1.1397E-3 1.4399E-3 1.52171E-3 1.62256E-3 1.52875E-3 1.47309E-3 1.41102E-3 1.49538E-3 8.82763E-4 1.15141E-3 6.56728E-4 6.28829E-4 5.84853E-4 6.16895E-4 7.83469E-4 5.4714E-4 4.22842E-4 5.01291E-4 5.82486E-4 5.78174E-4 7.54576E-4 7.86014E-4 1.01163E-3 1.0099E-3 1.18231E-3 8.88249E-4 9.17537E-4 1.21571E-3 1.41743E-3 1.37744E-3 1.2183E-3 1.61335E-3 1.90708E-3 2.39633E-3 3.34219E-3 4.31629E-3 4.97926E-3 4.3145E-3 4.08492E-3 5.39435E-3 7.08436E-3 9.53363E-3 7.18886E-3 7.84935E-3 8.41351E-3 8.43844E-3 7.0819E-3 7.26562E-3 7.27755E-3 -9999 -9999 -9999 -9999 -9999 -9999 -9999 -9999 -9999 2.11557E-3 1.75404E-3 2.45503E-3 2.04161E-3 1.85384E-3 1.10141E-3 7.15918E-4
-9999 -9999 -9999 -9999 -9999 9.01108E-4 1.09093E-3 1.22279E-3 1.39221E-3 1.39883E-3 1.50469E-3 1.78473E-3 1.32399E-3 1.45831E-3 1.58405E-3 1.69041E-3 1.37442E-3 1.51013E-3 1.00631E-3 9.93217E-4 5.69751E-4 5.73337E-4 6.20401E-4 6.5413E-4 5.06234E-4 4.89603E-4 6.73441E-4 7.36533E-4 7.55874E-4 6.79833E-4 6.49167E-4 9.89687E-4 8.114E-4 1.12252E-3 1.36305E-3 1.32145E-3 1.36245E-3 1.83451E-3 1.42577E-3 1.616E-3 1.79335E-3 2.38251E-3 2.57537E-3 3.72973E-3 3.07465E-3 3.30392E-3 2.95037E-3 3.99157E-3 5.09371E-3 4.60846E-3 7.05576E-3 6.67547E-3 6.03972E-3 6.13303E-3 6.6131E-3 8.81939E-3 8.81248E-3 6.96938E-3 6.91216E-3 6.49124E-3 4.91528E-3 4.36139E-3 -9999 -9999 -9999 -9999 -9999 -9999 -9999 -9999 7.30458E-4 1.53978E-3 2.14614E-3 2.01982E-3 9.66141E-4
-9999 -9999 -9999 -9999 -9999 -9999 -9999 -9999 1.13472E-3 1.18695E-3 1.16635E-3 1.19545E-3 1.36991E-3 1.51909E-3 1.56909E-3 1.61079E-3 1.8304E-3 1.06015E-3 7.69612E-4 6.8322E-4 6.51811E-4 4.87789E-4 5.40559E-4 5.85814E-4 6.18985E-4 4.54683E-4 5.40314E-4 5.69394E-4 7.19562E-4 5.4528E-4 -9999 -9999 1.04041E-3 1.18552E-3 1.27678E-3 1.42971E-3 1.71253E-3 1.65458E-3 1.66486E-3 2.36001E-3 2.08173E-3 2.83306E-3 3.09112E-3 3.32778E-3 3.92484E-3 3.98706E-3 4.2299E-3 4.152E-3 4.50846E-3 4.89477E-3 6.27784E-3 6.40625E-3 5.74667E-3 5.71815E-3 4.94846E-3 5.20531E-3 7.86926E-3 7.72167E-3 6.60747E-3 6.51624E-3 6.64442E-3 5.3945E-3 4.41368E-3 -9999 -9999 -9999 -9999 -9999 -9999 -9999 6.74895E-4 6.09027E-4 7.10142E-4 1.79655E-3 3.70226E-3
-9999 -9999 -9999 -9999 -9999 -9999 -9999 -9999 -9999 -9999 1.31044E-3 1.02262E-3 1.02419E-3 1.1681E-3 1.34327E-3 1.3734E-3 8.81753E-4 7.64673E-4 7.72105E-4 7.59476E-4 6.00294E-4 5.5021E-4 4.56301E-4 5.21784E-4 -9999 -9999 -9999 6.92544E-4 7.73011E-4 -9999 -9999 -9999 -9999 -9999 1.54292E-3 1.50326E-3 1.77022E-3 1.72859E-3 2.15784E-3 2.37387E-3 2.95039E-3 2.70473E-3 2.87927E-3 3.19083E-3 3.88191E-3 3.51342E-3 3.1517E-3 4.00251E-3 4.67648E-3 4.46389E-3 5.44064E-3 5.40453E-3 5.68444E-3 5.32979E-3 5.84145E-3 4.78277E-3 6.54248E-3 6.16822E-3 5.78364E-3 5.45122E-3 5.54076E-3 5.42489E-3 4.48595E-3 -9999 -9999 -9999 -9999 -9999 -9999 -9999 1.06012E-3 6.56168E-4 1.27731E-3 2.26069E-3 3.085E-3
-9999 -9999 -9999 -9999 -9999 -9999 -9999 -9999 -9999 -9999 -9999 -9999 1.26003E-3 9.80395E-4 1.14661E-3 1.17314E-3 7.80611E-4 6.88779E-4 7.57255E-4 8.39515E-4 -9999 -9999 -9999 -9999 -9999 -9999 -9999 -9999 -9999 -9999 -9999 -9999 -9999 -9999 -9999 1.92554E-3 2.20697E-3 1.75909E-3 2.34247E-3 2.4995E-3 2.22105E-3 2.48768E-3 3.63339E-3 3.35881E-3 3.21573E-3 4.19204E-3 4.44782E-3 5.29096E-3 6.20163E-3 5.81809E-3 4.75213E-3 5.76376E-3 6.14844E-3 6.77706E-3 5.20636E-3 5.57264E-3 5.12617E-3 3.54631E-3 3.91454E-3 3.95595E-3 4.44484E-3 4.44472E-3 3.92929E-3 -9999 -9999 -9999 -9999 -9999 -9999 9.38838E-4 7.78899E-4 1.25522E-3 1.42451E-3 2.1307E-3 1.9273E-3
-9999 -9999 -9999 -9999 -9999 -9999 -9999 -9999 -9999 -9999 -9999 -9999 1.11315E-3 1.22683E-3 1.09087E-3 8.30123E-4 7.86808E-4 7.11141E-4 7.44955E-4 6.51307E-4 -9999 -9999 -9999 -9999 -9999 -9999 -9999 -9999 -9999 -9999 -9999 -9999 -9999 -9999 -9999 -9999 -9999 2.52578E-3 2.69248E-3 2.7843E-3 2.62742E-3 3.27167E-3 3.86469E-3 3.37033E-3 4.29518E-3 4.1699E-3 4.79772E-3 5.40278E-3 6.0223E-3 5.56409E-3 5.72175E-3 6.77381E-3 6.78778E-3 7.05598E-3 7.37273E-3 5.6858E-3 5.52322E-3 4.42532E-3 3.77806E-3 4.14353E-3 3.52412E-3 3.0362E-3 3.35699E-3 -9999 -9999 -9999 -9999 -9999 -9999 -9999 3.96903E-4 5.0963E-4 1.03897E-3 2.64859E-3 9.54194E-3
-9999 -9999 -9999 -9999 -9999 -9999 -9999 -9999 -9999 -9999 -9999 -9999 -9999 9.93325E-4 1.27448E-3 9.41263E-4 8.405E-4 7.93572E-4 7.11235E-4 -9999 -9999 -9999 -9999 -9999 -9999 -9999 -9999 -9999 -9999 -9999 -9999 -9999 -9999 -9999 -9999 -9999 -9999 -9999 3.18372E-3 4.33589E-3 3.10016E-3 3.66881E-3 3.75449E-3 3.98669E-3 3.83568E-3 4.6938E-3 5.16382E-3 5.24338E-3 5.72511E-3 4.98171E-3 5.30407E-3 7.01564E-3 6.65223E-3 6.73772E-3 6.11368E-3 5.08057E-3 3.80647E-3 4.10473E-3 3.96824E-3 3.77567E-3 3.15367E-3 2.45778E-3 2.63535E-3 -9999 -9999 -9999 -9999 -9999 -9999 -9999 4.78202E-4 5.07042E-4 6.19572E-4 1.00339E-3 5.90144E-3
-9999 -9999 -9999 -9999 -9999 -9999 -9999 -9999 -9999 -9999 -9999 -9999 -9999 1.05655E-3 9.27773E-4 9.66013E-4 8.81864E-4 -9999 -9999 -9999 -9999 -9999 -9999 -9999 -9999 -9999 -9999 -9999 -9999 -9999 -9999 -9999 -9999 -9999 -9999 -9999 -9999 -9999 2.60047E-3 3.68465E-3 3.88943E-3 4.0261E-3 3.95617E-3 4.62139E-3 4.9078E-3 4.61269E-3 4.79526E-3 5.20194E-3 5.22706E-3 4.10918E-3 4.62422E-3 6.3327E-3 6.12602E-3 6.83291E-3 6.28339E-3 4.65532E-3 4.56241E-3 3.68337E-3 2.55394E-3 2.40014E-3 2.45175E-3 2.36289E-3 2.43347E-3 2.53615E-3 -9999 -9999 -9999 -9999 -9999 3.9595E-4 4.11051E-4 6.45807E-4 8.68715E-4 1.58663E-3 5.70034E-3
-9999 -9999 -9999 -9999 -9999 -9999 -9999 -9999 -9999 -9999 -9999 -9999 -9999 -9999 -9999 -9999 -9999 -9999 -9999 -9999 -9999 -9999 -9999 -9999 -9999 -9999 -9999 -9999 -9999 -9999 -9999 -9999 -9999 -9999 -9999 -9999 -9999 -9999 -9999 3.1738E-3 3.30356E-3 3.89048E-3 4.02338E-3 5.15165E-3 4.49888E-3 5.4091E-3 4.85606E-3 5.39345E-3 4.7998E-3 3.85975E-3 4.37409E-3 4.55528E-3 5.39424E-3 5.40753E-3 5.40335E-3 5.29069E-3 4.431E-3 -9999 -9999 -9999 -9999 -9999 1.94498E-3 1.84095E-3 -9999 -9999 -9999 -9999 1.21453E-3 6.96711E-4 4.27777E-4 8.77495E-4 1.65878E-3 3.5621E-3 1.05067E-2
-9999 -9999 -9999 -9999 -9999 -9999 -9999 -9999 -9999 -9999 -9999 -9999 -9999 -9999 -9999 -9999 -9999 -9999 -9999 -9999 -9999 -9999 -9999 -9999 -9999 -9999 -9999 -9999 -9999 -9999 -9999 -9999 -9999 -9999 -9999 -9999 -9999 -9999 -9999 3.88926E-3 3.8255E-3 4.40363E-3 3.63371E-3 4.31188E-3 4.31377E-3 4.6057E-3 4.74688E-3 5.2977E-3 4.85315E-3 4.147E-3 4.38393E-3 5.09094E-3 5.3676E-3 5.48922E-3 5.57423E-3 4.30823E-3 4.79483E-3 -9999 -9999 -9999 -9999 -9999 -9999 -9999 -9999 -9999 5.24531E-4 9.54683E-4 1.70845E-3 1.07074E-3 1.29199E-3 2.05772E-3 4.85085E-3 1.14192E-2 -9999
-9999 -9999 -9999 -9999 -9999 -9999 -9999 -9999 -9999 -9999 -9999 -9999 -9999 -9999 -9999 -9999 -9999 -9999 -9999 -9999 -9999 -9999 -9999 -9999 -9999 -9999 -9999 -9999 -9999 -9999 -9999 -9999 -9999 -9999 -9999 -9999 -9999 -9999 2.93826E-3 4.17001E-3 3.49135E-3 3.70895E-3 2.90569E-3 2.9906E-3 3.39825E-3 3.55894E-3 4.06811E-3 3.98242E-3 4.98834E-3 4.94152E-3 4.29482E-3 4.97919E-3 5.03083E-3 4.66588E-3 4.72816E-3 4.44147E-3 4.72372E-3 3.50254E-3 1.54425E-3 -9999 -9999 -9999 2.09903E-3 -9999 1.70484E-3 4.66465E-4 6.29271E-4 5.68711E-4 1.88081E-3 2.49625E-3 1.84495E-3 4.25687E-3 9.8286E-3 -9999 -9999
-9999 -9999 -9999 -9999 -9999 -9999 -9999 -9999 -9999 -9999 -9999 -9999 -9999 -9999 -9999 -9999 -9999 -9999 -9999 -9999 -9999 -9999 -9999 -9999 -9999 -9999 -9999 -9999 -9999 -9999 -9999 -9999 -9999 -9999 -9999 -9999 -9999 2.8299E-3 2.63296E-3 3.19274E-3 3.37808E-3 3.71058E-3 3.03264E-3 3.34831E-3 3.7131E-3 3.83063E-3 3.75163E-3 4.06177E-3 3.88245E-3 4.50409E-3 4.58411E-3 4.43242E-3 4.94014E-3 3.95939E-3 4.75224E-3 4.25536E-3 4.27938E-3 3.48554E-3 2.23487E-3 1.86052E-3 1.98997E-3 1.79537E-3 2.46285E-3 2.24957E-3 1.75891E-3 7.73156E-4 -9999 -9999 -9999 -9999 -9999 -9999 -9999 -9999 -9999
-9999 -9999 -9999 -9999 -9999 -9999 -9999 -9999 -9999 -9999 -9999 -9999 -9999 -9999 -9999 -9999 -9999 -9999 -9999 -9999 -9999 -9999 -9999 -9999 -9999 -9999 -9999 -9999 -9999 -9999 -9999 -9999 -9999 -9999 -9999 -9999 2.82745E-3 2.69756E-3 2.76414E-3 3.06581E-3 3.25429E-3 3.2427E-3 2.98097E-3 3.31133E-3 3.26715E-3 3.9952E-3 4.09555E-3 4.3378E-3 4.151E-3 4.21649E-3 4.20702E-3 4.28036E-3 4.50404E-3 4.111E-3 4.0711E-3 3.08768E-3 2.57733E-3 2.07908E-3 1.93341E-3 2.63347E-3 2.25564E-3 1.78861E-3 2.23406E-3 1.74511E-3 -9999 -9999 -9999 -9999 -9999 -9999 -9999 -9999 -9999 -9999 -9999
-9999 -9999 -9999 -9999 -9999 -9999 -9999 -9999 -9999 -9999 -9999 -9999 -9999 -9999 -9999 -9999 -9999 -9999 -9999 -9999 -9999 -9999 -9999 -9999 -9999 -9999 -9999 -9999 -9999 -9999 -9999 -9999 -9999 -9999 -9999 2.43089E-3 2.70036E-3 2.35164E-3 2.79784E-3 2.93436E-3 2.98036E-3 3.27471E-3 3.18869E-3 3.51216E-3 3.60439E-3 3.89085E-3 4.21938E-3 4.00782E-3 3.95027E-3 3.563E-3 3.54644E-3 3.59084E-3 3.85456E-3 3.96731E-3 3.87878E-3 3.6062E-3 2.7165E-3 2.41112E-3 2.98357E-3 3.39417E-3 2.76851E-3 2.30237E-3 -9999 -9999 -9999 -9999 -9999 -9999 -9999 -9999 -9999 -9999 -9999 -9999 -9999
-9999 -9999 -9999 -9999 -9999 -9999 -9999 -9999 -9999 -9999 -9999 -9999 -9999 -9999 -9999 -9999 -9999 -9999 -9999 -9999 -9999 -9999 -9999 -9999 -9999 -9999 -9999 -9999 -9999 -9999 -9999 -9999 -9999 -9999 1.46943E-3 1.81044E-3 2.61153E-3 3.01586E-3 3.24763E-3 3.09764E-3 3.40006E-3 3.3976E-3 3.59372E-3 3.52145E-3 4.00887E-3 4.00316E-3 3.87706E-3 3.69901E-3 3.34105E-3 3.42956E-3 3.58056E-3 2.98256E-3 3.50936E-3 4.47488E-3 4.63217E-3 4.68095E-3 3.52446E-3 2.91287E-3 2.73783E-3 3.32352E-3 -9999 -9999 -9999 -9999 -9999 -9999 -9999 -9999 -9999 -9999 -9999 -9999 -9999 -9999 -9999
-9999 -9999 -9999 -9999 -9999 -9999 -9999 -9999 -9999 -9999 -9999 -9999 -9999 -9999 -9999 -9999 -9999 -9999 -9999 -9999 -9999 -9999 -9999 -9999 -9999 -9999 -9999 -9999 -9999 -9999 -9999 -9999 -9999 -9999 -9999 2.62956E-3 3.07224E-3 2.77486E-3 3.0635E-3 3.38399E-3 3.48056E-3 3.62699E-3 3.37939E-3 3.68478E-3 3.85706E-3 3.8548E-3 3.56004E-3 3.34203E-3 3.43968E-3 3.24529E-3 3.09715E-3 3.28761E-3 3.87532E-3 3.82862E-3 3.85059E-3 3.55578E-3 3.02738E-3 4.0408E-3 -9999 -9999 -9999 -9999 -9999 -9999 -9999 -9999 -9999 -9999 -9999 -9999 -9999 -9999 -9999 -9999 -9999
-9999 -9999 -9999 -9999 -9999 -9999 -9999 -9999 -9999 -9999 -9999 -9999 -9999 -9999 -9999 -9999 -9999 -9999 -9999 -9999 -9999 -9999 -9999 -9999 -9999 -9999 -9999 -9999 -9999 -9999 -9999 -9999 -9999 -9999 -9999 -9999 -9999 3.49943E-3 3.08652E-3 3.33129E-3 3.28154E-3 3.43817E-3 3.84464E-3 3.74655E-3 3.60411E-3 3.80084E-3 3.52344E-3 3.89339E-3 2.76104E-3 3.13319E-3 2.8392E-3 3.88064E-3 3.32385E-3 3.97643E-3 4.23048E-3 3.94335E-3 4.00741E-3 -9999 -9999 -9999 -9999 -9999 -9999 -9999 -9999 -9999 -9999 -9999 -9999 -9999 -9999 -9999 -9999 -9999 -9999
-9999 -9999 -9999 -9999 -9999 -9999 -9999 -9999 -9999 -9999 -9999 -9999 -9999 -9999 -9999 -9999 -9999 -9999 -9999 -9999 -9999 -9999 -9999 -9999 -9999 -9999 -9999 -9999 -9999 -9999 -9999 -9999 -9999 -9999 -9999 -9999 -9999 -9999 3.45416E-3 3.37822E-3 3.52818E-3 3.16785E-3 3.93078E-3 3.86438E-3 3.67259E-3 3.71723E-3 4.70865E-3 3.74137E-3 3.09903E-3 2.6761E-3 2.4737E-3 3.97744E-3 4.47293E-3 4.90325E-3 5.42229E-3 -9999 -9999 -9999 -9999 -9999 -9999 -9999 -9999 -9999 -9999 -9999 -9999 -9999 -9999 -9999 -9999 -9999 -9999 -9999 -9999
-9999 -9999 -9999 -9999 -9999 -9999 -9999 -9999 -9999 -9999 -9999 -9999 -9999 -9999 -9999 -9999 -9999 -9999 -9999 -9999 -9999 -9999 -9999 -9999 -9999 -9999 -9999 -9999 -9999 -9999 -9999 -9999 -9999 -9999 -9999 -9999 -9999 -9999 3.6177E-3 3.54581E-3 3.94363E-3 4.02253E-3 3.91332E-3 3.32173E-3 3.70132E-3 3.34564E-3 4.18137E-3 5.02456E-3 3.73375E-3 3.23185E-3 3.35207E-3 5.12221E-3 5.77067E-3 6.24586E-3 7.07637E-3 -9999 -9999 -9999 -9999 -9999 -9999 -9999 -9999 -9999 -9999 -9999 -9999 -9999 -9999 -9999 -9999 -9999 -9999 -9999 -9999
-9999 -9999 -9999 -9999 -9999 -9999 -9999 -9999 -9999 -9999 -9999 -9999 -9999 -9999 -9999 -9999 -9999 -9999 -9999 -9999 -9999 -9999 -9999 -9999 -9999 -9999 -9999 -9999 -9999 -9999 -9999 -9999 -9999 -9999 -9999 -9999 -9999 -9999 -9999 3.71949E-3 4.69884E-3 5.00168E-3 4.46557E-3 3.55438E-3 3.38396E-3 3.54321E-3 4.28333E-3 5.46207E-3 5.4116E-3 4.39004E-3 4.87198E-3 6.41697E-3 7.55279E-3 7.34471E-3 -9999 -9999 -9999 -9999 -9999 -9999 -9999 -9999 -9999 -9999 -9999 -9999 -9999 -9999 -9999 -9999 -9999 -9999 -9999 -9999 -9999
