ENM/Final_Models/M_1_F_qp_Set_1_EC/Gustavia_santanderiensis_Choco_max.asc
ncols         367
nrows         963
xllcorner     -78.6
yllcorner     0.65
cellsize      0.00833333333333323
NODATA_value  -9999
[rows 264 to 296 of 963, columns 225 to 299 of 367]
1E0 1E0 1E0 1E0 1E0 1E0 1E0 1E0 1E0 1E0 1E0 1E0 1E0 1E0 1E0 1E0 1E0 1E0 9.91847E-1 6.5237E-1 6.62633E-1 5.18339E-1 8.27144E-1 9.90689E-1 1E0 9.99979E-1 9.99369E-1 9.61135E-1 9.93208E-1 9.96001E-1 7.84642E-1 3.89039E-1 3.44752E-1 3.73625E-1 4.2207E-1 6.13826E-1 8.8886E-1 8.17847E-1 9.08321E-1 9.78712E-1 9.8767E-1 9.94022E-1 9.85498E-1 9.33958E-1 7.95315E-1 5.8595E-1 3.66498E-1 3.96654E-1 6.37884E-1 7.83851E-1 2.93269E-1 1.50508E-1 9.3197E-3 1.44086E-2 1.27807E-2 2.85796E-3 6.18141E-2 8.94938E-2 3.09522E-4 4.94373E-3 2.16666E-3 5.03304E-3 1.79981E-3 7.23317E-3 4.68281E-3 5.64482E-3 7.1917E-3 6.53032E-3 -9999 -9999 -9999 -9999 -9999 -9999 -9999
1E0 1E0 1E0 1E0 1E0 1E0 1E0 1E0 1E0 1E0 1E0 1E0 1E0 1E0 1E0 1E0 1E0 1E0 8.31063E-1 3.65994E-1 6.39172E-1 8.58945E-1 9.70231E-1 9.99995E-1 1E0 9.99996E-1 9.99118E-1 9.54331E-1 9.95043E-1 9.85154E-1 7.7374E-1 4.39972E-1 5.04199E-1 5.34323E-1 6.95151E-1 7.18072E-1 8.57816E-1 9.88104E-1 9.99204E-1 9.99982E-1 9.99981E-1 9.88495E-1 9.57325E-1 9.75568E-1 9.10367E-1 7.3807E-1 4.02447E-1 3.99712E-1 6.20001E-1 9.01657E-1 7.37102E-1 6.06342E-1 9.2437E-3 6.37784E-3 7.96349E-3 6.36399E-3 7.35753E-3 4.68659E-2 7.03331E-4 1.28127E-2 6.08897E-3 9.71532E-3 4.37251E-3 4.28722E-3 6.18957E-3 5.99989E-3 4.8266E-3 6.28932E-3 -9999 -9999 -9999 -9999 -9999 -9999 -9999
1E0 1E0 1E0 1E0 1E0 1E0 1E0 1E0 1E0 1E0 1E0 1E0 1E0 1E0 1E0 1E0 1E0 9.99654E-1 4.21634E-1 2.4069E-1 5.61032E-1 6.75308E-1 9.85776E-1 9.82593E-1 9.99073E-1 9.99883E-1 9.98818E-1 9.87458E-1 9.89922E-1 9.98561E-1 9.49868E-1 5.84305E-1 6.51174E-1 8.00141E-1 9.2028E-1 8.56416E-1 8.96433E-1 8.87504E-1 9.99774E-1 9.99935E-1 9.99967E-1 9.93426E-1 9.61497E-1 9.88891E-1 9.98708E-1 9.22043E-1 4.98845E-1 6.76549E-1 6.11949E-1 9.28029E-1 5.85745E-1 5.30405E-1 9.87794E-2 3.05706E-3 7.45291E-3 7.56661E-3 8.33875E-3 1.67432E-3 1.13136E-3 1.05742E-2 9.28444E-3 5.79422E-3 6.77632E-3 9.69361E-3 4.0543E-3 1.08885E-2 5.35244E-3 -9999 -9999 -9999 -9999 -9999 -9999 -9999 -9999
1E0 1E0 1E0 1E0 1E0 1E0 1E0 1E0 1E0 1E0 1E0 1E0 1E0 1E0 1E0 1E0 1E0 9.99074E-1 4.0227E-1 1.28198E-1 3.39976E-1 8.19783E-1 9.41479E-1 9.5766E-1 9.25398E-1 9.99771E-1 9.99655E-1 9.85625E-1 9.4202E-1 9.98278E-1 9.22846E-1 4.56654E-1 6.45208E-1 8.12746E-1 7.91318E-1 7.09924E-1 8.13424E-1 9.22418E-1 9.8714E-1 9.99879E-1 9.99932E-1 9.85543E-1 9.6921E-1 9.755E-1 9.83586E-1 9.99085E-1 7.81461E-1 7.25091E-1 8.43804E-1 5.56969E-1 8.45074E-1 5.74088E-1 2.64257E-1 2.43014E-1 8.77279E-2 3.96022E-3 9.13795E-3 4.29516E-3 7.08686E-4 9.95908E-3 1.20242E-2 7.72695E-3 1.27369E-2 1.5412E-2 1.06042E-2 3.5623E-3 2.62274E-3 1.22474E-3 -9999 -9999 -9999 -9999 -9999 -9999 -9999
1E0 1E0 1E0 1E0 1E0 1E0 1E0 1E0 1E0 1E0 1E0 1E0 1E0 1E0 1E0 1E0 1E0 9.9935E-1 5.32475E-1 2.8135E-1 3.64812E-1 4.438E-1 4.15487E-1 5.64475E-1 6.8685E-1 9.45561E-1 9.99861E-1 9.9827E-1 9.84775E-1 9.99876E-1 9.3998E-1 9.649E-1 8.42545E-1 6.97235E-1 9.38599E-1 9.45444E-1 9.5153E-1 8.66152E-1 9.85328E-1 9.9993E-1 9.98427E-1 9.9919E-1 9.99677E-1 9.99444E-1 9.7095E-1 9.0907E-1 9.98881E-1 9.73816E-1 9.07438E-1 9.71673E-1 8.44553E-1 3.81207E-1 1.08E-1 3.17769E-1 2.19421E-1 1.45851E-1 2.92914E-2 1.65937E-2 3.23233E-3 2.18143E-2 1.60638E-2 2.14566E-2 9.52942E-3 1.30905E-2 7.37671E-3 9.15882E-3 1.06877E-3 7.91313E-4 -9999 -9999 -9999 3.3451E-5 -9999 -9999 -9999
1E0 1E0 1E0 1E0 1E0 1E0 1E0 1E0 1E0 1E0 1E0 1E0 1E0 1E0 1E0 1E0 9.99906E-1 9.95722E-1 7.35937E-1 5.16081E-1 5.13801E-1 3.44332E-1 2.19119E-1 3.40375E-1 5.90181E-1 9.85143E-1 9.93922E-1 1E0 9.83853E-1 9.99144E-1 9.99666E-1 9.96202E-1 9.18414E-1 8.77787E-1 9.85826E-1 9.94073E-1 9.85844E-1 8.84339E-1 9.48549E-1 9.97752E-1 9.96792E-1 9.99559E-1 9.99551E-1 9.99408E-1 9.9782E-1 8.99451E-1 9.80115E-1 9.87975E-1 9.87799E-1 9.96431E-1 9.91455E-1 7.84931E-1 4.41747E-1 4.50568E-1 2.06801E-1 2.45997E-1 3.6532E-1 3.81076E-2 1.54219E-2 2.6905E-2 1.99113E-2 1.68875E-2 1.33526E-2 7.47684E-3 7.61593E-3 2.22585E-3 2.66222E-3 1.21043E-3 -9999 -9999 -9999 3.35812E-5 -9999 -9999 -9999
1E0 1E0 1E0 1E0 1E0 1E0 1E0 1E0 1E0 1E0 1E0 1E0 1E0 1E0 1E0 1E0 1E0 9.9832E-1 5.68089E-1 2.72828E-1 1.36492E-1 2.74111E-1 2.80558E-1 3.31972E-1 4.36373E-1 9.99849E-1 1E0 9.99994E-1 9.99477E-1 9.95186E-1 9.98174E-1 9.85636E-1 9.43208E-1 9.23675E-1 9.71128E-1 9.70232E-1 9.01857E-1 9.55424E-1 9.99947E-1 9.9946E-1 9.99985E-1 1E0 1E0 9.96407E-1 9.70854E-1 9.85406E-1 9.9782E-1 9.5969E-1 8.19501E-1 9.44823E-1 8.12361E-1 8.04362E-1 7.13644E-1 7.23768E-1 5.05708E-1 4.26501E-1 3.97509E-1 4.97415E-2 2.26227E-2 7.42374E-2 7.49504E-2 4.79307E-2 1.96445E-2 1.47827E-2 4.66309E-3 1.88878E-3 2.63049E-3 1.30582E-3 5.57843E-4 1.42952E-3 1.67117E-4 -9999 -9999 -9999 -9999
1E0 1E0 1E0 1E0 1E0 1E0 1E0 1E0 1E0 1E0 1E0 1E0 1E0 1E0 1E0 1E0 1E0 9.99975E-1 2.75795E-1 5.1027E-2 1.57512E-1 2.24992E-1 1.99749E-1 4.10179E-1 3.4923E-1 9.96723E-1 1E0 9.9991E-1 9.99826E-1 9.12109E-1 9.82786E-1 9.75333E-1 9.83876E-1 9.91532E-1 9.99086E-1 9.58783E-1 9.50714E-1 7.82535E-1 9.92218E-1 9.92184E-1 9.9993E-1 9.99973E-1 9.99996E-1 9.9971E-1 9.96021E-1 9.97816E-1 7.38003E-1 2.59524E-1 4.29175E-1 4.64432E-1 4.47966E-1 9.10704E-1 9.07893E-1 1.13689E-1 5.21809E-2 7.87617E-2 8.77007E-2 1.70975E-2 6.33744E-2 7.70634E-2 6.74298E-2 2.98875E-2 1.26064E-2 9.81295E-3 1.16018E-2 8.72842E-3 2.71616E-3 2.45842E-3 4.12752E-4 4.52107E-4 5.99911E-5 2.33972E-5 -9999 -9999 -9999
1E0 1E0 1E0 1E0 1E0 1E0 1E0 1E0 1E0 1E0 1E0 1E0 1E0 1E0 1E0 1E0 1E0 9.98413E-1 7.58121E-1 4.63196E-2 8.76688E-2 2.75631E-1 1.86806E-1 2.95665E-1 1.24255E-1 5.21255E-1 1E0 9.99575E-1 1E0 9.90021E-1 9.81479E-1 9.55106E-1 9.72263E-1 9.22373E-1 8.58893E-1 9.79134E-1 9.89504E-1 9.95484E-1 9.14481E-1 9.92732E-1 9.87338E-1 9.99805E-1 9.99921E-1 9.9987E-1 9.99801E-1 9.87489E-1 9.81458E-1 9.94174E-1 8.79514E-1 6.04625E-1 8.67224E-1 7.65128E-1 8.59277E-1 2.2695E-2 2.68631E-2 9.33518E-2 4.65023E-2 6.03515E-2 9.37462E-2 7.97036E-2 6.6462E-2 5.07212E-2 2.96487E-2 1.70343E-2 2.44095E-2 7.65202E-3 5.11745E-3 3.02081E-3 1.29133E-3 3.53094E-3 4.55345E-4 2.74077E-5 -9999 -9999 -9999
1E0 1E0 1E0 1E0 1E0 1E0 1E0 1E0 1E0 1E0 1E0 1E0 1E0 1E0 1E0 1E0 1E0 9.99994E-1 7.44129E-1 4.6362E-2 7.10092E-2 3.44452E-1 1.51799E-1 1.28106E-1 1.62469E-1 2.69751E-1 9.96474E-1 9.99694E-1 1E0 9.99907E-1 9.29464E-1 9.39128E-1 9.99018E-1 9.70217E-1 9.14215E-1 9.65668E-1 9.98638E-1 9.99999E-1 9.96142E-1 9.86769E-1 9.99906E-1 9.97587E-1 9.99931E-1 9.99964E-1 9.9998E-1 9.98657E-1 9.80505E-1 9.92165E-1 8.94352E-1 8.57383E-1 6.68809E-1 4.65965E-1 5.16248E-1 1.72228E-2 1.33262E-2 5.18906E-2 8.00271E-2 1.14452E-1 4.64701E-2 4.13204E-2 1.83708E-2 2.51806E-2 3.96069E-2 2.94281E-2 2.15896E-2 7.46009E-3 3.42654E-3 2.06247E-3 2.33173E-3 3.67311E-3 2.20577E-3 2.29089E-4 -9999 -9999 -9999
1E0 1E0 1E0 1E0 1E0 1E0 1E0 1E0 1E0 1E0 1E0 1E0 1E0 1E0 1E0 1E0 1E0 1E0 7.76701E-1 1.68681E-1 6.41815E-2 2.98127E-1 4.61577E-1 1.86572E-1 4.48358E-1 3.2626E-1 8.36934E-1 9.99992E-1 1E0 9.99989E-1 9.56237E-1 9.88209E-1 9.93565E-1 9.1764E-1 9.18618E-1 9.88593E-1 9.99928E-1 9.99993E-1 9.99982E-1 9.99245E-1 9.99684E-1 9.92318E-1 9.99701E-1 9.9971E-1 9.98605E-1 9.99849E-1 9.87272E-1 9.93854E-1 9.38099E-1 6.96598E-1 5.84445E-1 4.98891E-1 4.7035E-1 1.3224E-2 2.54745E-3 2.44843E-2 6.18824E-2 1.2812E-1 1.14143E-1 4.99887E-2 1.72307E-2 1.39806E-2 2.16045E-2 1.20193E-2 7.7169E-3 1.26289E-2 1.04316E-2 2.72088E-3 6.01149E-3 9.18896E-3 5.13522E-3 1.57349E-3 2.84715E-3 -9999 -9999
1E0 1E0 1E0 1E0 1E0 1E0 1E0 1E0 1E0 1E0 1E0 1E0 1E0 1E0 1E0 1E0 1E0 1E0 9.19558E-1 3.17062E-1 1.26754E-1 1.01351E-1 3.475E-1 3.40717E-1 3.16262E-1 5.18764E-1 6.68379E-1 9.99443E-1 9.99903E-1 9.97843E-1 9.93451E-1 9.89885E-1 9.95576E-1 9.9843E-1 9.52671E-1 9.78054E-1 9.99999E-1 9.99664E-1 9.96374E-1 9.99817E-1 9.99746E-1 9.52058E-1 9.71974E-1 9.15845E-1 9.95882E-1 9.99697E-1 9.91582E-1 9.62631E-1 9.01444E-1 6.9767E-1 5.04879E-1 5.62457E-1 5.2116E-1 1.06379E-2 2.54782E-3 1.11206E-2 1.52021E-2 4.13559E-2 6.37109E-2 1.36835E-2 3.37242E-2 2.36004E-2 1.46171E-2 4.66966E-3 1.14447E-2 5.97565E-3 1.24047E-2 3.52847E-3 6.69592E-3 5.24615E-3 7.24909E-4 7.80496E-4 8.81342E-4 -9999 -9999
1E0 1E0 1E0 1E0 1E0 1E0 1E0 1E0 1E0 1E0 1E0 1E0 1E0 1E0 1E0 1E0 1E0 1E0 9.97323E-1 5.33511E-1 1.18884E-1 1.53407E-1 4.32661E-1 2.6703E-1 2.41384E-1 3.25179E-1 7.07752E-1 9.94497E-1 9.99794E-1 1E0 9.9419E-1 9.8337E-1 9.97336E-1 9.99999E-1 9.87528E-1 9.98825E-1 9.99994E-1 9.97977E-1 9.12433E-1 9.98959E-1 9.99995E-1 9.99913E-1 9.94418E-1 9.72235E-1 9.47156E-1 9.98442E-1 9.04408E-1 9.87021E-1 9.66061E-1 6.64481E-1 5.21798E-1 4.16754E-1 1.86506E-1 1.30506E-3 9.42432E-4 2.18689E-2 2.37058E-2 1.87643E-2 2.44852E-2 7.95794E-2 1.97686E-2 7.07324E-3 1.59694E-2 9.3386E-3 2.52216E-2 1.25904E-2 5.67803E-3 9.10148E-3 7.65302E-3 7.60525E-3 6.10225E-4 8.48248E-4 2.54712E-3 1.81762E-3 -9999
1E0 1E0 1E0 1E0 1E0 1E0 1E0 1E0 1E0 1E0 1E0 1E0 1E0 1E0 1E0 1E0 1E0 1E0 1E0 5.05551E-1 2.02352E-1 3.56753E-1 4.06747E-1 3.31534E-1 1.72669E-1 3.92329E-1 5.4183E-1 9.99546E-1 9.99704E-1 1E0 9.63273E-1 9.5284E-1 9.987E-1 9.99258E-1 9.97133E-1 9.75158E-1 9.99484E-1 9.98389E-1 9.83937E-1 9.99993E-1 9.99986E-1 9.99199E-1 9.74516E-1 9.79638E-1 8.65331E-1 9.21178E-1 7.7098E-1 8.10171E-1 4.14659E-1 7.35811E-1 4.81467E-1 3.58944E-1 5.31834E-3 1.6861E-2 6.60616E-3 3.34283E-3 5.35202E-3 1.03727E-2 5.43664E-3 7.29902E-2 1.86239E-2 1.11404E-2 7.51986E-3 1.47164E-2 3.98706E-3 1.61566E-2 2.3991E-2 9.96629E-3 2.64246E-3 3.46258E-3 3.26781E-3 1.79295E-3 9.91891E-4 1.66443E-3 1.37242E-3
1E0 1E0 1E0 1E0 1E0 1E0 1E0 1E0 1E0 1E0 1E0 1E0 1E0 1E0 1E0 1E0 1E0 1E0 1E0 6.30774E-1 1.79618E-1 2.34984E-1 1.83395E-1 1.97757E-1 1.42589E-1 1.46812E-1 4.5017E-1 9.99997E-1 9.99995E-1 9.99997E-1 9.93363E-1 9.61195E-1 9.93839E-1 9.97656E-1 9.99996E-1 9.99319E-1 9.98838E-1 9.97751E-1 9.94185E-1 9.99988E-1 9.99995E-1 9.94549E-1 9.18079E-1 9.03459E-1 8.93988E-1 9.45372E-1 9.40465E-1 9.66211E-1 5.92061E-1 3.11004E-1 2.16136E-1 2.71294E-1 8.84927E-3 9.85792E-3 1.33575E-2 1.26026E-2 3.36496E-3 7.30637E-3 2.83176E-3 2.83126E-2 4.18934E-2 1.84557E-2 1.31653E-2 1.82423E-2 5.67454E-3 1.12258E-2 9.19698E-3 1.03169E-2 9.40876E-3 6.59331E-3 7.0523E-3 1.90842E-3 2.84995E-3 1.80175E-3 2.34757E-3
1E0 1E0 1E0 1E0 1E0 1E0 1E0 1E0 1E0 1E0 1E0 1E0 1E0 1E0 1E0 1E0 1E0 1E0 1E0 9.52553E-1 5.89469E-1 5.13798E-1 1.47409E-1 1.12372E-1 1.10914E-1 6.6436E-2 3.86274E-1 9.5503E-1 9.99965E-1 9.99988E-1 9.97569E-1 9.43342E-1 9.38618E-1 9.99468E-1 9.99615E-1 9.97868E-1 9.99511E-1 9.89479E-1 9.99875E-1 9.99993E-1 1E0 9.87611E-1 8.90025E-1 6.54857E-1 7.48552E-1 8.19556E-1 9.55889E-1 8.38915E-1 7.16381E-1 9.59584E-2 6.03604E-2 2.01068E-1 3.57376E-2 2.65467E-2 3.1482E-3 1.85238E-2 1.06545E-2 1.77353E-3 1.31872E-3 1.13184E-2 3.1721E-2 2.67857E-2 2.00419E-2 1.43041E-2 7.97874E-3 5.41102E-3 7.97628E-3 7.58909E-3 7.40213E-3 5.93686E-3 4.95068E-3 1.93486E-3 2.46579E-3 2.79508E-3 4.4181E-3
1E0 1E0 1E0 1E0 1E0 1E0 1E0 1E0 1E0 1E0 1E0 1E0 1E0 1E0 1E0 1E0 1E0 1E0 1E0 1E0 9.95353E-1 3.43313E-1 1.44631E-1 1.96206E-1 1.72645E-1 2.1614E-1 4.50734E-1 9.96319E-1 1E0 9.99987E-1 9.99295E-1 9.94634E-1 9.97548E-1 9.99139E-1 9.98128E-1 9.96329E-1 9.99989E-1 9.94541E-1 9.97352E-1 9.99904E-1 9.99999E-1 9.97396E-1 9.47746E-1 9.33974E-1 8.31562E-1 7.62288E-1 8.94746E-1 4.56565E-1 6.4012E-1 5.1272E-1 3.09366E-1 1.29424E-1 1.52879E-2 7.17271E-3 2.08627E-3 6.82372E-3 3.72179E-3 1.29072E-2 1.2861E-2 4.34707E-2 4.41705E-2 2.96834E-2 3.29889E-3 6.12857E-3 5.59697E-3 4.73107E-3 4.06455E-3 1.69963E-3 1.45695E-2 6.58045E-3 5.50715E-3 4.50831E-3 6.95337E-3 2.01683E-3 9.89681E-4
1E0 1E0 1E0 1E0 1E0 1E0 1E0 1E0 1E0 1E0 1E0 1E0 1E0 1E0 1E0 1E0 1E0 1E0 1E0 1E0 9.97786E-1 1.59649E-1 5.93249E-2 1.46413E-1 2.14545E-1 3.81688E-1 9.27494E-1 1E0 1E0 9.94732E-1 9.99277E-1 9.72336E-1 9.83221E-1 9.90091E-1 9.41125E-1 9.99629E-1 9.99993E-1 9.99758E-1 9.99968E-1 9.99999E-1 1E0 9.98597E-1 9.92705E-1 9.32939E-1 9.73903E-1 7.81046E-1 7.76313E-1 5.06818E-1 5.85853E-2 4.54531E-1 3.41675E-1 2.34946E-1 4.44099E-2 9.94949E-3 5.33668E-3 1.69824E-3 6.26501E-3 1.01421E-2 5.6845E-2 7.49876E-2 2.73481E-2 1.26722E-2 5.74443E-3 4.49428E-3 7.5854E-4 2.21058E-3 6.86422E-4 2.03977E-3 2.21098E-3 1.19783E-2 7.05812E-3 4.8323E-3 4.24934E-3 3.4375E-3 1.85379E-3
1E0 1E0 1E0 1E0 1E0 1E0 1E0 1E0 1E0 1E0 1E0 1E0 1E0 1E0 1E0 1E0 1E0 1E0 1E0 1E0 6.79566E-1 1.85485E-1 8.59529E-2 6.74334E-2 1.48556E-1 3.72448E-1 9.9725E-1 9.99998E-1 1E0 9.99951E-1 9.82387E-1 9.62343E-1 9.24535E-1 8.99466E-1 8.27495E-1 9.17325E-1 9.99301E-1 9.96312E-1 9.76565E-1 9.92056E-1 9.99999E-1 9.99592E-1 9.71487E-1 9.64362E-1 9.86887E-1 9.47618E-1 9.03189E-1 9.21822E-1 9.16884E-1 4.78993E-1 4.30929E-1 2.89254E-1 9.51622E-3 1.57338E-3 1.43411E-2 6.12732E-3 8.55273E-3 1.39075E-2 9.14766E-3 1.28434E-2 9.32275E-3 5.23557E-3 7.70055E-3 3.1292E-3 1.29272E-3 1.68701E-3 1.25131E-3 1.7651E-3 2.58626E-3 5.68E-3 5.38417E-3 5.32744E-3 3.2112E-3 1.09953E-3 3.91079E-3
1E0 1E0 1E0 1E0 1E0 1E0 1E0 1E0 1E0 1E0 1E0 1E0 1E0 1E0 1E0 1E0 1E0 1E0 1E0 1E0 8.83653E-1 1.13698E-1 3.70319E-1 1.96716E-1 1.79258E-1 4.10437E-1 9.99166E-1 1E0 1E0 9.99994E-1 9.29601E-1 7.46083E-1 8.92705E-1 9.62815E-1 9.9004E-1 9.65076E-1 9.99998E-1 9.81043E-1 8.03017E-1 8.87444E-1 9.89968E-1 9.85186E-1 9.66916E-1 9.61925E-1 8.80226E-1 7.27001E-1 6.3271E-1 7.03071E-1 6.88594E-2 1.99349E-2 4.52194E-2 2.75685E-2 1.78446E-2 2.25372E-2 2.95383E-3 3.24344E-3 2.11658E-3 4.55906E-3 9.55626E-3 4.66707E-3 1.51952E-2 1.15163E-2 9.13755E-3 8.44862E-3 2.74018E-3 8.57418E-4 2.4036E-3 7.4943E-4 2.85151E-3 1.29531E-2 1.92222E-2 2.86065E-3 2.86361E-3 3.21566E-3 3.6622E-3
1E0 1E0 1E0 1E0 1E0 1E0 1E0 1E0 1E0 1E0 1E0 1E0 1E0 1E0 1E0 1E0 1E0 1E0 1E0 1E0 8.05949E-1 1.13977E-1 2.21926E-1 2.15487E-1 2.5211E-1 3.72609E-1 9.99222E-1 1E0 1E0 1E0 9.7354E-1 9.48217E-1 9.73408E-1 9.2744E-1 8.97327E-1 9.7557E-1 9.99298E-1 9.99161E-1 9.92124E-1 9.84544E-1 7.54163E-1 9.87332E-1 9.89219E-1 7.83126E-1 6.83929E-1 5.94103E-1 4.02583E-1 4.3014E-1 9.14465E-2 3.82494E-2 6.42378E-3 6.71807E-3 2.56495E-2 6.38702E-3 3.34928E-3 3.02427E-3 2.69005E-3 4.6196E-3 3.71532E-3 4.04235E-3 2.83215E-2 8.67844E-3 6.33811E-3 3.23741E-3 3.65403E-3 1.76668E-3 6.64837E-4 2.15032E-3 1.09398E-3 6.54209E-3 1.34887E-2 7.51839E-3 6.79821E-3 2.4201E-3 1.48753E-3
1E0 1E0 1E0 1E0 1E0 1E0 1E0 1E0 1E0 1E0 1E0 1E0 1E0 1E0 1E0 1E0 1E0 1E0 1E0 1E0 9.96124E-1 1.87434E-1 2.53404E-1 2.43772E-1 2.12224E-1 1.7406E-1 9.56076E-1 1E0 1E0 1E0 9.50339E-1 9.34549E-1 9.29337E-1 9.89571E-1 9.73396E-1 9.95069E-1 9.89229E-1 9.99927E-1 9.99752E-1 9.73982E-1 8.85893E-1 9.50074E-1 9.71601E-1 9.17027E-1 8.57138E-1 5.24699E-1 3.79884E-1 2.39863E-1 3.52845E-1 3.75296E-2 2.08674E-2 1.41102E-2 2.19033E-3 9.97549E-4 5.82663E-4 1.90894E-3 3.69175E-3 4.72938E-3 5.38687E-3 2.71096E-3 6.56744E-3 9.55111E-3 2.5535E-3 5.80878E-3 2.00491E-3 1.01691E-3 1.63853E-3 1.1246E-3 1.59564E-3 5.83176E-3 3.93669E-3 4.5467E-3 4.9825E-3 2.51185E-3 2.21795E-3
1E0 1E0 1E0 1E0 1E0 1E0 1E0 1E0 1E0 1E0 1E0 1E0 1E0 1E0 1E0 1E0 1E0 1E0 1E0 1E0 9.99495E-1 1.01006E-1 2.91548E-1 3.29679E-1 3.10584E-1 3.3036E-1 9.97067E-1 1E0 1E0 1E0 9.99893E-1 9.96546E-1 8.63726E-1 9.99868E-1 9.99919E-1 9.81467E-1 9.98171E-1 9.9997E-1 9.93358E-1 8.78751E-1 6.49571E-1 9.00357E-1 2.61641E-1 1.37132E-1 6.64764E-1 7.32812E-1 3.60802E-2 6.03713E-1 3.43899E-1 3.10761E-1 2.02384E-3 1.88196E-2 1.601E-3 1.01022E-3 5.22528E-4 1.17096E-3 3.08309E-3 5.12557E-3 5.14371E-3 3.15769E-3 3.7801E-3 5.37145E-3 6.32146E-3 6.36405E-3 1.63055E-3 1.36419E-3 7.57362E-4 1.2393E-3 2.40996E-3 4.8665E-3 5.57593E-3 4.31158E-3 3.38292E-3 1.60888E-3 1.4747E-3
1E0 1E0 1E0 1E0 1E0 1E0 1E0 1E0 1E0 1E0 1E0 1E0 1E0 1E0 1E0 1E0 1E0 1E0 1E0 1E0 1E0 2.41974E-1 1.37375E-1 3.32537E-1 4.01279E-1 7.80384E-1 9.97846E-1 1E0 1E0 9.99988E-1 1E0 9.9998E-1 9.9908E-1 9.5835E-1 9.92811E-1 9.9903E-1 9.99891E-1 9.99996E-1 9.6852E-1 9.97983E-1 8.83117E-1 7.75322E-1 3.90078E-1 7.24421E-1 6.84757E-1 6.47573E-1 1.53801E-1 9.36614E-2 2.46917E-1 2.49941E-1 3.90582E-2 1.50947E-2 7.16884E-3 7.43464E-3 4.89386E-3 1.05973E-3 2.89098E-3 6.14001E-3 4.04387E-3 2.44097E-3 2.07811E-3 2.9349E-3 1.96569E-3 1.62368E-3 1.21351E-3 2.88362E-3 3.09937E-3 2.2613E-3 8.96264E-4 5.10731E-3 6.86237E-3 3.6436E-3 7.4799E-3 3.27579E-3 3.45239E-3
1E0 1E0 1E0 1E0 1E0 1E0 1E0 1E0 1E0 1E0 1E0 1E0 1E0 1E0 1E0 1E0 1E0 1E0 1E0 1E0 1E0 6.8792E-1 1.32465E-1 2.39586E-1 3.20171E-1 6.88346E-1 9.99909E-1 1E0 1E0 1E0 9.99997E-1 9.99921E-1 9.99944E-1 9.55979E-1 9.38562E-1 9.69854E-1 9.23665E-1 9.99617E-1 1E0 9.99975E-1 9.28825E-1 9.74353E-1 9.47069E-1 9.98874E-1 9.99577E-1 9.78128E-1 7.88073E-1 1.46296E-1 9.53068E-2 3.347E-1 1.37424E-1 6.74012E-3 1.55992E-2 6.56685E-3 1.04476E-2 8.5127E-4 2.27992E-3 3.88408E-3 2.42457E-3 2.2807E-3 2.58149E-3 2.55583E-3 1.31033E-3 3.06028E-3 4.17911E-3 3.84087E-3 2.49838E-3 8.37747E-4 2.07701E-3 4.00605E-3 7.97568E-3 8.76818E-3 8.37282E-3 7.75956E-3 3.49622E-3
1E0 1E0 1E0 1E0 1E0 1E0 1E0 1E0 1E0 1E0 1E0 1E0 1E0 1E0 1E0 1E0 1E0 1E0 1E0 1E0 1E0 1E0 4.94384E-1 2.15291E-1 3.55477E-1 7.40911E-1 9.98542E-1 1E0 1E0 1E0 9.99912E-1 9.83145E-1 9.61914E-1 9.01407E-1 7.9612E-1 9.69774E-1 9.94262E-1 8.19928E-1 9.99739E-1 9.94011E-1 9.99987E-1 9.98488E-1 9.98676E-1 9.99867E-1 9.99961E-1 9.97921E-1 9.57049E-1 8.24945E-1 5.69516E-1 4.17506E-1 1.71763E-2 1.98548E-2 6.5262E-3 7.19943E-3 1.28445E-2 7.3893E-3 2.56827E-3 9.02505E-4 1.52601E-3 2.0682E-3 2.50256E-3 3.95385E-3 1.74804E-3 3.26948E-3 4.73727E-3 2.6996E-3 1.6545E-3 6.73172E-4 4.36769E-3 4.24818E-3 3.88849E-3 4.00668E-3 6.504E-3 1.30287E-2 4.52661E-3
1E0 1E0 1E0 1E0 1E0 1E0 1E0 1E0 1E0 1E0 1E0 1E0 1E0 1E0 1E0 1E0 1E0 1E0 1E0 1E0 1E0 1E0 9.98478E-1 7.00117E-1 4.93565E-1 1E0 1E0 1E0 1E0 1E0 9.99873E-1 9.94948E-1 9.50879E-1 9.62103E-1 9.18893E-1 9.85289E-1 9.38698E-1 9.89735E-1 8.33635E-1 8.81677E-1 9.74855E-1 9.5326E-1 9.68067E-1 9.46943E-1 9.99718E-1 9.98579E-1 9.84549E-1 9.65784E-1 8.00183E-1 4.6492E-1 1.79424E-1 2.65807E-2 3.60519E-2 1.61802E-2 2.76525E-2 7.45709E-3 9.81378E-3 3.67114E-3 9.81965E-4 1.72954E-3 1.85034E-3 1.40775E-3 1.01801E-3 1.36902E-3 1.31024E-3 2.15467E-3 1.99021E-3 2.03324E-3 3.3412E-3 7.46461E-3 1.10609E-2 1.27279E-2 1.28275E-2 9.90694E-3 7.68108E-3
1E0 1E0 1E0 1E0 1E0 1E0 1E0 1E0 1E0 1E0 1E0 1E0 1E0 1E0 1E0 1E0 1E0 1E0 1E0 1E0 1E0 1E0 9.99998E-1 9.99747E-1 9.80892E-1 1E0 1E0 1E0 1E0 1E0 1E0 9.85669E-1 9.46581E-1 9.78181E-1 9.72361E-1 9.50163E-1 9.16633E-1 9.6034E-1 9.98931E-1 9.95803E-1 7.95502E-1 6.46544E-1 8.24132E-1 8.34802E-1 9.84704E-1 7.94186E-1 8.04135E-1 7.79286E-1 7.32896E-1 7.58314E-1 3.30506E-1 3.41318E-2 8.15954E-2 3.05857E-2 1.10284E-2 2.00982E-2 1.36099E-2 2.60372E-3 1.26554E-3 1.80148E-3 9.90862E-4 8.24323E-4 1.52831E-3 1.87147E-3 2.54475E-3 2.64564E-3 2.0281E-3 4.57191E-3 2.73724E-3 4.01229E-3 9.34155E-3 1.42815E-2 1.40603E-2 7.86361E-3 6.91011E-3
1E0 1E0 1E0 1E0 1E0 1E0 1E0 1E0 1E0 1E0 1E0 1E0 1E0 1E0 1E0 1E0 1E0 1E0 1E0 1E0 1E0 1E0 1E0 9.99748E-1 9.99999E-1 1E0 1E0 1E0 1E0 1E0 9.98894E-1 9.73308E-1 9.83887E-1 9.85824E-1 9.91059E-1 6.97412E-1 8.88558E-1 8.85187E-1 9.97026E-1 9.99998E-1 9.78719E-1 7.31208E-1 8.1852E-1 9.05757E-1 5.45029E-1 7.45834E-1 4.06758E-1 6.66312E-1 6.02592E-1 8.11312E-1 6.78565E-1 9.27395E-2 8.8315E-2 9.69967E-3 6.1554E-3 3.63433E-3 1.52681E-2 2.55123E-3 1.00023E-3 9.30096E-4 8.46499E-4 1.35059E-4 6.68068E-4 2.47519E-3 2.51774E-3 1.07607E-3 2.15414E-3 1.96021E-3 3.70976E-3 6.47598E-3 1.02573E-2 8.14192E-3 1.03539E-2 1.69478E-2 5.89095E-3
1E0 1E0 1E0 1E0 1E0 1E0 1E0 1E0 1E0 1E0 1E0 1E0 1E0 1E0 1E0 1E0 1E0 1E0 1E0 1E0 1E0 1E0 1E0 9.9824E-1 1E0 1E0 1E0 1E0 1E0 1E0 9.9975E-1 8.87951E-1 9.67541E-1 9.73095E-1 8.86523E-1 5.04581E-1 8.90097E-1 8.72845E-1 9.94508E-1 9.99966E-1 9.68929E-1 8.37816E-1 8.22966E-1 7.44483E-1 4.62155E-1 2.48074E-1 4.11435E-1 2.98623E-1 1.91276E-1 7.98687E-1 9.02653E-1 5.48814E-1 1.52771E-2 3.52679E-2 2.45924E-3 1.26E-3 1.26512E-3 8.87419E-4 2.82004E-4 3.2789E-4 3.62353E-4 4.08535E-4 3.59312E-3 4.93493E-3 2.46456E-3 5.91983E-3 2.25441E-3 1.76862E-3 3.88161E-3 6.08918E-3 5.57187E-3 2.09408E-3 7.21526E-3 1.88275E-2 4.25549E-3
1E0 1E0 1E0 1E0 1E0 1E0 1E0 1E0 1E0 1E0 1E0 1E0 1E0 1E0 1E0 1E0 1E0 1E0 1E0 1E0 1E0 1E0 1E0 9.99831E-1 1E0 1E0 1E0 1E0 1E0 9.99981E-1 9.73847E-1 9.86284E-1 9.51483E-1 8.15964E-1 8.87285E-1 7.88017E-1 9.59447E-1 9.94565E-1 9.99996E-1 9.9766E-1 9.26175E-1 9.91448E-1 9.87358E-1 9.95873E-1 9.92478E-1 5.96726E-1 2.36933E-1 3.40281E-1 7.92761E-1 9.59355E-1 8.96539E-1 5.36003E-1 2.981E-1 4.55964E-3 9.93119E-3 4.74755E-3 1.34337E-3 4.53521E-4 9.08048E-4 8.44259E-4 1.02005E-3 6.30425E-4 1.64739E-3 4.05194E-3 3.24195E-3 3.99413E-3 2.81894E-3 3.16985E-3 2.6759E-3 1.97908E-3 1.56376E-3 1.26238E-3 2.43439E-3 2.55133E-3 3.86987E-3
1E0 1E0 1E0 1E0 1E0 1E0 1E0 1E0 1E0 1E0 1E0 1E0 1E0 1E0 1E0 1E0 1E0 1E0 1E0 1E0 1E0 1E0 1E0 1E0 1E0 1E0 1E0 1E0 9.99983E-1 9.921E-1 9.87553E-1 9.94121E-1 9.90041E-1 9.93395E-1 9.53874E-1 9.96211E-1 8.93565E-1 9.971E-1 9.79847E-1 9.99098E-1 9.99992E-1 9.99998E-1 9.99882E-1 9.97712E-1 9.81392E-1 9.9981E-1 9.6511E-1 7.5808E-1 8.78666E-1 9.54917E-1 6.94431E-1 7.34863E-1 3.65617E-1 1.70381E-2 1.02496E-2 5.52464E-3 9.91011E-4 7.39715E-4 3.5649E-4 4.05194E-4 2.50056E-3 2.3933E-3 1.4167E-3 1.44425E-3 3.88438E-3 6.28379E-3 6.86088E-3 3.86703E-3 2.52949E-3 1.95364E-3 1.05123E-3 9.98943E-4 1.04369E-3 1.54538E-3 5.82747E-4
1E0 1E0 1E0 1E0 1E0 1E0 1E0 1E0 1E0 1E0 1E0 1E0 1E0 1E0 1E0 1E0 1E0 1E0 1E0 1E0 1E0 1E0 1E0 1E0 1E0 1E0 1E0 1E0 1E0 9.99994E-1 9.9997E-1 9.99609E-1 9.9112E-1 9.85237E-1 9.99134E-1 9.19973E-1 9.97585E-1 9.70569E-1 9.99755E-1 9.99356E-1 9.99426E-1 9.99624E-1 9.99552E-1 3.2662E-1 1.56955E-1 7.74781E-1 9.21693E-1 3.94117E-1 3.35714E-1 3.58764E-1 2.32114E-1 5.78409E-1 8.58205E-3 4.21956E-3 3.41695E-3 8.12425E-4 3.16457E-4 3.10262E-4 6.21394E-4 7.50629E-4 2.0287E-3 2.52099E-3 4.34263E-3 6.2723E-3 2.22361E-3 1.23658E-3 3.37602E-3 7.22464E-3 4.00137E-3 4.26957E-3 3.70723E-3 9.43386E-4 9.92914E-4 1.0844E-3 7.65863E-4
