ENM/Final_Models/M_1_F_qp_Set_1_EC/Gustavia_santanderiensis_7_Choco_clamping.asc
ncols         367
nrows         963
xllcorner     -78.6
yllcorner     0.65
cellsize      0.00833333333333323
NODATA_value  -9999
[rows 434 to 464 of 963, columns 140 to 209 of 367]
-9999 -9999 -9999 -9999 -9999 -9999 -9999 -9999 -9999 -9999 -9999 -9999 -9999 -9999 -9999 4.07862E-5 1.33631E-4 1.8626E-4 2.13304E-3 2.29826E-3 2.52218E-3 4.32464E-4 7.17522E-4 2.7992E-4 1.07773E-8 9.67221E-10 3.73425E-6 5.27645E-6 9.64338E-6 1.18856E-6 3.00246E-6 2.7435E-5 8.38745E-5 1.43965E-6 3.1476E-5 1.87327E-4 5.02384E-5 7.27382E-5 2.42659E-4 4.05026E-5 9.23058E-7 2.42547E-5 3.92043E-6 5.73704E-5 2.05102E-5 1.02777E-6 5.43854E-6 2.22976E-9 3.3636E-7 5.06675E-7 3.34558E-10 1.57766E-7 1.96207E-5 5.27114E-8 2.7778E-8 8.99656E-8 4.69854E-9 4.13287E-11 8.30606E-8 2.11331E-12 1.55591E-11 2.16049E-12 1.11191E-11 1.26357E-11 6.20037E-12 1.16224E-11 1.51673E-11 2.22007E-11 1.65897E-11 3.8794E-10
-9999 -9999 -9999 -9999 -9999 -9999 -9999 -9999 -9999 -9999 -9999 -9999 -9999 -9999 -9999 4.84958E-4 7.88897E-4 1.89285E-3 8.41813E-4 1.8294E-3 1.15555E-3 7.21974E-5 2.16455E-5 4.31652E-5 1.11714E-5 2.35458E-11 4.8897E-6 2.23491E-7 9.55395E-7 1.50042E-6 4.03443E-6 1.08245E-5 3.46117E-5 5.56857E-5 2.67951E-4 1.84063E-4 2.42374E-4 8.10953E-6 3.0085E-5 2.47269E-6 2.89557E-7 2.95315E-7 1.55069E-6 9.80507E-7 1.92828E-6 3.99353E-7 1.78849E-5 1.97775E-7 5.11229E-8 1.70732E-6 4.76992E-8 2.99414E-8 4.94902E-5 1.19823E-6 4.36499E-7 3.66174E-7 8.51985E-9 2.1451E-8 1.09702E-10 1.2457E-11 8.454E-11 1.9697E-11 9.82958E-12 5.07119E-10 1.48264E-9 7.82954E-11 3.12004E-10 3.18597E-10 5.1148E-12 4.41347E-12
-9999 -9999 -9999 -9999 -9999 -9999 -9999 -9999 -9999 -9999 -9999 -9999 -9999 -9999 -9999 3.161E-5 2.47757E-4 7.86836E-5 1.60663E-4 1.44296E-3 1.10393E-4 1.72655E-5 2.46097E-5 1.21461E-5 2.97377E-7 7.8392E-9 4.7357E-6 4.10337E-7 8.64224E-7 5.60061E-7 7.31451E-6 5.89272E-7 8.61248E-6 7.81106E-5 2.52211E-4 1.94825E-4 6.12458E-4 3.96662E-5 8.78111E-6 4.75976E-6 3.72019E-8 9.96026E-6 7.502E-5 1.80801E-4 4.77914E-4 9.85633E-5 1.4115E-6 4.22398E-5 2.14244E-4 8.9482E-6 1.08993E-4 1.04115E-5 8.89186E-7 2.75527E-4 2.1442E-6 2.89735E-6 2.45738E-7 6.00231E-11 4.46733E-9 2.96448E-10 1.66536E-9 3.12851E-10 1.39172E-10 2.88514E-8 2.45014E-7 1.28021E-8 7.70664E-9 3.03763E-8 6.13111E-10 2.84579E-11
-9999 -9999 -9999 -9999 -9999 -9999 -9999 -9999 -9999 -9999 -9999 -9999 -9999 -9999 -9999 2.88786E-5 3.28901E-7 2.02845E-6 2.3698E-4 1.16896E-3 3.20901E-4 1.08366E-4 9.45811E-6 7.82597E-7 2.72525E-7 4.72198E-8 6.26976E-5 3.61221E-5 2.13991E-6 9.56999E-6 8.61867E-5 1.36805E-5 6.90727E-6 9.4342E-7 4.05864E-5 3.88349E-6 3.8613E-5 6.04961E-5 7.64842E-6 1.10126E-5 7.32593E-7 1.16829E-5 4.40531E-7 5.73789E-5 4.06974E-5 6.35354E-5 9.3689E-5 9.42979E-5 5.02235E-5 2.58221E-6 1.25392E-4 4.95686E-5 1.8892E-6 6.32016E-5 1.20432E-4 2.77213E-5 1.76571E-7 8.13747E-10 1.36455E-9 1.22212E-8 3.39359E-10 2.6458E-10 1.70781E-9 1.15407E-8 1.6155E-9 2.45203E-8 1.28136E-11 3.60229E-10 7.63034E-11 4.03969E-10
-9999 -9999 -9999 -9999 -9999 -9999 -9999 -9999 -9999 -9999 -9999 -9999 -9999 -9999 -9999 1.99686E-5 1.35936E-6 2.19989E-6 2.7838E-4 1.14073E-3 1.00507E-4 3.43305E-7 6.55401E-5 6.73353E-8 2.76746E-6 4.70305E-8 3.07118E-6 7.51185E-6 6.57155E-6 1.2546E-5 1.97622E-5 8.35177E-5 1.73339E-7 7.14444E-5 4.99515E-4 3.04215E-4 1.13658E-4 1.45826E-4 3.72902E-6 2.99337E-7 4.88569E-6 1.05259E-6 1.16456E-6 6.93866E-5 1.58351E-4 3.85465E-5 9.03265E-6 1.06262E-4 5.09691E-5 1.01423E-5 3.12027E-4 1.06015E-4 4.92847E-6 1.69911E-5 1.20131E-4 1.28687E-5 5.3654E-6 4.69642E-7 2.02251E-7 3.90831E-7 2.23251E-9 1.01614E-8 3.16826E-9 2.70082E-9 2.67658E-8 1.09277E-9 1.58773E-9 2.49208E-9 4.2486E-10 7.35763E-10
-9999 -9999 -9999 -9999 -9999 -9999 -9999 -9999 -9999 -9999 -9999 -9999 -9999 -9999 -9999 7.72315E-7 5.80595E-5 1.82393E-5 2.22983E-5 1.73625E-4 8.06903E-7 3.15918E-7 1.18254E-5 5.84706E-6 8.98352E-5 3.34879E-6 6.54571E-8 4.79388E-7 3.14941E-5 8.1174E-5 4.60525E-6 2.40942E-6 2.57691E-6 4.18821E-6 1.80815E-4 3.97423E-4 3.21438E-4 1.54659E-4 7.28861E-5 3.0854E-6 1.38214E-5 1.56811E-6 9.87146E-6 8.58812E-5 6.65251E-5 2.22884E-5 4.28979E-5 1.37753E-5 1.05518E-5 5.76938E-4 2.59016E-4 3.46504E-5 1.14584E-5 3.82319E-6 9.94194E-6 1.05063E-5 2.08907E-7 3.25762E-8 1.30438E-9 3.84801E-8 5.15838E-10 1.63217E-11 6.84338E-9 3.78792E-10 3.03979E-10 6.4567E-11 3.41063E-10 1.02375E-11 2.65108E-10 6.78476E-9
-9999 -9999 -9999 -9999 -9999 -9999 -9999 -9999 -9999 -9999 -9999 -9999 -9999 -9999 -9999 4.43208E-6 3.30424E-5 5.96267E-5 1.39402E-4 3.21277E-4 1.1789E-6 5.18321E-6 2.12248E-5 3.08087E-5 2.39668E-6 7.93931E-8 1.11359E-6 1.05369E-7 1.35335E-7 1.63491E-7 1.88084E-9 8.96263E-7 1.31444E-9 4.17997E-7 1.29267E-4 1.76074E-4 5.31753E-4 3.90565E-4 2.79979E-5 5.98245E-6 5.71159E-5 9.6776E-6 2.93626E-6 2.66058E-5 5.51705E-5 1.27251E-4 1.51988E-5 2.024E-6 8.79938E-6 2.40568E-5 1.19508E-4 1.91673E-5 8.49271E-7 5.59975E-7 1.07417E-5 5.25047E-5 5.26596E-7 8.2635E-12 2.24373E-11 3.6543E-12 8.00244E-10 3.30773E-7 3.68505E-9 1.71509E-8 8.18495E-9 2.91226E-9 2.03537E-9 1.45794E-11 2.79498E-11 1.38283E-10
-9999 -9999 -9999 -9999 -9999 -9999 -9999 -9999 -9999 -9999 -9999 -9999 -9999 -9999 -9999 -9999 1.96628E-5 7.35946E-6 2.74388E-7 4.04893E-7 1.14356E-5 3.0504E-6 3.23889E-5 3.99979E-5 1.14211E-9 4.44475E-8 1.15771E-6 3.87314E-6 2.74654E-6 3.07588E-7 1.70033E-5 1.83495E-7 6.91613E-7 1.0484E-6 1.78429E-5 4.86618E-4 1.06599E-4 1.66277E-5 3.69469E-5 9.92888E-5 1.27363E-5 1.4611E-5 1.44179E-4 2.08761E-5 1.58601E-5 4.39281E-6 1.72637E-6 9.92446E-6 7.72842E-7 1.83784E-6 2.08849E-8 3.2331E-7 4.5249E-7 4.42292E-9 1.69942E-9 2.42973E-8 6.77002E-7 1.13509E-7 1.76863E-7 5.84512E-10 1.27419E-9 4.11209E-9 1.10344E-8 2.96038E-7 1.07203E-9 2.51041E-11 5.18111E-9 1.27412E-9 7.06303E-9 7.72951E-11
-9999 -9999 -9999 -9999 -9999 -9999 -9999 -9999 -9999 -9999 -9999 -9999 -9999 -9999 -9999 -9999 7.22757E-6 5.84442E-7 2.52641E-6 1.62326E-7 4.0108E-7 4.94817E-8 7.66985E-9 2.96504E-7 4.62133E-7 1.13394E-5 1.42429E-6 8.22181E-7 3.42585E-8 2.53219E-10 2.07682E-7 1.68977E-6 8.74278E-7 9.03301E-6 1.96126E-5 2.5364E-5 4.62723E-5 2.03296E-5 9.23129E-5 1.81304E-4 4.60224E-6 6.50319E-6 2.69272E-7 3.9812E-6 1.35401E-7 4.46229E-8 9.09271E-8 4.86421E-7 2.74823E-9 5.33987E-10 1.17245E-7 7.09254E-9 1.38993E-6 4.7977E-8 2.16642E-9 4.60237E-8 1.26609E-6 3.39308E-6 3.75003E-10 1.53552E-9 1.85561E-10 1.43771E-11 2.73879E-9 1.33971E-8 1.75372E-11 8.67906E-10 4.50629E-8 4.91656E-7 8.02152E-7 2.9958E-9
-9999 -9999 -9999 -9999 -9999 -9999 -9999 -9999 -9999 -9999 -9999 -9999 -9999 -9999 -9999 -9999 4.45945E-8 3.89439E-5 4.02282E-5 1.93289E-4 1.9133E-9 3.59911E-8 2.59328E-7 1.81484E-7 2.30402E-7 1.05158E-5 4.59102E-7 6.61181E-6 7.88511E-7 5.95172E-7 5.59544E-9 1.01134E-7 4.29485E-7 1.21813E-5 7.87518E-5 2.89356E-5 2.45618E-4 1.12754E-4 6.41241E-4 7.4081E-5 2.3044E-5 2.54626E-7 7.46215E-10 1.29384E-5 4.53919E-7 1.9819E-5 3.86166E-6 4.39089E-6 6.32522E-7 1.2399E-8 1.50596E-8 3.82166E-8 2.77311E-8 2.262E-7 8.36261E-10 2.52264E-8 4.68732E-8 4.67463E-9 1.55007E-7 7.25788E-7 4.28366E-11 1.73614E-8 5.8432E-11 1.40853E-11 2.21746E-9 3.61637E-7 2.61733E-10 4.76247E-8 1.08051E-7 8.20921E-8
-9999 -9999 -9999 -9999 -9999 -9999 -9999 -9999 -9999 -9999 -9999 -9999 -9999 -9999 -9999 -9999 6.52728E-7 9.8081E-6 2.93765E-6 2.07037E-6 5.90793E-6 5.56139E-8 3.31852E-10 2.02137E-5 1.98702E-4 3.53334E-5 6.38376E-5 2.5063E-5 5.92052E-7 7.9394E-8 1.90734E-6 1.60429E-6 3.0939E-6 8.83588E-5 4.33174E-6 2.01341E-6 9.4129E-5 3.66025E-5 8.49153E-5 4.2674E-5 5.40508E-5 3.27992E-6 1.07942E-8 1.04365E-7 6.19134E-7 6.85141E-5 3.59128E-5 1.70777E-6 2.31577E-6 4.80181E-6 2.68577E-7 2.3574E-8 6.98406E-9 7.87661E-7 1.59897E-7 2.44637E-10 1.1632E-8 3.06123E-9 2.06817E-10 9.56025E-7 1.97191E-10 2.26723E-9 9.94526E-9 1.68496E-9 1.68613E-11 4.30902E-6 1.41433E-8 1.03606E-6 1.41784E-6 2.04197E-9
-9999 -9999 -9999 -9999 -9999 -9999 -9999 -9999 -9999 -9999 -9999 -9999 -9999 -9999 -9999 -9999 3.72817E-6 1.17761E-4 4.53085E-7 5.19944E-5 3.34497E-4 5.54298E-7 5.32483E-5 3.51037E-4 1.49545E-4 5.41258E-5 6.19087E-6 2.09754E-6 6.69554E-6 5.5056E-6 3.77729E-6 8.35175E-6 5.71318E-6 2.79138E-5 5.26361E-6 2.7703E-6 1.02529E-4 7.63101E-6 1.69903E-5 1.25466E-4 1.3839E-4 6.25968E-4 1.35982E-6 3.60849E-5 5.30039E-6 2.36651E-5 1.61572E-6 6.00328E-6 3.73035E-8 3.56749E-7 2.40085E-6 1.79153E-7 1.4339E-8 3.90991E-8 2.13969E-8 4.9567E-8 1.26358E-8 4.13554E-9 6.72153E-11 5.89536E-9 9.60349E-10 5.35564E-10 8.52597E-9 8.86597E-10 1.14462E-11 3.65445E-7 4.76462E-8 2.11299E-7 3.53085E-9 2.11748E-10
-9999 -9999 -9999 -9999 -9999 -9999 -9999 -9999 -9999 -9999 -9999 -9999 -9999 -9999 -9999 -9999 -9999 1.04999E-4 8.77972E-5 1.11875E-4 6.68071E-4 1.23122E-3 3.26307E-4 2.71146E-4 1.17223E-4 7.11392E-6 5.82017E-7 5.18029E-7 9.43024E-6 8.53855E-5 1.28591E-4 1.13216E-5 4.25941E-5 4.89446E-6 7.01287E-7 5.56968E-7 2.75957E-7 1.81935E-7 1.44656E-6 1.06439E-4 2.05524E-4 1.94859E-5 1.03303E-5 1.33003E-5 1.13818E-4 2.16567E-7 9.86146E-7 5.23579E-8 5.61025E-6 6.16076E-6 4.28473E-8 3.46793E-9 1.46953E-7 1.67754E-8 2.12423E-9 7.19479E-8 3.08742E-9 1.68847E-9 2.98628E-11 1.44884E-12 1.50963E-9 8.1389E-11 4.17239E-10 5.81448E-9 2.5952E-11 1.05173E-10 4.21547E-9 4.08377E-9 3.75281E-9 1.34938E-11
-9999 -9999 -9999 -9999 -9999 -9999 -9999 -9999 -9999 -9999 -9999 -9999 -9999 -9999 -9999 -9999 -9999 1.07582E-4 1.88936E-5 3.4678E-5 2.21949E-3 1.82951E-3 2.7723E-4 4.20364E-5 3.1096E-5 9.09537E-6 7.85646E-7 8.68539E-7 1.43758E-7 1.09923E-4 1.76464E-4 4.58892E-5 4.33084E-5 1.79931E-6 1.21296E-8 6.71494E-10 1.04425E-4 3.83385E-4 2.518E-6 1.19703E-4 1.06817E-4 3.92844E-4 1.22006E-3 9.92781E-4 1.36442E-4 1.0721E-4 9.21358E-5 1.11918E-5 1.13229E-5 4.8867E-7 9.2717E-8 3.3383E-7 1.02439E-6 2.03679E-7 6.63806E-8 3.00043E-7 6.06688E-9 1.81425E-7 2.07543E-8 1.41887E-8 7.49499E-9 8.78457E-8 2.67953E-8 1.05803E-9 5.40727E-11 2.56979E-10 2.08748E-9 6.34366E-11 2.13488E-8 2.09025E-10
-9999 -9999 -9999 -9999 -9999 -9999 -9999 -9999 -9999 -9999 -9999 -9999 -9999 -9999 -9999 -9999 -9999 2.67266E-4 3.36595E-4 3.00144E-4 3.89614E-4 8.09072E-4 4.19413E-4 2.23665E-5 3.39822E-5 2.36386E-5 3.45836E-6 6.00049E-5 2.09653E-5 1.89269E-6 2.87654E-6 2.00342E-5 1.91602E-5 4.6566E-6 2.51534E-7 2.5367E-6 2.7443E-6 4.39884E-5 1.13901E-6 1.34103E-4 7.90018E-4 2.04744E-3 1.49539E-3 3.86247E-4 2.78862E-4 4.74704E-5 5.99835E-5 1.67211E-5 1.59251E-6 4.02835E-7 1.00319E-7 3.48351E-6 2.97699E-6 4.61955E-7 1.72155E-6 4.59601E-8 6.52034E-8 2.1216E-8 4.41256E-7 3.77772E-7 1.38949E-8 8.97818E-9 6.84172E-9 1.00429E-9 3.79321E-10 2.38987E-10 5.52085E-7 1.59119E-10 4.34364E-10 2.19084E-9
-9999 -9999 -9999 -9999 -9999 -9999 -9999 -9999 -9999 -9999 -9999 -9999 -9999 -9999 -9999 -9999 -9999 4.95055E-4 1.04189E-3 3.8898E-4 4.90273E-5 1.94278E-4 6.58222E-4 1.7318E-4 6.90397E-5 8.93253E-8 4.51812E-6 7.45288E-6 4.14591E-6 8.55384E-6 8.88957E-6 4.95264E-5 1.90327E-4 3.15974E-6 1.16228E-8 7.36863E-8 6.81944E-6 1.76527E-5 1.33939E-6 6.25738E-5 5.72963E-4 6.82533E-4 1.65569E-3 3.49526E-4 3.29612E-4 8.07592E-5 1.12363E-5 1.2418E-6 6.25697E-7 6.57932E-8 7.96207E-6 1.54315E-7 6.07701E-6 2.09712E-7 1.3016E-6 5.65075E-9 4.27141E-8 7.12224E-8 1.63578E-8 1.25319E-9 1.2115E-8 8.19381E-11 7.11199E-10 1.01815E-10 1.25597E-10 3.18631E-11 2.18205E-10 6.02957E-10 3.52713E-8 5.06242E-10
-9999 -9999 -9999 -9999 -9999 -9999 -9999 -9999 -9999 -9999 -9999 -9999 -9999 -9999 -9999 -9999 -9999 -9999 1.95215E-3 7.89537E-4 9.50686E-5 1.99941E-4 2.48417E-4 4.52407E-4 2.12297E-5 3.19699E-8 2.90957E-7 1.133E-5 1.88099E-5 6.03324E-6 5.17236E-4 2.94292E-4 1.93871E-4 8.23458E-5 3.04975E-7 1.75265E-6 1.69151E-5 1.6095E-4 2.07692E-5 2.39098E-4 6.3091E-5 2.13089E-3 2.05548E-3 4.21226E-4 3.38763E-4 5.0555E-4 3.40176E-6 2.52245E-5 2.97212E-6 3.03347E-6 1.73435E-5 1.88875E-7 4.39324E-7 2.02675E-6 3.00542E-7 1.57878E-6 5.59302E-7 4.84393E-9 3.22708E-10 2.88802E-8 9.1973E-7 1.22297E-7 4.26919E-10 1.12131E-10 3.15051E-10 1.58715E-10 2.78095E-10 4.39726E-12 2.86893E-10 1.06392E-11
-9999 -9999 -9999 -9999 -9999 -9999 -9999 -9999 -9999 -9999 -9999 -9999 -9999 -9999 -9999 -9999 -9999 -9999 3.08667E-4 1.57735E-4 3.67357E-5 5.65117E-7 2.58372E-5 5.914E-7 1.1347E-4 2.98963E-6 1.14866E-7 5.03432E-5 4.9618E-4 2.22394E-4 2.06172E-4 1.09687E-4 5.80019E-6 3.21884E-5 6.19324E-6 2.87909E-5 2.0204E-4 4.34963E-4 3.03082E-4 4.03621E-4 1.29703E-4 5.76195E-4 9.18237E-4 1.2647E-4 1.29138E-4 1.18952E-4 2.54658E-5 2.46272E-6 3.18836E-7 5.80597E-7 3.16218E-6 1.18207E-5 2.14442E-6 1.14255E-6 6.08312E-6 5.54475E-7 1.88145E-6 4.20042E-9 8.92445E-10 3.60126E-11 1.46342E-7 9.84327E-8 1.95667E-8 1.83856E-9 1.31574E-10 9.11268E-9 2.76138E-9 2.11298E-12 2.98827E-11 5.28154E-10
-9999 -9999 -9999 -9999 -9999 -9999 -9999 -9999 -9999 -9999 -9999 -9999 -9999 -9999 -9999 -9999 -9999 -9999 1.79038E-5 2.46781E-4 2.83463E-4 5.34849E-6 1.94088E-5 1.02196E-6 3.13613E-4 3.39309E-5 1.56016E-5 3.08565E-5 3.11868E-4 4.39252E-5 1.11995E-5 2.13628E-5 5.46247E-6 1.78565E-4 1.4318E-4 1.42576E-4 1.68641E-4 2.57726E-4 1.41925E-3 5.19982E-4 1.81311E-3 1.12984E-3 5.47417E-4 1.84669E-4 2.1023E-5 1.21608E-6 3.78727E-7 4.48022E-6 3.45637E-6 3.16561E-5 8.36611E-6 1.3605E-5 8.68173E-6 3.76768E-7 2.25359E-6 8.9419E-6 1.09563E-6 1.4996E-7 1.96665E-6 1.33004E-8 2.63469E-7 3.29468E-9 5.16099E-9 3.96457E-9 9.81261E-11 5.40511E-8 2.55437E-9 9.84298E-11 2.23542E-10 1.28306E-11
-9999 -9999 -9999 -9999 -9999 -9999 -9999 -9999 -9999 -9999 -9999 -9999 -9999 -9999 -9999 -9999 -9999 -9999 -9999 1.5822E-6 8.13667E-6 6.1365E-4 5.78368E-4 6.97958E-4 1.28473E-4 4.64261E-4 1.01374E-5 4.22361E-7 5.46418E-7 6.64248E-7 7.66081E-7 3.06121E-6 1.24883E-5 1.52183E-3 1.66453E-3 1.91342E-3 1.37714E-4 1.14368E-3 9.15722E-5 2.32741E-5 2.08195E-4 8.98998E-5 2.00594E-6 3.54611E-5 1.37447E-5 1.49103E-6 1.21394E-7 1.88594E-5 4.31494E-6 6.54581E-6 1.3663E-5 2.4521E-5 9.03654E-6 3.33226E-6 3.06695E-6 4.38017E-6 3.23542E-6 4.37965E-7 5.75146E-8 1.67286E-9 3.72181E-8 3.94041E-10 7.92614E-10 2.08048E-8 8.37496E-9 1.03222E-8 7.12636E-10 3.3798E-10 4.9873E-10 2.70527E-11
-9999 -9999 -9999 -9999 -9999 -9999 -9999 -9999 -9999 -9999 -9999 -9999 -9999 -9999 -9999 -9999 -9999 -9999 -9999 3.51166E-4 2.84308E-4 5.05798E-4 4.71573E-4 5.28702E-4 3.32153E-4 1.45194E-4 1.14361E-5 4.62823E-5 1.00279E-5 1.03161E-4 1.79814E-4 3.63463E-4 5.07096E-5 4.66164E-5 3.86994E-4 2.43386E-5 1.05026E-5 5.04074E-5 2.9717E-4 5.1061E-5 1.87708E-4 2.40622E-4 2.21143E-4 3.86167E-5 4.5787E-5 2.01747E-5 1.51958E-6 2.95417E-7 7.48867E-6 2.02274E-5 2.28431E-5 8.82109E-7 6.79085E-7 1.23943E-6 1.31143E-4 2.45235E-5 5.34929E-7 7.39393E-8 1.30412E-7 1.99259E-7 2.02844E-9 5.20996E-9 3.7841E-9 1.01858E-9 1.30193E-10 4.21865E-11 2.07163E-11 2.39199E-10 4.87312E-8 2.43602E-8
-9999 -9999 -9999 -9999 -9999 -9999 -9999 -9999 -9999 -9999 -9999 -9999 -9999 -9999 -9999 -9999 -9999 -9999 -9999 3.12687E-4 1.35825E-4 1.23218E-5 1.00621E-4 1.32197E-4 5.23864E-5 6.53655E-5 5.64712E-5 5.12854E-4 4.1627E-4 1.99145E-4 9.38328E-4 7.57755E-4 5.71239E-4 1.80649E-5 1.55145E-6 8.64873E-6 6.16527E-5 3.82597E-6 7.93301E-6 8.80559E-6 2.67082E-5 7.04988E-5 2.29216E-5 1.26758E-6 1.0718E-6 1.84229E-5 5.39154E-5 3.49043E-6 1.54198E-6 2.73973E-5 2.10864E-5 9.01309E-7 2.26794E-6 1.20157E-6 1.71057E-5 1.10717E-7 2.86691E-9 1.01817E-8 9.6514E-7 7.13224E-8 4.95658E-8 1.00895E-7 9.15181E-8 9.31835E-10 1.62286E-7 1.07475E-6 1.49353E-7 1.64187E-9 7.60532E-10 4.20966E-6
-9999 -9999 -9999 -9999 -9999 -9999 -9999 -9999 -9999 -9999 -9999 -9999 -9999 -9999 -9999 -9999 -9999 -9999 -9999 -9999 1.12407E-4 2.22672E-6 6.12754E-8 1.3539E-5 5.83537E-5 7.73664E-5 1.26562E-4 1.61309E-4 9.47752E-4 6.97902E-5 1.21288E-3 1.36575E-3 1.88557E-5 8.92421E-5 3.69277E-5 5.79559E-6 1.71219E-4 1.18177E-5 2.87503E-5 6.81385E-5 3.51273E-5 8.69185E-5 4.74667E-5 5.56851E-7 1.11697E-6 3.25844E-5 8.62716E-5 1.6321E-6 8.72052E-7 7.79276E-6 1.8316E-5 1.4083E-5 2.61788E-6 9.59929E-6 1.71217E-6 7.62475E-6 6.83761E-7 2.87799E-7 3.76111E-5 4.17545E-7 8.9654E-9 3.75588E-9 1.41938E-9 4.10674E-9 2.94379E-7 5.27261E-6 6.05873E-8 1.20191E-8 1.78189E-8 5.40848E-6
-9999 -9999 -9999 -9999 -9999 -9999 -9999 -9999 -9999 -9999 -9999 -9999 -9999 -9999 -9999 -9999 -9999 -9999 -9999 -9999 1.04838E-3 3.08199E-4 1.42068E-4 2.66896E-4 9.19484E-4 8.40321E-4 7.46448E-4 3.24504E-4 4.18533E-4 6.85313E-5 1.8066E-6 5.36661E-6 7.11949E-6 2.51572E-6 1.41031E-6 2.62771E-6 6.84252E-5 7.0816E-6 1.12485E-6 7.94475E-6 1.11438E-5 3.28125E-5 3.83215E-5 6.82321E-6 8.74606E-7 3.54475E-6 6.15765E-6 8.05909E-6 4.41029E-6 6.84526E-6 2.38188E-6 1.71832E-5 1.51145E-5 7.08897E-6 1.14929E-6 7.47902E-6 4.96093E-7 1.02748E-5 2.82248E-5 1.62913E-7 3.10741E-7 2.50046E-7 2.95358E-7 1.17743E-6 8.02871E-7 5.73055E-9 7.97103E-7 6.33109E-8 6.07653E-6 1.13256E-9
-9999 -9999 -9999 -9999 -9999 -9999 -9999 -9999 -9999 -9999 -9999 -9999 -9999 -9999 -9999 -9999 -9999 -9999 -9999 -9999 3.65937E-4 1.00577E-3 2.12031E-3 9.35852E-4 3.91464E-4 7.31344E-4 5.62056E-4 1.86258E-4 2.93729E-4 2.28564E-5 1.53417E-5 1.21379E-5 3.53136E-6 2.84481E-5 4.2619E-5 1.43828E-6 1.72751E-7 4.95592E-6 1.86922E-5 1.51842E-6 2.8249E-7 4.75876E-6 5.31856E-5 1.62582E-5 1.57688E-6 7.54637E-5 4.59176E-5 9.10307E-6 3.21338E-5 7.19256E-7 6.78782E-7 2.90902E-5 9.0912E-5 2.37879E-5 1.14466E-5 8.04898E-9 3.71159E-6 2.27016E-6 5.07437E-7 4.69184E-7 1.26616E-8 4.82105E-8 1.02354E-6 6.12969E-7 1.69891E-8 5.37162E-10 1.95959E-10 4.8503E-7 1.47432E-8 4.40186E-7
-9999 -9999 -9999 -9999 -9999 -9999 -9999 -9999 -9999 -9999 -9999 -9999 -9999 -9999 -9999 -9999 -9999 -9999 -9999 -9999 6.80554E-6 5.06919E-6 1.88134E-4 1.89379E-3 2.44299E-4 1.86938E-3 1.01472E-3 2.73742E-5 4.06233E-6 2.41399E-5 1.37988E-5 1.06634E-5 1.79625E-5 2.2907E-4 1.33811E-4 3.73176E-7 2.78081E-6 2.38255E-5 7.42748E-6 7.07385E-7 1.75322E-6 1.22426E-6 4.31581E-6 6.43372E-6 6.32205E-6 1.80754E-4 3.1383E-4 3.33888E-5 5.0146E-6 4.68148E-7 6.54417E-7 4.70395E-6 2.39876E-6 4.56363E-6 2.98818E-8 1.40627E-9 7.90313E-7 6.09283E-7 2.54642E-8 8.54458E-8 1.26124E-9 3.63932E-8 5.56205E-7 3.09227E-7 1.89032E-10 2.36096E-9 4.71167E-10 3.2528E-9 3.14387E-10 2.11967E-9
-9999 -9999 -9999 -9999 -9999 -9999 -9999 -9999 -9999 -9999 -9999 -9999 -9999 -9999 -9999 -9999 -9999 -9999 -9999 -9999 -9999 1.06319E-4 1.80332E-4 7.72845E-4 4.53323E-4 4.89142E-4 3.33999E-4 2.60847E-5 2.77548E-6 8.34992E-4 6.06052E-4 3.05037E-4 4.18764E-4 2.31418E-4 2.82631E-5 8.11166E-7 3.52762E-6 7.86098E-7 6.72958E-6 5.20666E-6 9.18882E-7 2.22839E-6 2.56954E-6 1.20985E-5 2.32396E-5 1.08086E-4 1.80143E-4 5.0974E-6 3.38367E-6 4.4159E-6 1.1597E-6 2.14079E-6 2.49073E-6 1.79329E-8 3.18333E-7 2.69599E-8 5.66783E-7 4.18956E-7 2.54465E-7 7.66527E-7 5.63778E-7 1.08462E-8 7.39726E-7 2.37895E-7 1.38599E-7 5.85086E-7 6.85868E-7 1.51665E-7 2.28303E-10 8.02764E-10
-9999 -9999 -9999 -9999 -9999 -9999 -9999 -9999 -9999 -9999 -9999 -9999 -9999 -9999 -9999 -9999 -9999 -9999 -9999 -9999 6.20029E-6 5.5036E-4 1.48641E-3 1.37241E-3 2.33601E-5 4.46238E-4 1.76934E-4 7.41331E-5 1.49954E-4 1.51562E-4 9.43052E-5 6.03752E-5 1.73563E-4 5.76514E-5 1.42517E-4 1.33606E-4 4.78201E-6 3.07119E-5 2.28489E-5 3.82371E-5 1.86419E-5 7.81589E-6 8.8279E-6 7.23193E-6 1.60485E-4 6.85016E-6 1.14205E-5 2.54008E-5 1.92979E-5 1.40199E-5 1.0187E-5 5.25063E-6 2.80927E-8 7.23405E-9 1.93035E-6 1.42191E-7 1.22812E-6 7.42759E-8 1.16486E-8 1.59441E-6 6.5281E-7 1.20442E-6 5.97152E-8 2.61998E-10 2.4584E-10 2.09074E-9 1.01732E-7 2.17897E-7 1.72633E-8 4.37456E-10
-9999 -9999 -9999 -9999 -9999 -9999 -9999 -9999 -9999 -9999 -9999 -9999 -9999 -9999 -9999 -9999 -9999 -9999 -9999 -9999 5.27284E-5 1.03049E-3 1.88572E-3 2.23405E-3 1.57992E-5 1.1873E-3 3.51709E-4 6.31916E-5 4.29489E-5 4.89142E-4 5.36621E-4 4.67569E-6 1.50216E-4 1.37566E-3 4.81192E-5 3.30521E-5 2.13799E-6 3.43528E-7 2.01911E-4 1.38391E-4 1.04482E-5 1.9818E-6 3.27648E-6 3.36224E-6 4.21247E-5 9.52963E-6 6.77746E-6 4.79088E-5 2.92734E-5 2.02621E-6 1.62919E-5 1.30963E-5 2.02399E-7 1.50039E-7 1.5555E-8 6.80002E-7 3.31032E-9 3.41728E-10 1.6206E-10 5.70349E-9 1.82809E-6 5.62984E-6 7.984E-10 2.8626E-7 3.30762E-8 6.06594E-9 2.57908E-7 4.75442E-9 5.04117E-8 1.54172E-9
-9999 -9999 -9999 -9999 -9999 -9999 -9999 -9999 -9999 -9999 -9999 -9999 -9999 -9999 -9999 -9999 -9999 -9999 -9999 -9999 -9999 1.14861E-3 1.59337E-3 1.10551E-3 2.59805E-5 1.22138E-3 2.45423E-4 3.34287E-5 2.95435E-5 4.28527E-4 4.43428E-6 1.56813E-5 2.4516E-5 1.71444E-4 2.73255E-5 2.88783E-6 1.93541E-5 1.6473E-5 4.33253E-5 4.04131E-5 1.17522E-6 1.08628E-7 2.31011E-6 1.44953E-6 1.31036E-6 4.03329E-6 3.75845E-5 1.90313E-4 1.56641E-4 3.01244E-7 1.11956E-6 2.23108E-6 3.65877E-7 7.72212E-7 1.04369E-7 5.70874E-8 7.08331E-9 1.77372E-9 4.65197E-9 1.41478E-7 3.19282E-7 7.25367E-7 4.06221E-7 1.45174E-9 7.0022E-10 1.84603E-10 1.44161E-9 7.07456E-7 1.25734E-8 2.59931E-11
-9999 -9999 -9999 -9999 -9999 -9999 -9999 -9999 -9999 -9999 -9999 -9999 -9999 -9999 -9999 -9999 -9999 -9999 -9999 -9999 -9999 5.99482E-4 4.86914E-4 3.10557E-4 1.71992E-5 2.52432E-4 4.49867E-4 4.02925E-4 9.88105E-6 1.53324E-5 3.63216E-5 5.18092E-5 3.18351E-5 9.02242E-6 1.90054E-6 3.57921E-6 1.59883E-5 1.24852E-5 5.13303E-6 2.44372E-6 5.25236E-7 1.47363E-6 7.69242E-6 4.64634E-7 4.59416E-6 3.06637E-6 8.86951E-5 1.33168E-5 1.00611E-5 1.62769E-5 4.5011E-7 1.62151E-8 5.37544E-8 5.60516E-9 5.77417E-8 1.04999E-9 7.96788E-8 7.32903E-11 3.05683E-10 3.26917E-7 4.1836E-7 2.11009E-8 3.39235E-8 3.00804E-8 7.36458E-9 7.57789E-10 2.46618E-9 8.03299E-9 4.54489E-9 6.84374E-8
