ENM/Final_Models/M_1_F_qp_Set_1_EC/Gustavia_santanderiensis_6_Choco_novel.asc
ncols         367
nrows         963
xllcorner     -78.6
yllcorner     0.65
cellsize      0.00833333333333323
NODATA_value  -9999
[rows 120 to 149 of 963, columns 272 to 339 of 367]
7.28616E0 7.28616E0 -9999 -9999 -9999 -9999 -9999 -9999 -9999 -9999 -9999 -9999 -9999 -9999 -9999 -9999 -9999 -9999 -9999 -9999 -9999 -9999 -9999 -9999 -9999 -9999 -9999 -9999 -9999 -9999 1.84849E1 1.7347E1 1.84849E1 1.6848E1 1.84849E1 1.84849E1 1.91037E1 2.07406E1 2.07406E1 2.07406E1 2.07406E1 1.84849E1 1.13584E1 9.90119E0 1.33546E1 1.58698E1 1.84849E1 2.3675E1 2.07406E1 2.07406E1 2.07406E1 -9999 -9999 -9999 -9999 -9999 -9999 -9999 3.8407E1 -9999 -9999 -9999 3.4195E1 3.4195E1 2.07406E1 2.3675E1 3.8407E1 3.8407E1
7.28616E0 7.28616E0 -9999 -9999 -9999 -9999 -9999 -9999 -9999 -9999 -9999 -9999 -9999 -9999 -9999 -9999 -9999 -9999 -9999 -9999 -9999 -9999 -9999 -9999 -9999 -9999 -9999 -9999 -9999 1.58698E1 1.57301E1 1.55105E1 1.29953E1 1.82453E1 1.84849E1 2.07406E1 1.84849E1 1.93832E1 2.07406E1 2.07406E1 2.07406E1 2.07406E1 1.58698E1 1.33546E1 1.13584E1 1.33546E1 1.84849E1 2.3675E1 2.07406E1 1.84849E1 2.3675E1 -9999 -9999 -9999 -9999 -9999 -9999 -9999 3.8407E1 -9999 -9999 -9999 4.29983E1 3.8407E1 2.44136E1 2.44136E1 3.4195E1 2.44136E1
7.28616E0 -9999 -9999 -9999 -9999 8.96297E0 8.14453E0 -9999 -9999 -9999 -9999 -9999 -9999 -9999 -9999 -9999 -9999 -9999 -9999 -9999 -9999 -9999 -9999 -9999 -9999 -9999 -9999 -9999 1.58698E1 1.58698E1 1.72273E1 1.69278E1 1.64487E1 1.84849E1 1.84849E1 1.84849E1 1.84849E1 1.90039E1 2.07406E1 2.07406E1 2.3675E1 2.07406E1 2.07406E1 1.84849E1 1.13584E1 1.33546E1 2.07406E1 2.3675E1 2.3675E1 1.84849E1 -9999 -9999 -9999 -9999 -9999 -9999 -9999 -9999 -9999 3.8407E1 -9999 -9999 -9999 3.8407E1 2.99231E1 2.3675E1 1.84849E1 1.84849E1
7.28616E0 -9999 -9999 -9999 8.14453E0 8.14453E0 8.96297E0 -9999 -9999 -9999 -9999 -9999 -9999 -9999 -9999 -9999 -9999 -9999 -9999 -9999 -9999 -9999 -9999 -9999 -9999 -9999 -9999 -9999 -9999 1.34544E1 1.84849E1 1.78461E1 1.47719E1 1.81854E1 2.07406E1 2.07406E1 1.84849E1 2.07406E1 2.07406E1 2.07406E1 2.3675E1 2.3675E1 2.07406E1 1.58698E1 1.33546E1 1.58698E1 1.84849E1 2.07406E1 1.84849E1 1.58698E1 -9999 -9999 -9999 -9999 -9999 -9999 -9999 -9999 -9999 2.99231E1 3.8407E1 -9999 -9999 2.99231E1 2.07406E1 1.84849E1 1.33546E1 1.13584E1
8.14453E0 -9999 -9999 -9999 8.14453E0 8.14453E0 8.14453E0 -9999 -9999 -9999 -9999 -9999 -9999 -9999 -9999 -9999 -9999 -9999 -9999 -9999 -9999 -9999 -9999 -9999 -9999 -9999 -9999 -9999 -9999 1.84849E1 1.84849E1 1.84849E1 1.33347E1 1.40134E1 1.75866E1 2.0002E1 2.07406E1 2.07406E1 2.07406E1 2.3675E1 2.3675E1 2.07406E1 2.07406E1 2.07406E1 1.84849E1 1.58698E1 1.58698E1 1.58698E1 1.13584E1 1.58698E1 -9999 -9999 -9999 -9999 -9999 3.4195E1 3.4195E1 -9999 -9999 2.99231E1 2.99231E1 3.4195E1 3.08214E1 2.44136E1 1.58698E1 1.33546E1 9.90119E0 5.48957E0
7.28616E0 -9999 -9999 -9999 8.96297E0 8.96297E0 8.14453E0 -9999 -9999 -9999 -9999 -9999 -9999 8.96297E0 9.90119E0 -9999 -9999 -9999 -9999 -9999 -9999 -9999 -9999 -9999 -9999 -9999 -9999 -9999 -9999 1.58698E1 1.73071E1 1.84849E1 1.65486E1 1.17377E1 2.01417E1 1.53109E1 1.54706E1 1.49316E1 1.72273E1 1.62292E1 2.07406E1 2.07406E1 2.3675E1 2.3675E1 1.84849E1 1.33546E1 1.13584E1 9.90119E0 1.13584E1 1.33546E1 -9999 -9999 -9999 -9999 -9999 3.4195E1 2.64697E1 2.07406E1 -9999 -9999 2.3675E1 3.4195E1 2.15391E1 1.55105E1 6.88691E0 4.49147E0 6.22817E0 8.72343E0
8.14453E0 -9999 -9999 8.96297E0 8.14453E0 8.96297E0 8.96297E0 -9999 -9999 -9999 -9999 -9999 -9999 8.96297E0 8.96297E0 -9999 -9999 -9999 -9999 -9999 -9999 -9999 -9999 -9999 -9999 -9999 -9999 -9999 -9999 1.8964E1 1.44725E1 1.51512E1 1.23964E1 1.07596E1 1.10789E1 1.1598E1 1.19174E1 1.577E1 1.81256E1 2.07406E1 2.02016E1 1.7906E1 2.12396E1 2.3675E1 1.84849E1 1.13584E1 9.90119E0 1.13584E1 1.58698E1 1.84849E1 -9999 -9999 -9999 -9999 -9999 2.99231E1 2.3675E1 1.58698E1 -9999 -9999 2.07406E1 2.64697E1 1.84849E1 9.90119E0 3.01427E0 2.53518E0 5.80896E0 7.366E0
8.14453E0 -9999 -9999 8.14453E0 8.96297E0 8.96297E0 8.96297E0 -9999 -9999 -9999 -9999 -9999 -9999 8.96297E0 9.90119E0 -9999 -9999 -9999 -9999 -9999 -9999 -9999 -9999 -9999 -9999 -9999 -9999 -9999 -9999 -9999 1.67083E1 1.35742E1 1.38936E1 1.84849E1 1.53109E1 1.39335E1 1.35742E1 1.74469E1 1.75866E1 1.57501E1 1.37738E1 1.4712E1 1.69278E1 2.08803E1 1.70476E1 1.58698E1 1.33546E1 1.58698E1 1.58698E1 -9999 -9999 -9999 2.64697E1 2.64697E1 -9999 2.44136E1 1.58698E1 1.13584E1 1.84849E1 2.20581E1 2.41341E1 2.14393E1 2.07406E1 7.02665E0 4.13215E0 2.81465E0 8.96297E0 9.90119E0
8.96297E0 8.14453E0 8.14453E0 8.96297E0 8.14453E0 8.96297E0 8.96297E0 -9999 -9999 -9999 -9999 -9999 -9999 8.96297E0 9.90119E0 8.96297E0 -9999 -9999 -9999 -9999 -9999 -9999 -9999 -9999 -9999 -9999 -9999 -9999 -9999 -9999 1.32149E1 1.49716E1 1.49716E1 1.56503E1 1.44925E1 1.3135E1 1.28755E1 1.40134E1 1.92634E1 1.32548E1 1.1598E1 1.4233E1 1.577E1 1.96826E1 1.96028E1 1.58698E1 1.58698E1 2.07406E1 -9999 -9999 -9999 -9999 2.64697E1 2.64697E1 2.64697E1 2.07406E1 1.33546E1 9.90119E0 1.58698E1 2.3675E1 2.55714E1 2.18984E1 1.65486E1 1.84849E1 1.58698E1 9.8413E0 8.96297E0 1.13584E1
8.96297E0 8.96297E0 8.14453E0 8.14453E0 8.96297E0 8.96297E0 8.14453E0 -9999 -9999 -9999 -9999 -9999 9.90119E0 8.96297E0 8.96297E0 9.90119E0 -9999 -9999 -9999 -9999 -9999 -9999 -9999 -9999 -9999 -9999 -9999 -9999 -9999 -9999 1.39335E1 1.62292E1 1.98822E1 1.51313E1 1.56103E1 1.27158E1 1.3135E1 1.41331E1 1.4233E1 1.3674E1 1.14383E1 1.40932E1 2.08803E1 2.07406E1 1.58698E1 1.33546E1 1.84849E1 2.07406E1 -9999 -9999 -9999 2.64697E1 2.64697E1 2.44136E1 2.3675E1 1.84849E1 1.13584E1 9.90119E0 1.33546E1 1.84849E1 2.3675E1 2.01218E1 2.07406E1 2.07406E1 8.44396E0 1.13584E1 9.90119E0 1.13584E1
8.96297E0 8.96297E0 8.96297E0 8.96297E0 8.96297E0 8.14453E0 8.14453E0 -9999 -9999 -9999 -9999 -9999 1.00808E1 9.90119E0 9.90119E0 9.90119E0 9.90119E0 9.90119E0 -9999 -9999 -9999 -9999 -9999 -9999 -9999 -9999 -9999 -9999 -9999 -9999 -9999 1.17976E1 1.40134E1 1.88242E1 1.35542E1 1.71474E1 1.18375E1 1.60695E1 1.92634E1 1.33347E1 1.25362E1 1.48518E1 2.08803E1 2.07406E1 1.84849E1 1.33546E1 1.84849E1 2.07406E1 -9999 -9999 2.64697E1 2.3675E1 2.07406E1 2.07406E1 2.07406E1 1.58698E1 9.90119E0 2.53518E0 1.13584E1 1.33546E1 1.84849E1 1.46122E1 1.28755E1 1.29554E1 1.33546E1 1.13584E1 8.96297E0 8.96297E0
8.96297E0 8.96297E0 8.96297E0 8.14453E0 8.96297E0 8.14453E0 8.96297E0 -9999 -9999 -9999 -9999 -9999 1.13584E1 9.90119E0 1.00808E1 9.90119E0 8.44396E0 9.90119E0 1.13584E1 -9999 -9999 -9999 -9999 -9999 -9999 -9999 -9999 -9999 -9999 -9999 -9999 9.18255E0 1.22767E1 1.33147E1 1.83052E1 1.67083E1 1.79659E1 1.97625E1 1.72472E1 1.50514E1 1.4732E1 1.67083E1 2.12396E1 2.07406E1 1.33546E1 1.13584E1 1.58698E1 -9999 -9999 -9999 2.3675E1 1.84849E1 1.84849E1 1.53309E1 1.12985E1 1.12985E1 2.35552E0 8.14453E0 9.90119E0 1.13584E1 1.84849E1 1.67881E1 1.71474E1 1.19772E1 1.58698E1 3.83272E0 9.90119E0 8.96297E0
9.2624E0 8.96297E0 8.96297E0 8.14453E0 8.96297E0 8.96297E0 8.96297E0 -9999 -9999 -9999 -9999 -9999 1.13584E1 1.13584E1 1.13584E1 1.13584E1 9.90119E0 7.02665E0 9.90119E0 -9999 -9999 -9999 -9999 -9999 -9999 -9999 -9999 -9999 -9999 -9999 -9999 1.02405E1 1.10789E1 1.60295E1 1.35542E1 1.19174E1 1.44725E1 1.50714E1 1.3135E1 1.4732E1 1.56902E1 1.91037E1 1.82453E1 1.83451E1 1.58698E1 5.34984E0 1.33546E1 -9999 -9999 -9999 2.3675E1 1.33546E1 1.24963E1 1.31151E1 1.48119E1 9.8413E0 4.91067E0 8.14453E0 8.96297E0 8.96297E0 1.58698E1 1.53109E1 1.22767E1 1.44925E1 1.58698E1 1.58698E1 9.90119E0 8.96297E0
9.90119E0 8.96297E0 8.96297E0 7.02665E0 6.22817E0 5.34984E0 8.44396E0 -9999 -9999 -9999 -9999 -9999 1.00808E1 1.13584E1 1.00808E1 1.13584E1 9.90119E0 1.13584E1 9.90119E0 -9999 -9999 -9999 -9999 -9999 -9999 -9999 -9999 -9999 -9999 -9999 -9999 9.74149E0 1.33347E1 1.14183E1 1.4233E1 1.44925E1 1.27158E1 1.24364E1 1.11788E1 1.20371E1 1.30951E1 1.50314E1 1.22966E1 1.31151E1 1.29753E0 7.38597E-1 -9999 -9999 -9999 2.35752E1 1.58698E1 1.13584E1 8.44396E0 1.44925E1 1.22966E1 1.06198E1 2.53518E0 8.96297E0 8.96297E0 8.96297E0 1.33546E1 1.62691E1 1.07795E1 1.58698E1 1.33546E1 1.58698E1 1.00808E1 9.90119E0
9.90119E0 9.90119E0 9.90119E0 4.13215E0 2.81465E0 2.53518E0 5.66923E0 -9999 -9999 -9999 -9999 -9999 1.13584E1 1.13584E1 1.13584E1 1.13584E1 1.13584E1 9.90119E0 1.13584E1 -9999 -9999 -9999 -9999 -9999 -9999 1.58698E1 -9999 -9999 -9999 -9999 -9999 -9999 1.54706E1 1.44925E1 1.40134E1 1.39335E1 9.4221E0 8.2643E0 1.06398E1 1.08194E1 1.84849E1 1.56103E1 1.56503E1 4.13215E0 8.38407E-1 8.38407E-1 -9999 -9999 -9999 2.34954E1 1.33546E1 8.46392E0 1.31151E1 3.83272E0 2.11598E0 8.44396E0 5.34984E0 8.96297E0 8.96297E0 9.90119E0 1.33546E1 1.67083E1 1.51512E1 1.33546E1 1.13584E1 1.00808E1 1.00808E1 9.90119E0
3.01427E0 8.96297E0 4.49147E0 4.91067E0 2.53518E0 3.41351E0 5.66923E0 -9999 -9999 -9999 -9999 -9999 1.13584E1 1.33546E1 1.13584E1 1.13584E1 9.90119E0 1.13584E1 1.00808E1 -9999 -9999 -9999 -9999 -9999 -9999 1.56503E1 1.74469E1 -9999 -9999 -9999 1.3674E1 -9999 1.13385E1 1.82853E1 1.84849E1 1.50514E1 1.09592E1 1.12985E1 9.10271E0 1.32748E1 1.84849E1 1.40333E1 1.06198E1 9.38217E-1 1.37738E0 1.79659E0 -9999 -9999 2.13993E1 1.22966E1 4.13215E0 6.22817E0 1.06198E1 1.19772E0 2.67492E0 2.81465E0 8.44396E0 1.13584E1 8.96297E0 8.96297E0 1.33546E1 1.53109E1 1.84849E1 1.58698E1 1.13584E1 1.13584E1 9.90119E0 8.96297E0
1.63689E0 4.49147E0 2.67492E0 4.13215E0 4.49147E0 7.76525E0 9.8413E0 -9999 -9999 -9999 -9999 -9999 1.13584E1 1.13584E1 1.33546E1 1.33546E1 1.13584E1 7.76525E0 5.66923E0 -9999 -9999 -9999 -9999 -9999 -9999 1.44126E1 1.4712E1 -9999 -9999 -9999 1.19772E1 1.04202E1 8.2643E0 1.84849E1 1.84849E1 1.62691E1 1.19174E1 1.27158E1 1.28755E1 1.12985E1 1.74069E1 1.31151E1 8.38407E-1 1.63689E0 2.53518E0 2.67492E0 1.79659E1 2.13993E1 2.01417E1 7.02665E0 2.81465E0 1.19772E0 5.66923E0 4.91067E0 5.66923E0 9.50195E0 4.49147E0 9.8413E0 1.00808E1 8.96297E0 1.13584E1 1.84849E1 2.06009E1 1.58698E1 1.33546E1 1.13584E1 9.90119E0 9.90119E0
2.81465E0 4.13215E0 4.13215E0 3.83272E0 8.96297E0 9.90119E0 9.90119E0 1.13584E1 -9999 -9999 -9999 1.13584E1 1.13584E1 1.13584E1 1.13584E1 1.33546E1 1.33546E1 9.2624E0 1.00808E1 5.34984E0 -9999 -9999 -9999 -9999 -9999 1.02405E1 9.94111E0 1.28755E1 -9999 -9999 8.86316E0 9.74149E0 1.2097E1 1.56702E1 1.22966E1 1.61493E1 1.27158E1 1.00409E1 9.88123E0 1.1059E1 1.51313E1 3.83272E0 6.38786E-1 8.18445E-1 1.95628E0 1.12985E1 2.04012E1 2.02415E1 1.83052E1 1.79659E0 1.07795E0 8.78331E-1 4.7909E-1 8.38407E-1 2.81465E0 4.13215E0 2.67492E0 1.95628E0 3.01427E0 8.96297E0 1.33546E1 2.07406E1 2.07406E1 1.84849E1 1.58698E1 2.53518E0 9.90119E0 9.90119E0
1.13584E1 9.90119E0 3.41351E0 9.90119E0 9.90119E0 9.90119E0 9.90119E0 1.06198E1 -9999 -9999 -9999 1.13584E1 1.13584E1 1.13584E1 1.33546E1 1.33546E1 1.33546E1 1.33546E1 1.13584E1 1.13584E1 -9999 -9999 -9999 -9999 -9999 1.21369E1 1.02405E1 1.44725E1 -9999 -9999 1.06797E1 1.25362E1 1.50714E1 1.23166E1 8.44396E0 1.51313E1 1.32149E1 1.42928E1 1.40932E1 1.3135E1 9.16259E0 5.66923E0 8.78331E-1 1.37738E0 4.13215E0 1.06198E1 1.38736E1 1.92434E1 7.76525E0 2.81465E0 2.11598E0 4.91067E0 3.41351E0 6.98673E-1 6.38786E-1 5.58938E-1 4.59128E-1 1.09791E0 1.13584E1 9.90119E0 1.33546E1 2.07406E1 1.58698E1 1.33546E1 1.79659E0 9.90119E0 3.01427E0 9.90119E0
9.90119E0 4.13215E0 9.90119E0 9.90119E0 9.90119E0 9.90119E0 9.90119E0 9.90119E0 1.13584E1 -9999 -9999 1.13584E1 9.90119E0 1.13584E1 1.33546E1 1.32149E1 1.0001E1 1.33546E1 1.06198E1 7.02665E0 -9999 -9999 -9999 -9999 -9999 -9999 9.86126E0 8.24434E0 1.13784E1 1.38936E1 1.19772E1 1.39136E1 1.12985E1 1.17976E1 1.84849E1 9.8413E0 1.56103E1 1.32548E1 1.27158E1 9.88123E0 1.04402E1 9.62172E0 6.22817E0 1.79659E0 9.2624E0 1.11189E1 1.29554E1 1.22966E1 1.51313E1 2.81465E0 1.95628E0 5.34984E0 9.94111E0 2.11598E0 2.59507E-1 4.89071E0 3.01427E0 9.38217E-1 1.33546E1 9.90119E0 1.33546E1 1.84849E1 1.58698E1 1.13584E1 9.82134E0 1.09791E0 4.49147E0 9.8413E0
-9999 9.90119E0 1.13584E1 9.8413E0 8.12456E0 9.90119E0 9.90119E0 1.13584E1 1.22966E1 -9999 -9999 9.90119E0 1.00808E1 1.00808E1 1.33546E1 1.18375E1 1.00409E1 1.33546E1 9.92115E0 6.22817E0 6.22817E0 -9999 -9999 -9999 -9999 -9999 7.88502E0 5.23006E0 8.48388E0 1.07795E1 1.24763E1 1.29554E1 8.72343E0 9.14263E0 1.58698E1 8.44396E0 5.34984E0 1.10191E1 1.27158E1 1.04402E1 9.8413E0 1.12386E1 1.04402E1 1.14782E1 1.10789E1 1.38736E1 1.32149E1 1.31151E1 1.28955E1 2.67492E0 3.83272E0 4.49147E0 7.90498E0 1.95628E0 2.53518E0 1.13584E1 1.58698E1 1.33546E1 1.13584E1 9.90119E0 1.58698E1 1.58698E1 1.33546E1 1.13584E1 3.41351E0 5.34984E0 4.59128E-1 4.59128E-1
-9999 3.83272E0 1.13584E1 1.13584E1 3.01427E0 2.67492E0 5.34984E0 1.13584E1 1.13584E1 1.00808E1 1.13584E1 1.13584E1 1.13584E1 1.33546E1 1.33546E1 1.58698E1 1.4233E1 1.33546E1 1.33546E1 1.06198E1 6.22817E0 -9999 -9999 -9999 -9999 -9999 8.8432E0 6.70726E0 6.02855E0 1.17377E1 1.06797E1 9.78141E0 8.04471E0 9.50195E0 1.06797E1 9.8413E0 8.44396E0 9.8413E0 9.52191E0 9.10271E0 8.78331E0 1.23166E1 1.69678E1 1.29554E1 1.34744E1 1.29953E1 1.17776E1 1.06198E1 1.31151E1 1.07795E0 2.67492E0 1.37738E0 5.11029E0 1.09791E0 1.79659E0 1.00808E1 1.33546E1 1.13584E1 9.90119E0 1.13584E1 1.58698E1 1.13584E1 1.00808E1 8.44396E0 9.90119E0 4.49147E0 2.67492E0 2.81465E0
-9999 1.13584E1 1.13584E1 1.13584E1 2.81465E0 1.79659E0 1.06198E1 1.13584E1 1.00808E1 1.13584E1 1.13584E1 1.13584E1 1.00808E1 1.33546E1 1.33546E1 1.33546E1 1.47719E1 1.21369E1 1.33546E1 1.33546E1 -9999 -9999 -9999 -9999 -9999 -9999 1.05999E1 9.06278E0 1.06797E1 1.22767E1 8.44396E0 9.50195E0 9.62172E0 1.10191E1 7.76525E0 6.22817E0 7.02665E0 5.34984E0 7.76525E0 8.2643E0 8.62362E0 1.02405E1 1.34544E1 1.8944E1 1.74069E1 1.4712E1 1.27957E1 1.04202E1 1.06198E1 1.19772E0 7.38597E-1 9.38217E-1 3.01427E0 2.11598E0 6.58748E-1 8.44396E0 1.33546E1 1.33546E1 9.90119E0 1.33546E1 1.00808E1 9.90119E0 2.35552E0 4.13215E0 3.01427E0 8.18445E-1 1.33546E1 9.90119E0
-9999 7.76525E0 1.13584E1 9.90119E0 2.53518E0 2.35552E0 1.13584E1 1.13584E1 1.13584E1 1.13584E1 1.13584E1 1.13584E1 1.13584E1 1.33546E1 1.33546E1 1.12985E1 1.58698E1 1.50714E1 1.14383E1 1.48119E1 -9999 -9999 -9999 4.13215E0 -9999 -9999 1.17177E1 1.4712E1 1.08993E1 6.46771E0 7.70536E0 9.8413E0 7.76525E0 9.28236E0 9.8413E0 8.44396E0 2.53518E0 3.83272E0 8.44396E0 1.25362E1 9.14263E0 1.1578E1 1.4732E1 1.54107E1 1.8944E1 1.91037E1 1.3674E1 1.48318E1 6.22817E0 2.67492E0 7.76525E0 7.76525E0 3.41351E0 2.35552E0 1.95628E0 7.38597E-1 2.11598E0 4.49147E0 1.13584E1 3.01427E0 1.13584E1 9.90119E0 9.90119E0 3.01427E0 9.38217E-1 9.2624E0 1.33546E1 1.33546E1
1.33546E1 1.33546E1 1.13584E1 9.8413E0 1.13185E1 4.91067E0 1.00808E1 1.13584E1 1.13584E1 1.13584E1 1.13584E1 1.33546E1 1.20771E1 1.06198E1 1.12985E1 1.33546E1 1.58698E1 1.56702E1 9.60176E0 6.90688E0 7.84509E0 -9999 7.02665E0 2.81465E0 -9999 -9999 1.58698E1 1.62691E1 9.66164E0 7.16638E0 8.40403E0 9.06278E0 9.16259E0 9.8413E0 9.2624E0 7.02665E0 6.22817E0 4.13215E0 7.02665E0 1.06198E1 1.13784E1 1.28955E1 1.48917E1 1.84849E1 1.92634E1 1.98822E1 1.46921E1 4.49147E0 4.49147E0 1.63689E0 2.53518E0 3.01427E0 1.07795E0 1.63689E0 1.29753E0 1.29753E0 8.38407E-1 9.90119E0 1.13584E1 1.19772E0 2.67492E0 1.07795E0 4.49147E0 8.18445E-1 5.98862E-1 3.41351E0 1.33546E1 1.33546E1
1.33546E1 1.00808E1 1.33546E1 1.33546E1 1.33546E1 9.20252E0 1.27358E1 1.24963E1 1.13584E1 1.13584E1 1.33546E1 1.33546E1 4.91067E0 2.11598E0 2.11598E0 1.33546E1 1.31151E1 1.58698E1 1.33546E1 1.02405E1 9.92115E0 -9999 1.24364E1 3.83272E0 4.49147E0 2.67492E0 5.34984E0 1.58698E1 9.74149E0 7.80517E0 1.09592E1 4.49147E0 8.6835E0 9.8413E0 8.44396E0 6.22817E0 5.34984E0 2.67492E0 9.8413E0 9.8413E0 1.07596E1 9.78141E0 1.2097E1 1.84849E1 1.2636E1 1.12985E1 1.12985E1 8.18445E-1 8.38407E-1 2.35552E0 1.79659E0 1.29753E0 5.98862E-1 6.58748E-1 2.59507E-1 1.79659E0 9.90119E0 1.00808E1 1.12985E1 9.2624E0 6.98673E-1 5.66923E0 7.76525E0 2.11598E0 4.7909E-1 2.67492E0 1.33546E1 1.13584E1
1.33546E1 1.33546E1 1.06198E1 1.00808E1 1.23366E1 1.06597E1 4.91067E0 5.66923E0 3.01427E0 1.13584E1 1.00808E1 1.25162E1 3.41351E0 2.67492E0 3.41351E0 3.83272E0 1.58698E1 1.58698E1 1.58698E1 1.58698E1 1.58698E1 1.03204E1 1.56103E1 8.44396E0 5.66923E0 4.13215E0 4.91067E0 1.59497E1 1.58698E1 8.44396E0 7.70536E0 7.64547E0 7.02665E0 7.76525E0 7.76525E0 2.35552E0 8.18445E-1 3.41351E0 9.8413E0 7.76525E0 9.52191E0 8.2643E0 9.4221E0 1.79858E1 7.02665E0 1.22966E1 1.06198E1 7.38597E-1 5.58938E-1 5.58938E-1 7.38597E-1 1.19772E0 6.38786E-1 6.98673E-1 4.7909E-1 8.38407E-1 1.37738E0 1.13584E1 4.13215E0 1.37738E0 1.07795E0 1.07795E0 1.63689E0 1.13584E1 1.58698E1 1.58698E1 1.13584E1 1.13584E1
1.58698E1 1.58698E1 1.11189E1 1.22966E1 9.2624E0 1.052E1 1.33546E1 1.40333E1 9.2624E0 1.33546E1 1.33546E1 1.24963E1 3.41351E0 3.41351E0 2.81465E0 2.11598E0 1.33546E1 5.34984E0 1.58698E1 1.58698E1 1.84849E1 1.40333E1 1.3135E1 1.67881E1 7.02665E0 5.34984E0 3.01427E0 2.67492E0 1.58698E1 1.14383E1 7.96487E0 4.91067E0 8.44396E0 5.66923E0 6.22817E0 2.11598E0 2.81465E0 3.83272E0 1.04402E1 7.76525E0 7.02665E0 7.56563E0 1.02805E1 9.2624E0 4.49147E0 3.41351E0 8.44396E0 5.19014E-1 2.19583E-1 3.99241E-1 3.83272E0 8.38407E-1 1.95628E0 5.98862E-1 1.07795E0 1.07795E0 9.8413E0 9.8413E0 3.41351E0 1.29753E0 3.79279E-1 3.99241E-1 8.78331E-1 1.58698E1 1.58698E1 9.90119E0 9.90119E0 1.00808E1
1.58698E1 1.58698E1 1.33546E1 1.33546E1 1.20371E1 1.33546E1 1.33546E1 1.40333E1 1.58698E1 1.33546E1 1.33546E1 1.32349E1 4.49147E0 4.49147E0 2.81465E0 2.53518E0 9.38217E-1 6.22817E0 1.58698E1 1.84849E1 1.7347E1 1.11788E1 8.44396E0 1.17776E1 3.83272E0 4.49147E0 1.37738E0 4.49147E0 1.58698E1 1.05E1 7.80517E0 5.66923E0 4.13215E0 3.83272E0 5.66923E0 4.13215E0 2.81465E0 9.2624E0 9.2624E0 7.76525E0 7.76525E0 8.50384E0 8.1046E0 7.02665E0 4.49147E0 5.66923E0 7.76525E0 5.66923E0 3.79279E-1 2.35552E0 5.34984E0 1.33546E1 1.58698E1 1.79659E0 1.07795E0 5.66923E0 8.78331E-1 7.02665E0 2.67492E0 6.38786E-1 5.19014E-1 1.09791E0 7.18635E-1 1.58698E1 1.58698E1 9.90119E0 1.13584E1 1.00808E1
1.28556E1 1.51512E1 4.13215E0 5.66923E0 5.66923E0 1.37539E1 1.58698E1 1.53109E1 1.12985E1 4.91067E0 1.51911E1 1.33546E1 3.83272E0 3.83272E0 3.01427E0 2.35552E0 1.79659E0 2.81465E0 1.31151E1 1.84849E1 1.84849E1 1.84849E1 1.14782E1 1.28955E1 1.80058E1 5.34984E0 5.34984E0 2.81465E0 1.12985E1 1.12985E1 1.32149E1 3.83272E0 3.41351E0 2.67492E0 3.83272E0 5.66923E0 1.07795E0 4.49147E0 5.66923E0 2.22178E1 2.07406E1 1.29953E1 8.34415E0 4.91067E0 2.53518E0 2.81465E0 4.13215E0 4.91067E0 4.13215E0 3.41351E0 9.38217E-1 8.78331E-1 7.76525E0 1.58698E1 1.95628E0 5.66923E0 8.44396E0 5.34984E0 4.49147E0 5.66923E0 1.63689E0 1.07795E0 1.63689E0 1.13584E1 1.13584E1 1.00808E1 1.00808E1 1.13584E1
