ENM/Final_Models/M_1_F_qp_Set_1_EC/Gustavia_santanderiensis_6_Choco_novel.asc
ncols         367
nrows         963
xllcorner     -78.6
yllcorner     0.65
cellsize      0.00833333333333323
NODATA_value  -9999
[rows 720 to 749 of 963, columns 136 to 203 of 367]
-5.55556E1 -5.49708E1 -5.55556E1 -5.02924E1 -5.08772E1 -5.49708E1 -5.38012E1 -5.1462E1 -4.91228E1 -4.44444E1 -3.97661E1 -8.30409E1 -8.07018E1 -9.23977E1 -9.23977E1 -9.76608E1 -5.84795E1 -1.9883E1 -6.43275E0 -1.16959E0 3.99241E-2 3.19393E-1 3.99241E-1 7.98483E-2 -2.5731E1 -3.39181E1 -5.08772E1 -4.5614E1 -5.26316E1 -3.21637E1 -2.51462E1 -1.9883E1 -1.57895E1 -5.84795E0 -2.63158E1 1.19772E0 1.79659E0 3.59317E-1 7.98483E-2 5.34984E0 1.83052E1 2.02415E1 1.51313E1 1.40333E1 1.22966E1 2.35552E0 1.37738E0 1.62092E1 1.51313E1 8.44396E0 1.51313E1 1.92434E1 1.62092E1 2.13993E1 2.69887E1 1.92434E1 2.43537E1 3.70696E1 3.44346E1 3.156E1 3.01427E1 2.17387E1 2.09203E1 2.35752E1 1.8964E1 1.87244E1 1.66084E1 1.11788E0
-5.61404E1 -5.49708E1 -5.4386E1 -5.61404E1 -4.97076E1 -5.55556E1 -5.1462E1 -4.61988E1 -4.50292E1 -4.79532E1 -5.08772E1 -7.54386E1 -8.07018E1 -9.12281E1 -6.31579E1 -8.53801E1 -6.66667E1 -2.45614E1 -1.87134E1 -2.98246E1 -1.75439E1 -5.26316E0 -1.75439E0 -4.67836E0 -3.27485E1 -3.74269E1 -4.32749E1 -3.50877E1 -3.50877E1 -1.92982E1 -1.11111E1 2.19583E-1 2.59507E-1 9.98104E-2 8.38407E-1 2.35552E0 1.79659E0 3.19393E-1 7.98483E-2 3.41351E0 4.13215E0 1.09791E0 1.63689E0 1.07795E0 1.29753E0 7.18635E-1 7.76525E0 2.13993E1 1.31151E1 1.83052E1 1.22966E1 2.02415E1 1.51313E1 3.01427E1 2.02415E1 1.92434E1 3.27578E1 2.86056E1 3.156E1 3.27578E1 2.34954E1 2.08204E1 1.40333E1 2.37149E1 1.94231E1 1.86246E1 1.35143E1 -9999
-5.49708E1 -5.4386E1 -5.38012E1 -5.73099E1 -4.73684E1 -4.09357E1 -5.4386E1 -5.38012E1 -4.97076E1 -4.91228E1 -5.90643E1 -7.60234E1 -7.95322E1 -8.0117E1 -1.01754E2 -9.88304E1 -8.94737E1 -3.97661E1 -3.85965E1 -4.03509E1 -2.74854E1 -1.16959E0 -1.57895E1 -2.63158E1 -3.15789E1 -2.51462E1 -2.2807E1 -2.39766E1 -1.57895E1 3.99241E-2 3.99241E-2 3.99241E-1 7.76525E0 4.59128E-1 1.09791E0 4.13215E0 3.83272E0 9.98104E-2 2.79469E-1 9.38217E-1 3.39355E-1 2.79469E-1 5.19014E-1 8.38407E-1 1.79659E0 2.11598E0 7.02665E0 3.41351E0 4.13215E0 7.76525E0 2.37549E1 3.43747E1 3.11408E1 3.33766E1 3.7868E1 2.50923E1 3.24983E1 2.5771E1 3.75287E1 2.87254E1 2.95039E1 1.62092E1 1.12985E1 2.14792E1 2.03214E1 1.81056E1 2.27568E0 -9999
-4.21053E1 -3.82381E1 -4.15205E1 -4.79532E1 -4.73684E1 -4.38596E1 -4.97076E1 -5.08772E1 -4.67836E1 -4.26901E1 -4.38596E1 -4.97076E1 -9.29825E1 -9.94152E1 -7.95322E1 -9.18129E1 -7.60234E1 -7.54386E1 -5.20468E1 -4.61988E1 -3.50877E1 -2.69006E1 -2.10526E1 -1.34503E1 -1.63743E1 -8.18713E0 -2.33918E0 -4.09357E0 2.19583E-1 3.41351E0 1.12985E1 9.8413E0 9.8413E0 9.98104E-2 1.07795E0 3.41351E0 1.07795E0 2.79469E-1 1.07795E0 1.31151E1 1.06198E1 1.63689E0 4.91067E0 1.92434E1 2.13993E1 2.13993E1 4.49147E0 4.13215E0 2.13993E1 6.22817E0 1.62092E1 2.84659E1 3.27578E1 3.43747E1 2.42938E1 2.28765E1 2.47729E1 4.09422E1 3.28376E1 3.01427E1 2.97235E1 2.72482E1 2.08204E1 2.02216E1 1.66284E1 7.78521E-1 8.58369E-1 -9999
-3.63435E1 -3.37228E1 -3.15789E1 -4.5614E1 -4.61988E1 -4.5614E1 -3.68421E1 -3.21637E1 -3.39181E1 -3.62573E1 -6.02339E1 -8.42105E1 -8.94737E1 -9.35673E1 -7.77778E1 -7.25146E1 -7.25146E1 -6.72515E1 -3.85965E1 -3.33333E1 -3.15789E1 -2.04678E1 -1.16959E1 7.98483E-2 2.79469E-1 1.95628E0 1.29753E0 9.2624E0 1.12985E1 3.37758E1 1.73271E1 4.13215E0 1.79659E0 3.83272E0 2.11598E0 4.91067E0 8.18445E-1 2.19583E-1 1.19772E0 1.79659E1 1.76065E1 9.8413E0 2.25372E1 2.58708E1 3.93053E1 2.46931E1 1.93233E1 2.46931E1 3.43747E1 1.40333E1 7.76525E0 2.58708E1 2.7887E1 3.59517E1 2.86655E1 2.5791E1 3.59517E1 3.45344E1 3.01427E1 2.70885E1 3.156E1 3.27578E1 3.06817E1 2.4234E1 2.26969E1 5.38976E-1 7.18635E-1 8.58369E-1
-5.61404E1 -4.09357E1 -3.85965E1 -4.61988E1 -3.04094E1 -3.45029E1 -4.97076E1 -8.36257E1 -7.77778E1 -8.65497E1 -9.06433E1 -8.59649E1 -8.47953E1 -9.06433E1 -8.0117E1 -7.30994E1 -8.88889E1 -7.95322E1 -7.07602E1 -3.85965E1 -1.75439E0 -5.84795E0 -1.92982E1 -1.22807E1 4.49147E0 1.60695E1 1.37339E1 1.65086E1 1.96028E1 2.02415E1 1.39735E1 2.19583E-1 1.19772E0 8.16449E0 2.67492E0 2.11598E0 8.78331E-1 2.79469E-1 4.7909E-1 1.79659E0 2.35552E0 3.83272E0 2.25372E1 3.156E1 4.60725E1 5.34984E0 1.63689E0 8.44396E0 2.84659E1 1.40333E1 9.2624E0 7.76525E0 1.62092E1 1.92434E1 2.46931E1 3.156E1 4.1062E1 3.43747E1 2.84659E1 3.156E1 4.4216E1 3.59517E1 3.5792E1 2.91845E1 2.52919E1 1.93632E0 2.41541E0 7.78521E-1
-4.8538E1 -5.32164E1 -5.1462E1 -3.50877E1 -4.73684E1 -6.54971E1 -6.08187E1 -6.78363E1 -5.55556E1 -6.66667E1 -6.78363E1 -6.72515E1 -6.37427E1 -6.08187E1 -5.49708E1 -5.73099E1 -5.61404E1 -7.01754E1 -7.7193E1 -5.26316E1 -3.33333E1 -3.04094E1 -2.5731E1 -2.5731E1 -2.92398E0 1.92634E1 1.55105E1 1.99221E1 1.97225E1 8.44396E0 5.66923E0 7.76525E0 1.63689E0 3.41351E0 1.95628E0 4.7909E-1 3.79279E-1 7.18635E-1 9.38217E-1 3.59317E-1 1.09791E0 1.22966E1 1.72073E1 3.4754E1 4.96856E1 3.89061E1 1.83052E1 1.51313E1 7.76525E0 2.02415E1 2.59307E1 1.22966E1 1.83052E1 2.46931E1 2.58708E1 3.77283E1 4.07426E1 3.44545E1 3.59517E1 3.33766E1 3.48338E1 3.44346E1 3.53928E1 2.83262E1 2.72482E1 2.26769E1 2.59507E-1 3.19393E-1
-4.61988E1 -4.97076E1 -5.1462E1 -4.61988E1 -5.49708E1 -7.77778E1 -6.43275E1 -5.90643E1 -4.97076E1 -6.02339E1 -6.43275E1 -6.08187E1 -5.78947E1 -4.5614E1 -1.81287E1 -2.16374E1 3.99241E-2 -1.16959E1 -4.38596E1 -4.61988E1 -4.5614E1 -4.15205E1 -2.8655E1 -1.16959E1 1.50514E1 2.60106E1 2.40343E1 1.91037E1 1.5271E1 1.02805E1 3.41351E0 3.41351E0 2.81465E0 9.38217E-1 9.38217E-1 2.19583E-1 2.53518E0 1.83052E1 1.22966E1 1.63689E0 1.37738E0 1.12985E1 2.83861E1 3.59517E1 3.156E1 3.76485E1 3.01427E1 3.59517E1 1.31151E1 2.81465E0 1.98223E1 2.90049E1 1.62092E1 2.58708E1 3.27578E1 3.15401E1 4.29584E1 4.33975E1 3.55724E1 3.18794E1 2.81066E1 3.82673E1 2.87254E1 2.41541E1 5.44965E0 7.98483E-2 5.38976E-1 4.39166E-1
-5.08772E1 -4.73684E1 -4.44444E1 -4.50292E1 -3.74269E1 -7.48538E1 -7.7193E1 -6.19883E1 -3.74269E1 -5.32164E1 -6.43275E1 -5.90643E1 -5.49708E1 -4.73684E1 -3.91813E1 -2.63158E1 3.99241E-2 2.59507E-1 2.19583E-1 -8.18713E0 -3.09942E1 -2.2807E1 1.99621E-2 1.40333E1 3.32967E1 3.21389E1 2.09402E1 1.77263E1 9.8413E0 7.76525E0 1.95628E0 1.37738E0 2.35552E0 6.98673E-1 3.99241E-1 1.07795E0 5.34984E0 1.12985E1 2.46132E1 1.7886E1 1.22966E1 1.63689E0 1.40333E1 1.83052E1 1.92434E1 2.37549E1 3.97644E1 3.86665E1 4.17407E1 4.13215E0 4.13215E0 1.69079E1 2.55115E1 1.92434E1 2.58708E1 2.58708E1 2.58708E1 3.37159E1 3.0542E1 3.66104E1 2.95039E1 3.28376E1 3.30173E1 3.54526E1 2.31959E1 5.38976E-1 2.59507E-1 3.39355E-1
-5.08772E1 -4.61988E1 -4.67836E1 -4.5614E1 -4.03509E1 -5.38012E1 -8.07018E1 -4.03509E1 -1.05263E1 -2.51462E1 -5.49708E1 -5.67251E1 -5.32164E1 -4.38596E1 -4.5614E1 -3.91813E1 -3.09942E1 -2.33918E0 3.59317E-1 3.19393E-1 -1.16959E1 -2.92398E0 3.39355E-1 2.56113E1 2.96437E1 2.34355E1 1.79858E1 1.72073E1 1.12985E1 9.8413E0 4.49147E0 1.19772E0 4.59128E-1 3.19393E-1 9.38217E-1 1.72073E1 1.51313E1 1.62092E1 2.90049E1 2.44735E1 4.13215E0 1.63689E0 7.76525E0 1.12985E1 9.2624E0 3.7868E1 3.72892E1 3.43747E1 3.98643E1 3.50933E1 2.5791E1 2.43138E1 3.43747E1 2.56113E1 3.156E1 2.37549E1 3.59517E1 2.68889E1 3.80078E1 3.88861E1 2.95039E1 3.06817E1 2.88053E1 2.81864E1 1.30153E1 4.39166E-1 1.95628E0 1.23765E0
-3.97661E1 -3.21637E1 -4.09357E1 -4.67836E1 -6.14035E1 -8.42105E1 -6.95906E1 -4.21053E1 -7.01754E0 -1.69591E1 -2.22222E1 -2.98246E1 -2.33918E1 -2.8655E1 -3.45029E1 -1.92982E1 -1.69591E1 -2.8655E1 -5.26316E0 2.19583E-1 -1.87134E1 1.99621E-2 1.72273E1 1.85448E1 2.39345E1 1.92634E1 2.24973E1 3.33367E1 3.27977E1 2.46931E1 2.37549E1 1.31151E1 6.58748E-1 5.58938E-1 9.2624E0 2.02415E1 3.43747E1 3.43747E1 3.43747E1 3.43747E1 1.40333E1 2.81465E0 1.79659E0 7.76525E0 2.84659E1 3.156E1 3.54726E1 4.30183E1 3.7868E1 4.99451E1 4.29584E1 3.93053E1 3.22587E1 2.46931E1 3.5812E1 3.2079E1 2.84659E1 3.59517E1 3.94051E1 3.5792E1 3.50734E1 2.65296E1 2.71684E1 9.62172E0 1.03803E0 3.53329E0 2.59507E-1 5.03044E0
-7.66082E1 -6.78363E1 -8.07018E1 -7.30994E1 -8.83041E1 -5.73099E1 -5.1462E1 -6.90059E1 -4.03509E1 -2.5731E1 -1.63743E1 -1.22807E1 3.99241E-2 -5.26316E0 9.98104E-2 9.98104E-2 3.19393E-1 7.98483E-2 2.19583E-1 -1.69591E1 -4.67836E0 1.19772E0 1.97625E1 2.32758E1 2.12796E1 1.91636E1 1.53109E1 1.61493E1 2.17986E1 2.37549E1 1.40333E1 1.63689E0 3.19393E-1 1.19772E0 1.62092E1 2.84659E1 3.93053E1 3.77084E1 2.69887E1 1.51313E1 8.44396E0 1.72073E1 7.76525E0 1.51313E1 3.32369E1 3.83272E1 2.69887E1 3.7868E1 4.29584E1 3.74688E1 4.48747E1 4.45753E1 3.07815E1 3.08015E1 3.85468E1 3.72892E1 3.56123E1 4.1062E1 3.4754E1 3.50933E1 4.60725E1 3.11608E1 3.09811E1 6.12836E0 2.4753E0 2.03613E0 1.55704E0 5.70915E0
-5.32164E1 -2.69006E1 -3.15789E1 -5.1462E1 -8.0117E1 -3.91813E1 -8.0117E1 -8.42105E1 -5.4386E1 -4.50292E1 -1.92982E1 -1.16959E0 7.98483E-2 2.19583E-1 3.19393E-1 2.79469E-1 3.79279E-1 2.19583E-1 3.99241E-1 7.98483E-2 1.19772E0 7.76525E0 1.72273E1 2.31959E1 2.32159E1 2.13993E1 1.22966E1 1.48119E1 2.09402E1 1.83052E1 3.01427E0 6.38786E-1 1.63689E0 1.12985E1 1.12985E1 2.58708E1 3.04422E1 2.38946E1 4.91067E0 1.22966E1 1.06198E1 3.02825E1 3.27578E1 1.72073E1 1.31151E1 2.13993E1 3.02825E1 4.33975E1 3.77084E1 3.41351E1 4.1062E1 4.4216E1 4.83681E1 4.72702E1 4.80287E1 3.19194E1 3.4734E1 3.17796E1 4.01837E1 3.54926E1 3.50734E1 2.64497E1 1.48518E1 1.55704E0 8.98293E-1 1.19772E0 1.1578E0 2.12796E1
-2.5731E1 -1.46199E1 -2.51462E1 -3.85965E1 -6.31579E1 -6.84211E1 -8.18713E1 -7.01754E1 -5.61404E1 -4.73684E1 -3.33333E1 -1.28655E1 2.79469E-1 2.79469E-1 2.19583E-1 3.99241E-1 4.59128E-1 1.59697E-1 7.98483E-2 3.99241E-2 9.98104E-2 9.98104E-2 1.57301E1 2.65895E1 3.01427E1 2.69887E1 1.62092E1 3.41351E0 3.83272E0 4.13215E0 8.78331E-1 4.7909E-1 2.11598E0 2.58708E1 3.11009E1 3.32967E1 2.80667E1 2.49526E1 3.41351E0 2.59507E-1 8.18445E-1 2.84659E1 2.52121E1 2.58708E1 1.40333E1 7.76525E0 2.83062E1 3.01427E1 2.37549E1 2.58708E1 4.16808E1 4.29584E1 4.01038E1 4.45753E1 4.62322E1 2.98034E1 4.40363E1 3.57321E1 3.2079E1 4.24394E1 3.90658E1 1.78261E1 2.7348E0 1.11788E0 6.92684E0 2.79469E0 1.23964E1 1.79259E1
-2.04678E1 -2.45614E1 -1.92982E1 -3.33333E1 -2.04678E1 -6.25731E1 -6.78363E1 -6.66667E1 -5.90643E1 -1.9883E1 -8.77193E0 -3.50877E0 1.59697E-1 3.99241E-1 3.99241E-1 5.19014E-1 4.7909E-1 7.98483E-2 6.38786E-1 2.19583E-1 3.99241E-2 2.19583E-1 2.53518E0 2.629E1 3.43747E1 3.25382E1 2.46931E1 1.22966E1 5.66923E0 2.35552E0 8.78331E-1 4.91067E0 9.8413E0 2.13993E1 2.69887E1 2.8945E1 2.59707E1 4.19204E1 3.70097E1 1.07795E0 4.59128E-1 5.34984E0 1.31151E1 5.5275E1 3.59517E1 1.06198E1 3.20591E1 3.18395E1 3.70696E1 4.60725E1 5.26799E1 5.33985E1 4.79888E1 4.96856E1 4.43757E1 4.13015E1 3.79279E1 3.69698E1 4.49745E1 4.17806E1 4.07027E1 2.88851E1 1.55704E0 2.03613E0 1.39934E1 1.85448E1 1.62092E1 2.25571E1
-3.04094E1 -1.11111E1 -7.01754E0 -1.57895E1 -8.77193E0 -3.62573E1 -6.19883E1 -5.67251E1 -2.63158E1 3.99241E-2 -1.16959E0 -5.84795E-1 2.19583E-1 5.19014E-1 3.19393E-1 3.39355E-1 3.19393E-1 4.7909E-1 1.09791E0 8.44396E0 2.02415E1 1.92434E1 2.4753E1 3.71694E1 4.41361E1 3.07815E1 2.84659E1 1.51313E1 1.72073E1 2.35552E0 2.11598E0 2.13993E1 3.7868E1 4.1062E1 4.45753E1 3.27578E1 2.76874E1 3.2099E1 2.84659E1 3.76085E1 3.70097E1 3.94451E1 3.01627E1 4.65316E1 3.7868E1 7.76525E0 3.27578E1 4.60725E1 4.93662E1 3.59517E1 5.1582E1 4.36171E1 3.74688E1 4.96057E1 3.65106E1 3.59517E1 3.98243E1 3.76485E1 4.5773E1 3.01427E1 3.156E1 3.16798E1 7.78521E-1 6.98673E-1 4.55135E0 2.13993E1 1.92434E1 2.07007E1
-3.09942E1 -2.5731E1 -7.01754E0 3.99241E-2 9.98104E-2 -1.22807E1 -3.91813E1 -4.79532E1 -3.15789E1 1.99621E-2 7.98483E-2 2.79469E-1 3.59317E-1 2.19583E-1 2.19583E-1 -1.16959E0 -1.75439E0 7.98483E-2 3.53928E1 3.21389E1 3.53728E1 2.84659E1 3.68699E1 3.96048E1 4.29584E1 2.7907E1 2.58708E1 3.59517E1 2.02415E1 4.91067E0 3.41351E0 2.02415E1 4.1062E1 4.45753E1 4.96856E1 3.28775E1 4.1062E1 4.17407E1 4.14413E1 3.56323E1 3.26979E1 3.59517E1 3.73091E1 4.70706E1 4.29185E1 2.58708E1 2.84659E1 4.45753E1 4.45753E1 3.59517E1 4.96856E1 4.45753E1 3.70696E1 4.28785E1 4.58529E1 2.46532E1 1.30752E1 3.74488E1 3.59517E1 3.91855E1 4.71105E0 3.17397E0 2.05609E0 1.23765E0 1.16579E1 2.13993E1 1.39335E1 2.31161E1
-2.04678E1 -2.74854E1 -2.45614E1 -2.33918E0 2.19583E-1 3.99241E-2 -2.33918E0 3.99241E-2 -4.67836E0 2.19583E-1 2.19583E-1 5.19014E-1 4.7909E-1 7.18635E-1 5.19014E-1 7.98483E-2 2.79469E-1 3.02825E1 3.72892E1 2.92444E1 1.90837E1 3.25781E1 3.16798E1 4.15211E1 4.18605E1 2.90648E1 2.13993E1 2.98433E1 2.58708E1 9.8413E0 5.66923E0 7.76525E0 1.92434E1 4.29584E1 4.6851E1 4.23396E1 3.77483E1 4.37169E1 3.91057E1 3.70296E1 3.70296E1 3.87663E1 3.64507E1 4.50145E1 3.66703E1 3.43747E1 1.72073E1 2.99231E1 3.93053E1 4.1581E1 2.8945E1 4.70905E1 4.81485E1 4.50544E1 4.08823E1 1.87045E1 1.97625E0 3.79279E0 3.09412E1 1.61094E1 1.43727E0 2.41541E0 2.09602E0 2.57511E0 1.96826E1 2.09003E1 1.75666E1 1.92434E1
-3.15789E1 -2.33918E1 -9.35672E0 -1.92982E1 -1.57895E1 -2.33918E0 3.19393E-1 3.99241E-1 4.7909E-1 3.99241E-1 5.19014E-1 3.99241E-1 1.99621E-2 3.99241E-1 2.02415E1 3.156E1 3.8946E1 3.27578E1 2.43937E1 8.54377E0 1.2117E1 1.70276E1 1.6868E1 3.74888E1 4.45753E1 3.43747E1 3.7868E1 3.70296E1 2.46931E1 2.02415E1 1.31151E1 1.62092E1 2.25372E1 3.59517E1 4.60725E1 4.48348E1 4.11418E1 3.91855E1 3.88462E1 4.22996E1 3.3676E1 4.1062E1 4.3158E1 3.76485E1 3.04422E1 2.43338E1 1.83052E1 2.46931E1 2.84659E1 3.51931E1 4.29584E1 2.88452E1 4.60725E1 4.81485E1 4.28785E1 3.90658E1 2.32758E1 3.33367E1 1.29753E0 5.789E-1 5.84889E0 7.22627E0 1.19772E0 7.38597E-1 1.16978E1 2.63499E1 2.63899E1 2.0022E1
-2.04678E1 -3.27485E1 -3.62573E1 -3.68421E1 -3.15789E1 -3.33333E1 -2.51462E1 3.99241E-2 2.59507E-1 4.7909E-1 5.58938E-1 2.19583E-1 3.99241E-2 2.19583E-1 4.18205E1 3.59517E1 3.685E1 2.56912E1 1.49716E1 1.3175E1 1.02405E1 8.04471E0 8.70346E0 2.90847E1 3.8966E1 4.29584E1 2.84659E1 3.59517E1 2.06208E1 1.40333E1 2.13993E1 3.08614E1 4.29584E1 4.60725E1 4.79289E1 4.79289E1 4.04232E1 4.17407E1 4.41561E1 4.61922E1 3.98443E1 3.55924E1 4.96856E1 3.64907E1 2.92644E1 2.68889E1 3.01427E1 2.25372E1 3.62711E1 4.18405E1 4.208E1 4.60725E1 3.59317E1 5.73111E1 5.33985E1 4.96856E1 3.59517E1 4.1042E1 4.91067E0 1.1578E0 2.03613E0 2.63499E0 1.55704E0 4.55135E0 2.24174E1 2.74478E1 2.2637E1 2.17387E1
-9.35672E0 -2.16374E1 -2.80702E1 -3.04094E1 -3.15789E1 -2.98246E1 -3.45029E1 -1.63743E1 2.79469E-1 5.19014E-1 3.19393E-1 1.95628E0 3.43747E1 4.29584E1 3.59517E1 3.58918E1 1.11987E1 1.09991E1 1.50714E1 1.37339E1 1.02405E1 9.48198E0 1.38337E1 4.1062E1 4.60725E1 4.45753E1 4.79289E1 3.156E1 2.02415E1 1.72073E1 3.64507E1 4.00439E1 4.1062E1 3.43747E1 3.93053E1 4.1062E1 4.07626E1 4.60725E1 4.50544E1 4.5793E1 4.40962E1 4.10021E1 4.50943E1 4.66114E1 2.97634E1 3.14403E1 3.41351E1 3.27578E1 4.45553E1 4.67113E1 4.62322E1 4.45753E1 5.5275E1 4.69907E1 4.96856E1 4.39365E1 3.7868E1 3.98044E1 1.1578E1 1.29753E0 2.67492E0 6.58748E-1 5.19014E-1 5.17018E0 1.63889E1 2.97235E1 2.35153E1 2.21579E1
3.59317E-1 -4.67836E0 -1.40351E1 -2.10526E1 -1.52047E1 -1.40351E1 -2.98246E1 -2.16374E1 -1.11111E1 3.99241E-2 3.79279E-1 4.07426E1 3.01427E1 3.58519E1 3.13804E1 3.16798E1 1.98024E1 1.53109E1 2.96836E1 3.12007E1 2.10201E1 8.70346E0 4.10221E1 3.7868E1 4.45753E1 2.84659E1 3.93053E1 3.156E1 2.13993E1 2.58708E1 4.45753E1 4.60725E1 4.29584E1 4.29584E1 3.7868E1 3.59517E1 4.79289E1 3.80078E1 4.35373E1 4.61922E1 3.77682E1 4.53339E1 4.96856E1 4.66114E1 3.01028E1 3.4734E1 3.99241E1 3.43747E1 4.5773E1 4.38567E1 4.5793E1 3.77283E1 5.29394E1 5.06238E1 4.38966E1 3.17996E1 2.29165E1 3.53728E1 1.66883E1 3.23386E0 1.53708E0 1.61693E0 1.51712E0 1.31151E1 2.70885E1 2.25571E1 2.2118E1 2.10799E1
3.99241E-1 5.19014E-1 2.19583E-1 -2.33918E0 -2.33918E0 -9.94152E0 -2.04678E1 -2.2807E1 -1.9883E1 7.98483E-2 2.53518E0 4.29584E1 3.93053E1 4.45753E1 3.91456E1 3.3676E1 5.66923E0 2.68889E1 3.97245E1 3.91456E1 3.87264E1 1.8964E1 4.11418E1 5.1582E1 4.47949E1 3.27578E1 2.97634E1 3.59517E1 3.01427E1 2.46931E1 3.43747E1 4.25791E1 3.59517E1 3.64507E1 3.27578E1 4.29584E1 5.09232E1 4.29185E1 4.24593E1 4.96856E1 4.1062E1 3.76085E1 3.77084E1 3.65506E1 3.24583E1 4.60725E1 3.87863E1 4.1062E1 4.14612E1 4.75297E1 5.06238E1 4.30981E1 3.70296E1 5.1582E1 5.44565E1 4.27987E1 5.44965E0 1.95628E0 1.35742E0 4.25192E0 1.53708E0 5.19014E-1 1.49117E1 2.63499E1 2.61104E1 2.35153E1 2.03214E1 2.41541E1
-8.77193E0 2.19583E-1 -2.92398E0 -9.94152E0 3.99241E-2 -2.92398E0 -1.9883E1 -1.34503E1 -1.16959E1 3.41351E0 6.22817E0 2.31161E1 3.8946E1 4.08224E1 3.27578E1 3.59517E1 3.11808E1 3.36161E1 4.09821E1 4.29584E1 3.59517E1 3.59517E1 3.59517E1 3.7868E1 4.43557E1 3.61314E1 3.5273E1 3.156E1 2.58708E1 2.69887E1 4.08424E1 4.29783E1 3.7868E1 4.29584E1 4.1062E1 3.7868E1 4.60725E1 4.44356E1 4.78491E1 4.1062E1 4.54337E1 4.60725E1 4.61323E1 2.55315E1 4.60725E1 3.93053E1 3.70097E1 3.90259E1 4.18205E1 4.07426E1 5.25601E1 4.1062E1 4.44755E1 5.70716E1 5.262E1 2.87254E1 1.69678E0 5.28995E0 4.71105E0 2.05609E0 2.23575E0 1.61693E0 1.49117E1 2.25372E1 2.69887E1 2.35153E1 2.31959E1 2.10799E1
1.99621E-2 2.19583E-1 3.99241E-2 -1.16959E1 -1.75439E1 -1.40351E1 3.99241E-2 -5.84795E-1 3.99241E-2 -1.16959E0 3.99241E-2 2.84659E1 4.27588E1 3.59517E1 4.45753E1 4.5274E1 3.23585E1 3.56323E1 3.59717E1 4.50344E1 4.79289E1 4.46152E1 3.43747E1 5.1582E1 4.60725E1 2.69887E1 3.93053E1 3.27578E1 2.77672E1 3.29973E1 3.60914E1 4.96856E1 4.96856E1 3.43747E1 3.43747E1 3.7868E1 5.5275E1 4.54137E1 5.0504E1 4.11219E1 4.54137E1 4.60725E1 4.60725E1 3.27578E1 5.73111E1 5.42369E1 4.44755E1 4.61523E1 5.3139E1 3.67901E1 5.51153E1 4.97854E1 5.24004E1 4.51342E1 4.5773E1 3.70097E1 2.49526E0 1.03803E0 2.49526E0 5.789E-1 2.17587E0 5.70915E0 3.01028E1 2.70686E1 2.69688E1 3.24583E1 2.21579E1 2.04611E1
3.99241E-2 2.19583E-1 2.79469E-1 -1.16959E0 -2.04678E1 -1.75439E1 -1.11111E1 5.19014E-1 8.18445E-1 2.79469E-1 -2.33918E0 1.83052E1 4.16808E1 3.50734E1 3.51931E1 3.93253E1 3.33167E1 2.93442E1 2.94441E1 3.49336E1 3.98842E1 5.33985E1 5.09632E1 3.59517E1 3.156E1 4.1062E1 3.58319E1 3.27578E1 3.11009E1 3.79878E1 5.1582E1 4.96856E1 4.45753E1 5.1582E1 4.45753E1 4.60725E1 4.1062E1 4.61523E1 5.11828E1 4.26589E1 4.35572E1 5.5275E1 5.18415E1 4.04432E1 5.73111E1 4.50344E1 2.85458E1 3.39954E1 4.50943E1 5.36381E1 4.32977E1 4.96457E1 4.13814E1 4.50943E1 5.07037E1 3.46941E1 1.09791E0 1.19772E0 5.789E-1 2.17587E0 1.07596E1 1.31151E1 2.14592E1 3.24583E1 2.16588E1 2.75876E1 2.55914E1 2.01218E1
3.19393E-1 3.59317E-1 2.79469E-1 -2.33918E0 -1.11111E1 3.99241E-2 -3.50877E0 3.59317E-1 7.18635E-1 1.06198E1 3.83272E0 3.43747E1 4.12816E1 4.11418E1 3.53329E1 3.27378E1 2.93642E1 7.88502E0 1.28556E1 1.28755E1 4.3158E1 5.33985E1 5.33985E1 5.1582E1 4.21799E1 4.5813E1 3.43747E1 3.73091E1 4.20002E1 4.39365E1 4.1062E1 5.5275E1 4.50145E1 4.1062E1 4.59527E1 4.79289E1 4.29584E1 4.29584E1 4.45753E1 3.69698E1 3.91456E1 4.88073E1 5.28995E1 5.19213E1 4.17607E1 5.53149E1 4.14013E1 5.97864E1 5.44965E1 4.45753E1 5.3159E1 5.06637E1 3.59517E1 4.26589E1 4.31979E1 3.48338E1 2.99431E0 4.19204E-1 6.16828E0 1.39934E1 2.7887E1 2.55914E1 2.93642E1 2.7887E1 3.40154E1 2.41541E1 2.5791E1 2.45334E1
2.19583E-1 7.18635E-1 2.19583E-1 -1.16959E0 9.98104E-2 3.99241E-1 9.98104E-2 3.99241E-2 3.59317E-1 3.98243E1 3.4195E1 2.44136E1 3.77084E1 3.27178E1 2.99032E1 8.48388E0 7.78521E0 1.01607E1 1.61094E1 3.58918E1 4.80886E1 5.5275E1 5.5275E1 4.79289E1 4.60725E1 4.4715E1 4.1062E1 3.95848E1 4.1062E1 4.0004E1 4.79289E1 4.60725E1 3.7868E1 3.94051E1 3.61114E1 3.6331E1 3.66903E1 3.44545E1 3.44945E1 3.45943E1 3.4734E1 3.91057E1 5.53947E1 4.96856E1 3.8926E1 5.25002E1 5.26799E1 5.84689E1 5.88282E1 4.96856E1 5.24803E1 5.0504E1 4.09622E1 3.68899E1 3.156E1 1.67881E1 8.58369E-1 3.45344E0 2.15191E1 3.11009E1 3.14602E1 3.14003E1 3.28376E1 3.06817E1 3.32967E1 2.63899E1 2.54516E1 2.63499E1
5.98862E-1 3.99241E-1 1.59697E-1 9.98104E-2 1.59697E-1 6.38786E-1 1.79659E0 5.58938E-1 1.59697E-1 3.7868E1 3.4195E1 1.20371E1 2.99231E1 2.44136E1 8.48388E0 1.61294E1 1.11987E1 2.71085E1 3.32967E1 4.16608E1 4.60924E1 3.59517E1 3.59517E1 3.27578E1 4.79289E1 4.94461E1 4.29584E1 3.93652E1 3.7389E1 3.72293E1 4.28985E1 4.67711E1 5.1582E1 4.1062E1 4.07426E1 4.12616E1 3.90658E1 3.78481E1 3.11009E1 3.11408E1 4.12217E1 4.60725E1 5.18415E1 5.1582E1 4.04032E1 5.30193E1 4.5773E1 5.84689E1 5.86486E1 5.03244E1 4.41162E1 4.52939E1 2.97435E1 1.98423E1 2.75077E1 3.37359E0 3.03424E0 2.1559E1 3.19593E1 3.41751E1 3.42549E1 3.53329E1 3.53329E1 3.28376E1 3.01427E1 2.61703E1 3.01427E1 2.629E1
7.38597E-1 5.58938E-1 3.99241E-1 4.7909E-1 5.98862E-1 5.66923E0 2.35552E0 7.38597E-1 3.41351E0 4.30981E1 3.3676E1 2.99231E1 1.91436E1 1.11788E1 1.50115E1 1.61094E1 2.84659E1 3.63509E1 4.0004E1 3.93053E1 4.29584E1 4.29584E1 4.29584E1 3.43747E1 5.33985E1 5.33985E1 5.5774E1 3.77682E1 3.39754E1 2.97235E1 3.86466E1 5.1582E1 5.5275E1 4.96856E1 4.29584E1 4.1062E1 3.7868E1 3.75886E1 3.8946E1 3.23585E1 4.40164E1 5.02645E1 4.45753E1 4.47749E1 3.75487E1 4.60725E1 4.79289E1 5.30193E1 5.84689E1 5.74508E1 4.21E1 3.70895E1 1.55704E0 1.53708E0 3.79279E0 1.69678E0 2.23575E0 2.79469E0 3.10011E1 3.63909E1 3.69698E1 3.99241E1 3.99441E1 3.65905E1 3.33965E1 2.81266E1 2.65695E1 2.27767E1
