ENM/Final_Models/M_1_F_qp_Set_1_EC/Gustavia_santanderiensis_0_Choco.asc
ncols         367
nrows         963
xllcorner     -78.6
yllcorner     0.65
cellsize      0.00833333333333323
NODATA_value  -9999
[rows 180 to 209 of 963, columns 268 to 334 of 367]
1.10493E-1 8.99803E-2 4.1598E-2 1.41073E-1 1.19132E-1 1.20503E-1 3.41837E-2 1.03797E-2 8.95536E-6 5.3488E-5 8.86968E-5 4.26704E-5 5.02289E-5 6.67499E-5 2.73693E-5 4.86177E-6 2.94339E-6 1.88227E-6 3.81525E-6 6.48807E-6 1.22838E-5 1.34507E-5 9.47621E-6 2.0295E-5 3.82744E-5 9.95487E-6 4.36937E-6 4.07497E-6 3.73818E-6 2.12591E-5 6.66585E-5 6.54175E-5 1.70823E-5 2.12851E-6 1.23345E-6 2.82629E-6 3.51272E-6 5.16169E-6 2.40033E-6 1.00283E-5 2.08939E-5 4.86639E-5 2.81385E-5 1.47764E-5 1.27785E-5 6.99348E-6 5.98954E-6 1.3813E-5 3.14144E-6 1.06123E-6 9.28546E-7 2.41182E-6 -9999 -9999 -9999 -9999 -9999 -9999 -9999 -9999 -9999 -9999 -9999 -9999 -9999 -9999 -9999
1.01887E-1 8.74727E-2 4.08716E-2 1.6427E-2 1.48852E-2 3.80113E-2 1.35222E-2 7.65436E-3 2.04871E-4 6.6886E-6 9.86185E-5 6.70038E-5 8.35381E-5 1.32044E-4 2.98799E-5 1.66821E-5 3.7143E-6 2.80133E-6 5.21732E-6 6.65533E-6 1.01365E-5 7.18371E-6 7.79972E-6 3.55201E-5 2.6325E-5 1.13154E-5 3.99905E-6 6.5455E-6 3.57446E-6 1.66909E-5 2.45395E-5 2.04309E-5 9.99666E-6 4.08637E-6 1.29309E-6 1.80312E-6 2.9365E-6 5.7855E-6 1.1056E-5 6.96053E-6 2.86413E-6 1.31021E-6 7.14103E-7 7.81486E-7 -9999 -9999 5.42052E-6 1.59503E-6 2.57999E-6 2.91823E-6 7.05406E-7 8.73983E-7 -9999 -9999 -9999 -9999 -9999 -9999 -9999 -9999 -9999 -9999 -9999 -9999 -9999 -9999 -9999
9.79139E-2 6.24642E-2 5.01481E-2 3.02541E-2 3.67017E-2 4.14967E-2 4.34422E-2 6.25888E-3 6.5655E-4 3.91797E-4 1.49089E-4 2.9242E-5 1.24643E-4 1.25007E-4 6.30917E-5 6.80433E-5 8.93013E-6 3.41776E-6 3.43119E-6 8.00989E-6 1.12207E-5 6.87224E-6 1.06795E-5 3.20799E-5 2.10925E-5 6.82941E-6 4.84274E-6 4.97674E-6 4.34853E-6 7.50983E-6 3.48608E-5 2.22269E-5 5.19969E-6 7.72823E-6 1.17595E-6 5.14237E-6 6.41225E-6 4.86633E-6 8.21353E-6 1.03162E-5 8.72327E-6 7.4573E-6 8.54289E-7 1.87899E-6 -9999 -9999 1.62806E-6 5.51242E-7 2.06794E-6 1.83395E-6 8.30174E-7 -9999 -9999 -9999 -9999 -9999 -9999 -9999 -9999 -9999 -9999 -9999 -9999 -9999 -9999 -9999 -9999
3.68573E-2 8.03708E-3 7.78802E-3 1.55293E-2 2.61236E-2 2.22286E-2 1.16888E-2 4.54433E-4 2.95444E-4 4.13551E-4 2.67289E-4 7.08358E-5 1.75742E-4 2.63326E-4 1.09338E-4 3.48515E-5 1.20293E-5 3.6737E-6 2.94776E-6 2.86046E-6 4.70441E-6 6.39646E-6 5.85843E-6 9.90264E-6 1.17613E-5 6.67462E-6 2.90573E-6 1.22455E-6 6.23862E-6 6.95295E-6 6.65469E-6 9.68008E-6 7.33898E-6 8.80928E-6 6.12405E-6 8.13141E-6 2.66198E-5 5.14416E-5 2.93165E-5 1.3845E-5 2.89114E-5 1.82123E-5 2.4394E-6 -9999 -9999 -9999 1.89219E-6 3.36811E-7 3.65618E-7 1.25383E-6 -9999 -9999 -9999 -9999 -9999 -9999 -9999 -9999 -9999 -9999 -9999 -9999 -9999 -9999 -9999 -9999 -9999
3.43962E-2 2.66609E-4 8.32167E-5 5.28609E-3 1.03097E-2 1.95273E-2 1.45618E-2 3.88587E-4 8.21593E-5 2.69575E-4 9.0464E-5 7.83692E-5 1.01213E-4 1.01743E-4 1.01377E-4 5.17373E-5 1.28436E-5 5.02736E-6 6.82212E-6 2.11516E-6 2.25988E-6 4.90983E-6 3.94166E-6 5.73698E-6 6.29606E-6 4.64132E-6 2.11832E-6 1.31873E-6 4.87254E-6 6.82782E-6 2.08169E-6 4.56565E-6 9.19024E-6 1.29667E-5 9.43625E-6 8.12625E-6 2.42651E-5 7.86526E-5 3.54005E-5 1.09081E-5 2.18923E-5 1.67879E-5 1.4974E-5 -9999 -9999 5.34659E-7 1.15276E-6 5.63032E-7 5.65051E-7 -9999 -9999 -9999 -9999 -9999 -9999 -9999 -9999 -9999 -9999 -9999 -9999 -9999 -9999 -9999 -9999 -9999 -9999
4.35531E-2 1.16568E-4 2.07976E-4 4.00774E-5 1.06951E-3 1.19225E-3 4.14278E-3 1.60118E-4 2.06676E-4 5.40602E-5 1.9736E-5 5.26413E-5 6.1963E-5 4.92937E-5 7.65206E-5 4.05011E-5 4.00854E-5 1.27731E-5 1.28891E-5 5.54882E-6 5.29352E-6 8.15477E-6 2.53607E-6 2.68947E-6 2.60992E-6 1.84378E-6 1.67058E-6 1.57032E-6 4.05442E-6 1.99639E-5 5.35973E-6 6.91185E-6 2.76497E-5 2.27094E-5 1.55986E-5 2.80433E-5 8.03089E-5 1.84521E-4 3.48963E-5 3.10295E-5 3.40633E-5 1.65782E-5 -9999 -9999 -9999 8.49957E-7 5.15701E-7 -9999 -9999 -9999 -9999 -9999 -9999 -9999 -9999 -9999 -9999 -9999 -9999 -9999 -9999 -9999 -9999 -9999 -9999 -9999 -9999
7.98124E-2 2.39728E-3 4.54742E-4 3.05425E-4 8.37087E-5 7.44676E-5 5.61388E-5 3.59096E-5 3.91356E-5 3.08975E-5 1.86952E-5 1.9428E-5 1.42697E-5 1.96144E-5 1.45476E-5 3.25013E-5 6.75573E-5 1.03654E-4 5.96611E-5 3.03186E-5 1.46431E-5 8.3222E-6 4.11634E-6 5.84577E-6 5.92895E-6 4.08086E-6 8.44416E-6 3.27281E-6 1.12286E-5 5.34629E-5 2.32192E-5 1.27684E-5 6.31259E-5 1.31763E-5 6.63585E-6 7.35868E-5 3.96183E-5 2.71187E-5 3.16972E-5 3.54896E-5 2.02227E-5 -9999 -9999 -9999 -9999 1.59707E-6 -9999 -9999 -9999 -9999 -9999 -9999 -9999 -9999 -9999 -9999 -9999 -9999 -9999 -9999 -9999 -9999 -9999 -9999 -9999 -9999 -9999
8.05109E-2 7.98866E-4 9.81015E-4 2.21578E-3 4.64797E-4 3.53106E-4 3.13378E-4 4.14953E-5 6.68428E-5 9.62415E-5 3.69894E-5 2.93086E-5 7.8634E-6 1.20025E-5 4.42998E-5 4.70355E-5 8.68603E-5 2.31053E-4 1.53725E-4 1.59124E-4 1.52525E-4 1.67654E-5 1.05844E-5 1.84854E-5 2.03699E-5 1.10215E-5 1.35325E-5 6.97188E-6 9.87004E-6 1.95433E-5 7.74391E-5 4.68193E-5 6.03545E-5 1.17911E-5 1.14631E-5 1.14554E-5 3.91127E-5 4.59204E-5 1.96738E-5 2.6006E-5 6.51136E-5 -9999 -9999 -9999 -9999 -9999 -9999 -9999 -9999 -9999 -9999 -9999 -9999 -9999 -9999 -9999 -9999 -9999 -9999 -9999 -9999 -9999 -9999 -9999 -9999 -9999 -9999
1.99029E-2 7.4315E-4 2.79494E-3 4.0352E-3 3.10328E-4 6.18507E-4 6.80364E-4 3.85236E-4 7.1493E-5 3.44716E-4 5.23577E-5 4.12768E-5 1.79993E-5 1.29502E-5 6.27811E-5 1.26434E-4 5.64813E-5 2.96391E-4 4.82448E-4 4.12331E-4 2.14525E-4 9.06192E-5 2.50294E-5 1.25669E-5 4.90159E-5 2.99721E-5 1.20005E-5 4.51318E-5 6.20316E-5 2.41763E-5 1.22551E-4 8.6419E-5 9.436E-5 5.38898E-5 6.43975E-5 4.11382E-5 1.4081E-4 4.42751E-5 2.00108E-5 2.38961E-5 1.18302E-4 -9999 -9999 -9999 -9999 -9999 -9999 -9999 -9999 -9999 -9999 -9999 -9999 -9999 -9999 -9999 -9999 -9999 -9999 -9999 -9999 -9999 -9999 -9999 -9999 -9999 -9999
1.42859E-2 2.71529E-3 6.8738E-3 2.50114E-2 3.53774E-3 2.40752E-3 8.91253E-3 2.46435E-3 7.31254E-4 7.52951E-4 3.40897E-4 1.46681E-4 3.06295E-5 3.17452E-5 8.39257E-5 2.22937E-4 1.27247E-4 3.92021E-4 6.47146E-4 3.43657E-4 3.48981E-4 4.16452E-4 6.69603E-5 8.63446E-5 4.85308E-5 1.43894E-5 1.73496E-5 3.57363E-5 7.98632E-5 7.70129E-5 8.87534E-5 5.00022E-5 2.28688E-5 9.83775E-6 1.16435E-4 7.71221E-5 6.12245E-5 6.99048E-5 4.77321E-5 2.1118E-5 1.75403E-5 2.83867E-6 -9999 -9999 -9999 -9999 -9999 -9999 -9999 -9999 -9999 -9999 -9999 -9999 -9999 -9999 -9999 -9999 -9999 -9999 -9999 -9999 -9999 -9999 -9999 -9999 -9999
4.47942E-2 5.40154E-3 4.52269E-2 6.19223E-2 1.29013E-2 2.04355E-2 8.35155E-3 2.37479E-3 5.63434E-4 1.02683E-3 1.15446E-4 2.87678E-4 7.68188E-5 3.37494E-5 1.41303E-4 1.04456E-3 6.69716E-4 3.80639E-4 6.80572E-4 1.05761E-4 1.46693E-4 3.75243E-4 4.72705E-4 5.29918E-4 1.27123E-4 1.0608E-4 6.41573E-5 1.75027E-4 1.15174E-4 1.78921E-5 4.23584E-5 5.27633E-5 7.23427E-5 1.85927E-4 1.60367E-4 5.06774E-5 7.59905E-5 7.98064E-5 3.34059E-5 1.97979E-5 4.24086E-5 2.54768E-6 1.01391E-6 -9999 -9999 -9999 -9999 -9999 -9999 -9999 -9999 -9999 -9999 -9999 -9999 -9999 -9999 -9999 -9999 -9999 -9999 -9999 -9999 -9999 -9999 -9999 -9999
1.42551E-1 5.55797E-2 9.41476E-2 1.2485E-1 6.67209E-2 3.41124E-2 9.79187E-3 3.68306E-3 1.04902E-3 2.27419E-3 3.07779E-4 1.95831E-4 2.78425E-4 1.0962E-3 1.17123E-3 5.8826E-4 9.36508E-4 9.79791E-4 6.64833E-4 1.18379E-4 2.81732E-4 4.13753E-4 7.10331E-4 3.00901E-4 7.20328E-5 1.47989E-4 3.77957E-4 6.38063E-4 1.70014E-4 1.74654E-5 2.6601E-5 1.16178E-4 2.82023E-4 2.50747E-4 1.21177E-4 8.91678E-5 5.01448E-5 8.65827E-5 1.60073E-4 1.04579E-4 3.84823E-5 2.02386E-5 3.04422E-6 2.80571E-6 -9999 -9999 -9999 -9999 -9999 -9999 -9999 -9999 -9999 -9999 -9999 -9999 -9999 -9999 -9999 -9999 -9999 -9999 -9999 -9999 -9999 -9999 -9999
1.56513E-1 7.3093E-2 7.05344E-2 2.04898E-1 8.13116E-2 1.64318E-2 8.57721E-3 4.53261E-3 1.83562E-3 8.59782E-3 1.04397E-3 1.05156E-4 5.28788E-4 7.92251E-4 1.9156E-3 7.27804E-4 2.02886E-3 3.69708E-3 4.34784E-4 2.20141E-4 1.21063E-3 1.60924E-3 7.04176E-4 3.8348E-4 1.54099E-4 1.73874E-4 1.11487E-3 5.45628E-4 1.21566E-4 2.06212E-4 1.19592E-4 1.3125E-4 1.70057E-4 8.51297E-5 5.22274E-5 5.23584E-5 1.5792E-4 1.14509E-4 7.44234E-5 1.19628E-4 5.11471E-5 1.18458E-5 3.25125E-6 1.7807E-6 -9999 -9999 -9999 -9999 -9999 -9999 -9999 -9999 -9999 -9999 -9999 -9999 -9999 -9999 -9999 -9999 -9999 -9999 -9999 -9999 -9999 -9999 -9999
2.45894E-1 2.2942E-1 2.29448E-1 2.18544E-1 9.87272E-2 5.34683E-3 2.81702E-3 3.18476E-3 3.78432E-3 4.76464E-3 2.42483E-3 8.69483E-4 7.59478E-4 1.18378E-3 1.16206E-3 8.03276E-4 7.52861E-4 1.75659E-3 3.93105E-4 4.80728E-4 3.34598E-3 3.78306E-4 9.35499E-5 2.51551E-4 4.86823E-4 4.90287E-4 1.43688E-4 3.57866E-4 4.49954E-4 1.11995E-4 9.76632E-5 2.7926E-4 9.52389E-5 4.60958E-5 1.06423E-4 7.26353E-5 7.03227E-5 9.60564E-5 6.52308E-5 3.11767E-5 5.02082E-5 8.31274E-6 1.91743E-5 1.06865E-5 -9999 -9999 -9999 -9999 -9999 -9999 -9999 -9999 -9999 -9999 -9999 -9999 -9999 -9999 -9999 -9999 -9999 -9999 -9999 -9999 -9999 -9999 -9999
7.66091E-2 3.77541E-1 2.33742E-1 2.42563E-1 4.92326E-2 1.11614E-2 3.30519E-3 6.76111E-3 3.70227E-3 6.40287E-3 4.0726E-3 2.80583E-3 3.97318E-3 5.98146E-3 2.37246E-3 2.1034E-4 5.08625E-3 2.3206E-3 5.99484E-4 1.28474E-3 1.84144E-3 1.34614E-3 4.86791E-4 6.83913E-4 1.74817E-4 9.42285E-5 1.55023E-4 3.48884E-4 2.86243E-4 7.89884E-5 5.47656E-5 1.23772E-4 1.71385E-4 1.085E-4 8.90102E-5 1.20341E-4 1.26646E-4 4.61799E-5 3.32322E-5 5.33203E-5 9.37145E-5 5.81299E-5 1.70496E-5 -9999 -9999 -9999 -9999 -9999 -9999 -9999 -9999 -9999 -9999 -9999 -9999 -9999 -9999 -9999 -9999 -9999 -9999 -9999 -9999 -9999 -9999 -9999 -9999
2.43583E-2 9.41191E-2 2.19284E-1 3.86857E-1 1.29653E-1 4.52419E-2 4.99822E-3 1.36004E-2 6.89997E-4 1.54842E-3 2.27045E-3 1.17225E-3 3.75954E-3 6.3031E-3 1.24351E-3 2.35137E-4 5.78449E-3 2.08413E-3 1.94462E-3 4.13872E-3 4.69681E-3 1.2802E-3 1.81355E-3 3.27642E-4 1.87686E-4 1.73086E-4 1.62285E-4 5.58131E-5 4.50675E-5 5.3435E-5 1.32936E-4 2.92897E-4 9.49598E-5 7.76175E-5 1.42013E-4 4.01586E-5 5.12238E-5 7.22685E-5 3.25158E-5 6.34246E-5 5.42195E-5 5.33393E-5 1.05281E-5 -9999 -9999 -9999 -9999 -9999 -9999 -9999 -9999 -9999 -9999 -9999 -9999 -9999 -9999 -9999 -9999 -9999 -9999 -9999 -9999 -9999 -9999 -9999 -9999
3.45075E-2 5.05097E-2 6.58843E-2 6.41169E-2 1.22428E-1 1.16679E-1 3.41605E-2 2.36075E-3 1.2431E-3 4.59475E-4 8.55845E-5 3.19491E-4 1.35487E-3 2.01697E-3 1.03052E-3 2.41516E-4 1.61542E-3 2.71853E-3 2.10253E-3 4.65464E-3 1.62505E-3 4.40623E-4 7.24747E-4 2.08159E-4 3.0946E-4 3.055E-4 2.48048E-4 1.06327E-4 4.77029E-5 5.04803E-5 3.11866E-4 8.99266E-5 4.52625E-5 8.02962E-5 1.42315E-4 6.96804E-5 1.59444E-5 1.89635E-5 3.26019E-5 3.97223E-5 8.3896E-5 2.26969E-5 9.49905E-5 -9999 -9999 -9999 -9999 -9999 -9999 -9999 -9999 -9999 -9999 -9999 -9999 -9999 -9999 -9999 -9999 -9999 -9999 -9999 -9999 -9999 -9999 -9999 -9999
2.78574E-2 2.63209E-2 1.1742E-2 2.59368E-2 3.34113E-2 9.96305E-3 2.05148E-3 2.93887E-3 1.51716E-3 7.63439E-4 5.02092E-4 8.84441E-4 5.59572E-4 3.94991E-4 5.84883E-4 3.95038E-4 8.6099E-4 2.76174E-3 5.37125E-3 4.69241E-3 4.06006E-3 2.05628E-3 1.70096E-3 2.70998E-4 1.71134E-4 1.38611E-4 1.55366E-4 1.87321E-4 8.66625E-5 7.60959E-5 3.4663E-4 1.47856E-4 2.2877E-4 1.12659E-4 2.76039E-4 6.42447E-5 1.17392E-5 2.09923E-5 4.13993E-5 9.56548E-5 2.06304E-5 7.05561E-5 6.97031E-5 -9999 -9999 -9999 -9999 -9999 -9999 -9999 -9999 -9999 -9999 -9999 -9999 -9999 -9999 -9999 -9999 -9999 -9999 -9999 -9999 -9999 -9999 -9999 -9999
4.44308E-2 2.39951E-2 7.69629E-3 1.59953E-2 1.10711E-2 1.58888E-2 1.21735E-2 1.2154E-2 1.10847E-3 1.07502E-3 1.93849E-3 4.00656E-4 1.3788E-3 3.11027E-4 2.97254E-4 8.74296E-4 2.60137E-3 4.81017E-3 2.78178E-3 2.10886E-3 2.98949E-3 1.63081E-3 6.05134E-4 1.43418E-4 1.25633E-4 9.38935E-5 1.36526E-4 2.15614E-4 2.17325E-4 1.29206E-4 1.85833E-4 3.29631E-4 2.71047E-4 2.13476E-4 9.17363E-5 5.66024E-5 2.9196E-5 2.57462E-5 2.98081E-5 5.40169E-5 5.73951E-5 6.26804E-5 -9999 -9999 -9999 -9999 -9999 -9999 -9999 -9999 -9999 -9999 -9999 -9999 -9999 -9999 -9999 -9999 -9999 -9999 -9999 -9999 -9999 -9999 -9999 -9999 -9999
1.05233E-1 4.94845E-2 4.0259E-2 1.12904E-2 3.18084E-2 1.89873E-2 2.78293E-3 1.56347E-3 4.62847E-3 1.25218E-3 1.08634E-3 1.08242E-3 2.86602E-3 3.88366E-3 3.52877E-3 1.31019E-3 2.8523E-3 2.22061E-3 2.01797E-3 1.22299E-3 1.04736E-3 4.5066E-4 1.48033E-4 1.66164E-4 5.00399E-5 4.75825E-5 5.73578E-5 1.01195E-4 7.29179E-5 1.8583E-4 1.18689E-4 3.94072E-4 2.28854E-4 1.37261E-4 5.17239E-5 1.11017E-4 4.42596E-5 6.31307E-5 1.00915E-4 2.20972E-4 1.75481E-4 1.05305E-4 -9999 -9999 -9999 -9999 -9999 -9999 -9999 -9999 -9999 -9999 -9999 -9999 -9999 -9999 -9999 -9999 -9999 -9999 -9999 -9999 -9999 -9999 -9999 -9999 -9999
2.2882E-1 1.38462E-1 4.57881E-2 3.89443E-2 7.10838E-2 1.70583E-2 4.06748E-3 3.54965E-3 1.11848E-3 7.35498E-4 3.20381E-4 5.48266E-4 3.05333E-3 4.38807E-3 5.40062E-3 4.50345E-3 5.99249E-4 1.05347E-3 1.78625E-3 6.82985E-4 7.16961E-4 2.54089E-4 3.53028E-4 1.20775E-3 7.6532E-4 2.20523E-4 2.21782E-4 1.00843E-4 1.36061E-4 8.51599E-5 1.65684E-4 1.22244E-4 2.27377E-4 3.1371E-4 2.31489E-4 1.26064E-4 3.89496E-5 5.13814E-5 9.0511E-5 4.35213E-4 2.96375E-4 6.48355E-5 -9999 -9999 -9999 -9999 -9999 -9999 -9999 -9999 -9999 -9999 -9999 -9999 -9999 -9999 -9999 -9999 -9999 -9999 -9999 -9999 -9999 -9999 -9999 -9999 -9999
2.67782E-1 1.58505E-1 9.3773E-2 1.09259E-1 1.68142E-1 1.62421E-1 6.68045E-3 5.02911E-4 5.68625E-4 1.88782E-3 4.83047E-4 6.40007E-4 7.66279E-4 1.09396E-3 3.48953E-3 1.1239E-3 1.80375E-3 8.76247E-4 1.72353E-3 1.85324E-3 5.30529E-4 8.51766E-4 4.75102E-4 6.17379E-4 2.35478E-4 1.66052E-4 3.19802E-4 1.30914E-4 1.45217E-4 3.12468E-4 4.37018E-4 8.9982E-5 1.46612E-4 3.70606E-4 8.55302E-5 1.37428E-4 1.52222E-4 9.47875E-5 5.37414E-4 2.71869E-4 1.11492E-4 -9999 -9999 -9999 -9999 -9999 -9999 -9999 -9999 -9999 -9999 -9999 -9999 -9999 -9999 -9999 -9999 -9999 -9999 -9999 -9999 -9999 -9999 -9999 -9999 -9999 -9999
3.78276E-1 2.91402E-1 2.33642E-1 7.44173E-2 2.0464E-1 2.16346E-1 1.60322E-2 8.55604E-4 6.67741E-4 2.7188E-4 4.66942E-4 1.13122E-3 2.4049E-3 7.43915E-4 1.03893E-3 1.3837E-3 1.18998E-3 5.46681E-4 1.34073E-3 1.41088E-3 9.29167E-4 3.58203E-4 2.1243E-4 2.26216E-4 7.83716E-5 9.49065E-5 7.97576E-5 1.78669E-4 2.73946E-4 3.55681E-4 5.00027E-4 8.80825E-5 5.30352E-5 4.96053E-5 3.6615E-5 5.30075E-5 4.81555E-5 1.15966E-4 2.00442E-4 1.59043E-4 -9999 -9999 -9999 -9999 -9999 -9999 -9999 -9999 -9999 -9999 -9999 -9999 -9999 -9999 -9999 -9999 -9999 -9999 -9999 -9999 -9999 -9999 -9999 -9999 -9999 -9999 -9999
4.42072E-1 3.88511E-1 3.73681E-1 5.99341E-2 1.40024E-1 2.44597E-1 4.57345E-2 1.80643E-3 1.24738E-3 6.23945E-4 3.63127E-4 2.28355E-3 5.62246E-3 1.04801E-3 1.22365E-3 1.45456E-3 2.43316E-3 2.36905E-4 2.49323E-4 3.57312E-4 3.94285E-4 2.25373E-4 6.12012E-4 3.63847E-4 9.26202E-5 3.40339E-5 6.32546E-5 2.1751E-4 1.05903E-3 5.99175E-4 1.97167E-4 7.49762E-5 5.72152E-5 1.44508E-5 1.72308E-5 1.83917E-5 9.20062E-6 8.11948E-5 7.67334E-5 1.6675E-4 -9999 -9999 -9999 -9999 -9999 -9999 -9999 -9999 -9999 -9999 -9999 -9999 -9999 -9999 -9999 -9999 -9999 -9999 -9999 -9999 -9999 -9999 -9999 -9999 -9999 -9999 -9999
6.14883E-1 4.66123E-1 4.5653E-1 1.25032E-1 1.03772E-1 2.47915E-1 1.06252E-1 9.85855E-3 3.89166E-3 3.71323E-4 7.04813E-4 1.42009E-4 1.64281E-3 1.26318E-3 2.67862E-3 4.1281E-3 4.44231E-3 2.30675E-3 7.38415E-4 3.38795E-4 1.8008E-4 2.25992E-4 2.03046E-4 2.63725E-4 1.18242E-4 1.07419E-4 7.69766E-5 1.09818E-4 3.75637E-4 5.34333E-4 2.53331E-4 5.4281E-5 7.43584E-5 6.62487E-5 4.65211E-5 3.91862E-5 5.60649E-5 5.13666E-5 2.07796E-4 1.58526E-4 -9999 -9999 -9999 -9999 -9999 -9999 -9999 -9999 -9999 -9999 -9999 -9999 -9999 -9999 -9999 -9999 -9999 -9999 -9999 -9999 -9999 -9999 -9999 -9999 -9999 -9999 -9999
4.44308E-1 4.61677E-1 4.80875E-1 1.91725E-1 2.80668E-2 1.01448E-1 7.3008E-2 2.48877E-2 6.75719E-3 3.09011E-3 4.844E-4 4.37027E-4 6.8221E-4 1.40512E-3 2.9575E-3 3.58652E-3 5.99235E-3 5.2891E-3 1.28983E-3 4.82158E-4 1.9635E-4 7.74161E-5 1.93429E-4 1.61591E-4 2.89879E-4 3.58141E-4 2.82681E-4 5.56858E-4 2.49137E-4 2.68732E-4 1.16878E-3 2.78124E-4 8.11563E-5 2.4204E-5 2.08512E-5 7.22535E-5 9.55714E-5 1.42526E-4 4.56854E-4 7.32226E-5 -9999 -9999 -9999 -9999 -9999 -9999 -9999 -9999 -9999 -9999 -9999 -9999 -9999 -9999 -9999 -9999 -9999 -9999 -9999 -9999 -9999 -9999 -9999 -9999 -9999 -9999 -9999
3.61419E-1 6.91247E-1 5.66199E-1 3.94609E-1 9.95266E-2 2.31893E-2 7.56623E-2 8.68663E-3 4.91379E-4 3.03975E-3 1.58736E-3 3.37103E-4 3.3844E-4 5.34391E-4 1.67689E-3 1.16202E-3 3.69835E-3 2.75192E-3 1.73936E-3 7.6905E-4 3.84634E-4 2.57806E-4 3.42266E-4 5.96526E-4 2.28788E-4 1.02158E-3 3.07182E-4 1.17506E-3 7.23438E-4 4.17261E-4 1.08698E-3 6.86928E-4 3.56944E-4 2.50859E-4 1.04067E-4 2.03347E-4 2.70209E-4 3.4566E-4 5.77428E-4 1.41387E-4 -9999 -9999 -9999 -9999 -9999 -9999 -9999 -9999 -9999 -9999 -9999 -9999 -9999 -9999 -9999 -9999 -9999 -9999 -9999 -9999 -9999 -9999 -9999 -9999 -9999 -9999 -9999
2.47066E-1 4.62323E-1 3.68743E-1 1.1307E-1 5.90238E-2 5.33874E-2 8.72248E-2 8.96322E-3 9.95662E-4 1.0057E-3 2.99033E-4 4.4753E-4 5.84227E-4 2.61929E-4 2.2345E-3 3.29154E-3 2.80109E-3 2.66697E-3 1.50943E-3 2.06624E-3 2.7454E-3 8.18449E-4 4.57423E-4 2.42526E-4 1.63611E-3 5.26111E-4 5.94337E-4 1.1998E-3 2.04983E-3 1.81389E-3 7.23989E-4 1.31268E-3 3.42422E-4 6.43302E-4 1.21322E-4 3.94721E-4 5.57116E-4 3.42582E-4 1.73515E-4 4.9284E-4 -9999 -9999 -9999 -9999 -9999 -9999 -9999 -9999 -9999 -9999 -9999 -9999 -9999 -9999 -9999 -9999 -9999 -9999 -9999 -9999 -9999 -9999 -9999 -9999 -9999 -9999 -9999
8.79904E-2 2.51345E-1 2.50719E-1 9.90836E-2 1.48513E-1 3.82724E-2 4.84411E-2 6.39363E-3 1.26044E-3 6.11755E-4 3.84915E-4 2.15284E-3 1.38504E-3 7.17458E-4 2.79381E-3 3.15061E-3 4.95699E-3 3.53552E-3 1.04306E-3 3.14592E-3 1.19841E-3 9.93265E-4 3.40641E-3 2.49454E-3 4.88172E-3 4.30172E-3 1.03081E-3 4.41643E-4 1.24178E-4 1.11889E-4 1.76246E-4 2.65928E-4 7.47296E-4 7.31751E-4 3.17282E-4 2.39652E-4 5.17691E-4 1.43156E-4 1.31941E-4 2.85315E-4 -9999 -9999 -9999 -9999 -9999 -9999 -9999 -9999 -9999 -9999 -9999 -9999 -9999 -9999 -9999 -9999 -9999 -9999 -9999 -9999 -9999 -9999 -9999 -9999 -9999 -9999 -9999
3.57156E-2 1.61771E-1 1.46882E-1 2.1369E-1 1.47305E-1 3.41122E-2 2.04042E-2 3.38675E-3 2.16322E-3 1.26591E-3 1.14901E-3 5.10929E-4 1.10099E-3 3.47165E-4 1.55893E-3 2.64801E-3 3.32593E-3 4.10688E-3 1.19311E-3 1.61701E-3 1.01761E-3 8.63533E-4 1.85991E-3 1.30054E-3 1.535E-3 9.88703E-4 4.15953E-4 2.5083E-4 2.24172E-4 1.86868E-4 1.47473E-4 1.53023E-4 4.43775E-4 2.27156E-4 8.27433E-5 1.26045E-4 2.24014E-4 8.75293E-5 3.87644E-5 -9999 -9999 -9999 -9999 -9999 -9999 -9999 -9999 -9999 -9999 -9999 -9999 -9999 -9999 -9999 -9999 -9999 -9999 -9999 -9999 -9999 -9999 -9999 -9999 -9999 -9999 -9999 -9999
