ENM/Final_Models/M_1_F_qp_Set_1_EC/Gustavia_santanderiensis_0_Choco_clamping.asc
ncols         367
nrows         963
xllcorner     -78.6
yllcorner     0.65
cellsize      0.00833333333333323
NODATA_value  -9999
[rows 775 to 805 of 963, columns 70 to 139 of 367]
2.40271E-1 2.40604E-1 2.84597E-1 2.43156E-1 3.91385E-1 5.07881E-1 3.65372E-1 4.77542E-1 5.28603E-1 3.98317E-1 4.39224E-1 4.46048E-1 3.26345E-1 3.60602E-1 1.64119E-1 2.16342E-1 1.80547E-1 2.10814E-1 2.76792E-1 2.07459E-1 2.52233E-1 2.04842E-1 1.47019E-1 1.63426E-1 3.05749E-1 4.98539E-1 4.09077E-1 5.29636E-1 6.16987E-1 5.96382E-1 2.38658E-1 5.23433E-2 1.38409E-2 1.89889E-1 2.13048E-1 5.64788E-2 2.56396E-1 1.83622E-1 3.7173E-2 2.11134E-2 3.514E-2 9.48203E-2 1.32603E-1 9.53311E-2 2.11062E-1 3.11357E-1 4.86615E-1 5.14459E-1 3.33327E-1 0E0 0E0 0E0 0E0 0E0 0E0 0E0 0E0 0E0 0E0 0E0 0E0 0E0 0E0 0E0 0E0 0E0 0E0 0E0 0E0 0E0
2.59587E-1 2.64741E-1 1.84287E-1 2.31938E-1 4.25079E-1 5.50803E-1 4.29479E-1 4.63195E-1 4.91423E-1 5.59006E-1 4.61762E-1 4.51539E-1 1.96657E-1 1.73711E-1 1.52325E-1 1.59444E-1 2.59378E-1 2.18176E-1 2.4745E-1 4.13869E-1 6.30091E-1 5.64674E-1 2.82452E-1 3.08175E-1 6.08364E-1 6.26365E-1 5.54092E-1 5.346E-1 2.33051E-1 7.91151E-2 1.26389E-1 3.48684E-2 1.80673E-1 3.08804E-1 7.8557E-2 1.43387E-1 1.40163E-1 5.82007E-2 1.47048E-1 2.05615E-1 2.26966E-1 2.73018E-1 1.8119E-1 2.48412E-1 3.38033E-1 3.16444E-1 2.25535E-1 3.18333E-1 3.37418E-1 0E0 0E0 0E0 0E0 0E0 0E0 0E0 0E0 0E0 0E0 0E0 0E0 0E0 0E0 0E0 0E0 0E0 0E0 0E0 0E0 0E0
2.5172E-1 2.62148E-1 3.19184E-1 3.50245E-1 4.345E-1 5.1692E-1 4.29369E-1 4.25753E-1 4.3505E-1 4.22848E-1 3.87295E-1 4.11557E-1 1.72691E-1 1.91871E-1 1.74219E-1 1.35767E-1 2.23017E-1 1.8119E-1 4.03411E-1 2.56578E-1 4.20546E-1 6.21774E-1 6.03891E-1 5.24576E-1 2.05058E-1 2.52388E-1 5.42228E-1 5.42966E-1 2.53308E-1 2.65215E-1 2.29733E-1 2.82829E-1 8.62214E-2 8.70969E-2 3.28425E-1 4.22601E-1 1.6473E-1 1.39769E-1 2.99111E-1 4.77172E-1 5.91001E-1 5.4353E-1 4.97343E-1 4.41298E-1 2.0995E-1 2.33654E-1 1.95552E-1 1.80891E-1 3.64722E-1 0E0 0E0 0E0 0E0 0E0 0E0 0E0 0E0 0E0 0E0 0E0 0E0 0E0 0E0 0E0 0E0 0E0 0E0 0E0 0E0 0E0
1.87947E-1 4.02307E-1 3.74472E-1 5.36743E-1 4.69798E-1 4.32641E-1 4.63996E-1 4.71089E-1 2.83945E-1 2.4816E-1 2.86857E-1 3.59731E-1 2.3822E-1 3.21823E-1 3.65118E-1 2.66979E-1 1.92853E-1 2.13556E-1 1.62886E-1 2.4119E-1 2.67295E-1 3.9551E-1 5.16084E-1 3.00768E-1 1.94727E-1 1.92774E-1 4.43219E-1 2.4371E-1 3.25331E-1 2.39646E-1 9.1438E-2 1.53019E-1 1.91688E-1 2.62072E-1 2.96222E-1 4.185E-1 3.86142E-1 3.41043E-1 2.38516E-1 5.18996E-1 5.12628E-1 4.67743E-1 2.72752E-1 4.07235E-1 4.15519E-1 2.72388E-1 2.63184E-1 2.8542E-1 3.11455E-1 0E0 0E0 0E0 0E0 0E0 0E0 0E0 0E0 0E0 0E0 0E0 0E0 0E0 0E0 0E0 0E0 0E0 0E0 0E0 0E0 0E0
3.30649E-1 4.25345E-1 3.66701E-1 5.07903E-1 4.46186E-1 5.1634E-1 3.29177E-1 2.53318E-1 2.83774E-1 4.47272E-1 2.99635E-1 2.38496E-1 2.50875E-1 3.40905E-1 2.88793E-1 1.60714E-1 1.67561E-1 1.9746E-1 2.00116E-1 2.9121E-1 1.9466E-1 2.32918E-1 6.00039E-1 5.87083E-1 4.22013E-1 3.70519E-1 2.93573E-1 2.55415E-1 1.83708E-1 9.99425E-2 1.81734E-1 4.60495E-1 1.64854E-1 3.14001E-1 3.07164E-1 3.7385E-1 3.20721E-1 2.99563E-1 4.73008E-1 4.58718E-1 4.41059E-1 4.26646E-1 3.43226E-1 3.01423E-1 3.19643E-1 1.73517E-1 1.62928E-1 2.71792E-1 2.60469E-1 0E0 0E0 0E0 0E0 0E0 0E0 0E0 0E0 0E0 0E0 0E0 0E0 0E0 0E0 0E0 0E0 0E0 0E0 0E0 0E0 0E0
4.86114E-1 3.87161E-1 4.95222E-1 5.21546E-1 4.60761E-1 4.29538E-1 1.4922E-1 2.62258E-1 2.81398E-1 4.34708E-1 4.0494E-1 2.23194E-1 1.68652E-1 4.87414E-1 4.632E-1 4.9551E-1 2.84955E-1 3.54274E-1 5.2713E-2 1.72318E-1 1.54965E-1 1.76202E-1 6.15308E-1 6.5176E-1 6.2855E-1 3.42822E-1 4.00814E-1 3.68159E-1 1.84662E-1 1.38756E-1 1.35666E-1 2.23175E-1 4.16225E-1 2.81493E-1 3.3273E-1 4.22917E-1 3.25367E-1 3.60979E-1 3.3981E-1 4.79162E-1 4.77275E-1 4.13295E-1 1.37718E-1 1.41663E-1 1.39191E-1 3.80375E-1 3.5009E-1 2.28961E-1 1.32245E-1 1.96481E-2 7.83832E-3 0E0 0E0 0E0 4.36338E-2 1.51218E-2 0E0 0E0 0E0 0E0 0E0 0E0 0E0 0E0 0E0 0E0 0E0 0E0 0E0 0E0
2.7366E-1 4.83531E-1 4.0634E-1 2.29145E-1 4.84852E-1 3.99087E-1 2.65426E-1 4.65732E-1 4.46789E-1 4.31634E-1 4.46729E-1 2.46772E-1 1.56052E-1 3.752E-1 3.11436E-1 4.32992E-1 4.4701E-1 5.52759E-1 2.73022E-1 1.31047E-1 1.11006E-1 1.30085E-1 5.05898E-1 4.05278E-1 1.35746E-1 2.78791E-1 2.64333E-1 2.93139E-1 5.735E-2 4.4838E-2 7.71428E-2 2.34025E-1 2.42713E-1 2.84367E-1 2.28885E-1 2.60494E-1 4.4725E-1 5.10033E-1 2.74144E-1 2.38397E-1 2.47012E-1 1.73337E-1 1.05389E-1 2.03534E-1 2.08532E-1 8.87035E-3 2.6043E-2 1.47847E-1 8.39127E-2 1.76646E-2 0E0 6.93007E-2 2.0608E-2 3.805E-2 1.97056E-2 0E0 0E0 0E0 0E0 0E0 0E0 0E0 0E0 0E0 0E0 0E0 0E0 0E0 0E0 0E0
1.44508E-1 5.14648E-1 5.28158E-1 3.94175E-1 2.70743E-1 4.35801E-1 2.77677E-1 4.03871E-1 3.93935E-1 4.32509E-1 4.63982E-1 4.62586E-1 2.53436E-1 2.16789E-1 4.56483E-1 4.25498E-1 4.94988E-1 6.97556E-1 3.08451E-1 2.95135E-1 2.27207E-1 2.32789E-1 1.10638E-1 2.34763E-1 2.81668E-1 1.74007E-1 1.75762E-1 2.11607E-1 2.15146E-1 9.36003E-2 5.85655E-2 2.05815E-1 1.82555E-1 2.84412E-1 2.89564E-1 3.83771E-1 4.97991E-1 4.4823E-1 2.75004E-1 4.41775E-1 4.52139E-1 2.63455E-1 1.08391E-1 2.63216E-1 3.39135E-1 3.74324E-1 3.0663E-1 2.23097E-1 1.91811E-1 6.90461E-2 1.5615E-1 1.20844E-1 1.0666E-1 1.19529E-1 5.18689E-2 2.46696E-2 0E0 0E0 0E0 0E0 0E0 0E0 0E0 0E0 0E0 0E0 0E0 0E0 0E0 0E0
4.73815E-1 4.56894E-1 4.73264E-1 4.83488E-1 2.84272E-1 2.46475E-1 4.46441E-1 2.64655E-1 3.22597E-1 3.45851E-1 2.90707E-1 2.93749E-1 4.66333E-1 2.5127E-1 1.96434E-1 2.2071E-1 4.10452E-1 4.41008E-1 1.6346E-1 3.25029E-1 2.55907E-1 2.53136E-1 1.8047E-1 9.98831E-2 9.92042E-2 1.08721E-1 1.47098E-1 2.1384E-1 3.17251E-1 2.63336E-1 1.03105E-1 1.61828E-1 1.77112E-1 3.81131E-1 3.96994E-1 3.98029E-1 4.76719E-1 5.88374E-1 2.04112E-1 2.36073E-1 2.42634E-1 2.11239E-1 1.78728E-1 1.5456E-1 2.73562E-1 2.17388E-1 1.72826E-1 1.99332E-1 1.80949E-1 3.79023E-2 1.73299E-1 2.04624E-1 2.20547E-1 4.02375E-2 2.58707E-2 1.0723E-1 2.61663E-2 0E0 0E0 0E0 0E0 0E0 0E0 0E0 0E0 0E0 0E0 0E0 0E0 0E0
4.1075E-1 2.26562E-1 2.57113E-1 2.31431E-1 4.29496E-1 5.36542E-1 3.48867E-1 3.64596E-1 3.57662E-1 3.6906E-1 3.64831E-1 2.77758E-1 3.84033E-1 4.18664E-1 2.52343E-1 2.26279E-1 2.63895E-1 3.4278E-1 4.25979E-1 2.16317E-1 1.91983E-1 1.78332E-1 2.07645E-1 9.15546E-2 7.40344E-2 6.56322E-2 1.07687E-1 1.02459E-1 2.19888E-1 1.47471E-1 6.29456E-2 1.35735E-1 1.22141E-1 3.30592E-1 3.52533E-1 3.58112E-1 4.0184E-1 5.33E-1 4.17626E-1 2.55046E-1 2.64057E-1 2.48878E-1 2.93416E-1 1.88215E-1 6.45323E-2 2.13844E-1 1.92253E-1 1.60512E-1 6.4047E-2 0E0 0E0 2.508E-1 2.13586E-1 6.12811E-2 5.89046E-2 1.26386E-1 1.47299E-2 0E0 0E0 0E0 0E0 0E0 0E0 0E0 0E0 0E0 0E0 0E0 0E0 0E0
5.06884E-1 4.17317E-1 3.83622E-1 2.53485E-1 4.28267E-1 6.68159E-1 5.98755E-1 3.36601E-1 3.70298E-1 3.66256E-1 3.65669E-1 2.91313E-1 4.09764E-1 3.93939E-1 4.33796E-1 4.17763E-1 4.57511E-1 2.50765E-1 5.2539E-1 4.34856E-1 2.80404E-1 2.59462E-1 2.18305E-1 1.21819E-1 6.7236E-2 7.24928E-2 1.12763E-1 1.25922E-1 1.08116E-1 1.21031E-1 6.41787E-2 8.20059E-2 1.62201E-1 1.65494E-1 3.37774E-1 2.51936E-1 3.79548E-1 3.64578E-1 5.00283E-1 1.32998E-1 1.70133E-1 1.73714E-1 3.67608E-1 2.99454E-1 1.02793E-1 0E0 0E0 0E0 0E0 0E0 0E0 0E0 0E0 3.37923E-2 1.55843E-1 1.04936E-1 0E0 0E0 0E0 0E0 0E0 0E0 0E0 0E0 0E0 0E0 0E0 0E0 0E0 0E0
5.56823E-1 4.79272E-1 4.36724E-1 5.01513E-1 4.45807E-1 6.33976E-1 5.77436E-1 4.48448E-1 2.87602E-1 3.41238E-1 4.19018E-1 4.4514E-1 2.74064E-1 5.43117E-1 5.51598E-1 4.93188E-1 3.28187E-1 4.10926E-1 5.01098E-1 6.6045E-1 4.48537E-1 4.66632E-1 3.41323E-1 1.79218E-1 4.74731E-2 6.53434E-2 1.54286E-1 1.07874E-1 7.72454E-2 7.50227E-2 1.08719E-1 6.96781E-2 9.86396E-2 1.22139E-1 1.22838E-1 1.79466E-1 3.36722E-1 4.7335E-1 5.46427E-1 4.25585E-1 4.39972E-1 1.82266E-1 3.17149E-1 2.81001E-1 2.24226E-1 4.39117E-3 0E0 0E0 0E0 0E0 0E0 0E0 0E0 7.05415E-2 5.10202E-2 4.1298E-2 0E0 0E0 0E0 0E0 0E0 0E0 0E0 0E0 0E0 0E0 0E0 0E0 0E0 0E0
4.44427E-1 5.26399E-1 5.07327E-1 5.00699E-1 6.04012E-1 6.10847E-1 3.46286E-1 4.63874E-1 4.4464E-1 3.05195E-1 5.3259E-1 1.67328E-1 4.85404E-1 3.96226E-1 4.56586E-1 4.91156E-1 4.34783E-1 3.33734E-1 4.15615E-1 5.86814E-1 5.2839E-1 4.05105E-1 3.11999E-1 2.76116E-1 5.63984E-2 4.48573E-2 9.83314E-2 8.63615E-2 1.40125E-1 4.96105E-2 1.10176E-1 1.06527E-1 5.85774E-2 5.62921E-2 8.63246E-2 2.91468E-2 5.17961E-1 5.27505E-1 3.93291E-1 3.95207E-1 3.66506E-1 1.88465E-1 2.43225E-1 2.01231E-1 1.01853E-1 0E0 0E0 0E0 0E0 0E0 0E0 0E0 0E0 0E0 0E0 0E0 0E0 0E0 0E0 0E0 0E0 0E0 0E0 0E0 0E0 0E0 0E0 0E0 0E0 0E0
3.96613E-1 6.14506E-1 6.34279E-1 5.43682E-1 6.64064E-1 3.7642E-1 4.48739E-1 3.40191E-1 3.49789E-1 5.44958E-1 5.2413E-1 3.2108E-1 4.79379E-1 4.16505E-1 3.90723E-1 3.43661E-1 6.03711E-1 4.35669E-1 3.95475E-1 3.26179E-1 4.43939E-1 6.15129E-1 2.92095E-1 8.12025E-2 9.34818E-2 8.8894E-2 2.74486E-1 2.46449E-1 1.19512E-1 1.29192E-1 1.30795E-1 1.62155E-1 4.47681E-2 8.74791E-2 1.37611E-1 8.72598E-2 4.83179E-1 3.80914E-1 1.93402E-1 8.89492E-2 6.04543E-2 4.04215E-2 3.10022E-2 1.71981E-2 2.34409E-2 0E0 0E0 0E0 0E0 0E0 0E0 0E0 0E0 0E0 0E0 0E0 0E0 0E0 0E0 0E0 0E0 0E0 0E0 0E0 0E0 0E0 0E0 0E0 0E0 0E0
6.14779E-1 6.04873E-1 6.51948E-1 5.73657E-1 4.28967E-1 4.26652E-1 4.90143E-1 4.91672E-1 4.4324E-1 3.33859E-1 3.07446E-1 1.81564E-1 1.8267E-1 4.71888E-1 5.74174E-1 5.56427E-1 5.13841E-1 6.50327E-1 4.76502E-1 4.97099E-1 5.17729E-1 4.81272E-1 1.41347E-1 2.06179E-1 1.24281E-1 1.66908E-1 1.56161E-1 1.21427E-1 1.28863E-1 1.05194E-1 3.21725E-2 1.2641E-1 1.78993E-1 1.09792E-1 3.18287E-1 3.26127E-1 2.65494E-1 2.20394E-1 2.74136E-1 1.75746E-1 1.36648E-1 4.43311E-2 0E0 0E0 0E0 0E0 0E0 0E0 0E0 0E0 0E0 0E0 0E0 0E0 0E0 0E0 0E0 0E0 0E0 0E0 0E0 0E0 0E0 0E0 0E0 0E0 0E0 0E0 0E0 0E0
6.42206E-1 6.17153E-1 5.44924E-1 6.10962E-1 6.73073E-1 5.31546E-1 5.48861E-1 4.23687E-1 4.08241E-1 4.39276E-1 1.68548E-1 2.89888E-1 2.43897E-1 5.25758E-1 5.28745E-1 5.25721E-1 5.38492E-1 3.40856E-1 5.54827E-1 4.9968E-1 3.0763E-1 3.84828E-1 2.68895E-1 2.36248E-1 1.3766E-1 1.37517E-1 1.06005E-1 1.24206E-1 1.95297E-1 1.55585E-1 1.82974E-1 1.40023E-1 1.92296E-1 3.48439E-1 3.18839E-1 4.1658E-1 2.80813E-1 2.16048E-1 1.94768E-1 3.50736E-2 0E0 1.55601E-2 3.4928E-3 6.98425E-2 0E0 0E0 0E0 0E0 0E0 0E0 0E0 0E0 0E0 0E0 0E0 0E0 0E0 0E0 0E0 0E0 0E0 0E0 0E0 0E0 0E0 0E0 0E0 0E0 0E0 0E0
5.35027E-1 5.13073E-1 4.83953E-1 4.49607E-1 5.24041E-1 4.08666E-1 6.47637E-1 6.0045E-1 4.24228E-1 4.07078E-1 1.41533E-1 2.29506E-1 2.18223E-1 5.74015E-1 5.27213E-1 4.54078E-1 6.41699E-1 4.76595E-1 4.40692E-1 5.39265E-1 2.34632E-1 2.51594E-1 1.81769E-1 3.73153E-1 4.37356E-1 2.01087E-1 1.39035E-1 6.59092E-2 7.80152E-2 7.05201E-2 4.15124E-2 8.58858E-2 1.42032E-1 2.27744E-1 3.15667E-1 3.68971E-1 2.11479E-1 1.67046E-1 8.32638E-2 0E0 0E0 0E0 0E0 3.19247E-2 0E0 0E0 0E0 0E0 0E0 0E0 0E0 0E0 0E0 0E0 0E0 0E0 0E0 0E0 0E0 0E0 0E0 0E0 0E0 0E0 0E0 0E0 0E0 0E0 0E0 0E0
5.7293E-1 5.81116E-1 5.7085E-1 4.18635E-1 4.55142E-1 4.58795E-1 5.3855E-1 4.18208E-1 4.40125E-1 5.83634E-1 1.97648E-1 1.71834E-1 3.8272E-1 6.3584E-1 6.29146E-1 6.26799E-1 5.84975E-1 5.45127E-1 4.52861E-1 4.94491E-1 1.92564E-1 1.26823E-1 2.0011E-1 2.82079E-1 2.88196E-1 1.15163E-1 1.471E-1 5.74008E-2 1.23449E-1 1.3272E-1 1.02833E-1 2.88236E-1 2.5273E-1 3.35604E-1 3.24712E-1 3.77516E-1 3.16525E-1 3.58227E-2 4.06771E-2 4.15258E-2 0E0 0E0 0E0 0E0 0E0 0E0 0E0 0E0 0E0 0E0 0E0 0E0 0E0 0E0 0E0 0E0 0E0 0E0 0E0 0E0 0E0 0E0 0E0 0E0 0E0 0E0 0E0 0E0 0E0 0E0
5.09501E-1 5.29452E-1 5.51906E-1 4.80695E-1 3.77413E-1 3.03224E-1 6.64017E-1 5.20615E-1 3.57675E-1 5.02483E-1 6.169E-1 5.04127E-1 5.14076E-1 6.24192E-1 4.87313E-1 4.86893E-1 4.49473E-1 5.56793E-1 5.46557E-1 3.68093E-1 5.38483E-1 5.16556E-1 5.04507E-1 4.18115E-1 2.31125E-1 2.79855E-1 2.06179E-1 1.77948E-1 1.38025E-1 2.91528E-1 1.84561E-1 4.7429E-1 4.6954E-1 3.39082E-1 3.13043E-1 2.30891E-1 1.82529E-1 1.32546E-1 0E0 7.61283E-2 4.20446E-2 2.08596E-2 0E0 0E0 0E0 0E0 0E0 0E0 0E0 0E0 0E0 0E0 0E0 0E0 0E0 0E0 0E0 0E0 0E0 0E0 0E0 0E0 0E0 0E0 0E0 0E0 0E0 0E0 0E0 0E0
5.94701E-1 5.63494E-1 6.39191E-1 6.50621E-1 6.07257E-1 5.52403E-1 4.99513E-1 5.43682E-1 4.90915E-1 6.35836E-1 6.02901E-1 5.25419E-1 6.10702E-1 6.67128E-1 5.59813E-1 5.95846E-1 5.62061E-1 5.24024E-1 3.10987E-1 5.80146E-1 4.02128E-1 3.70496E-1 3.62392E-1 2.52591E-1 2.6364E-1 3.19862E-1 2.65299E-1 3.89334E-1 3.34265E-1 2.76026E-1 4.45241E-1 4.0282E-1 3.20125E-1 2.54036E-1 3.8813E-1 2.427E-1 3.78254E-1 8.79855E-2 0E0 0E0 0E0 0E0 0E0 0E0 0E0 0E0 5.22337E-3 0E0 0E0 0E0 0E0 0E0 0E0 0E0 0E0 0E0 0E0 0E0 0E0 0E0 0E0 0E0 0E0 0E0 0E0 0E0 0E0 0E0 0E0 0E0
6.14105E-1 4.6109E-1 5.38332E-1 5.81583E-1 6.82307E-1 5.8492E-1 3.36364E-1 4.80195E-1 6.51578E-1 6.44662E-1 7.22759E-1 7.14226E-1 6.99158E-1 7.06337E-1 5.88927E-1 5.62368E-1 6.36749E-1 5.68563E-1 5.00651E-1 4.33884E-1 5.45927E-1 4.05411E-1 5.47928E-1 4.32051E-1 2.57263E-1 2.55026E-1 3.31049E-1 2.85596E-1 2.68842E-1 2.52599E-1 3.14541E-1 3.20048E-1 2.38302E-1 2.97084E-1 2.96799E-1 3.41002E-1 3.47518E-1 2.02334E-1 0E0 0E0 0E0 0E0 0E0 0E0 0E0 7.30242E-2 6.0451E-2 9.17003E-2 0E0 0E0 0E0 0E0 0E0 0E0 0E0 0E0 0E0 0E0 0E0 0E0 0E0 0E0 0E0 0E0 0E0 0E0 0E0 0E0 0E0 0E0
6.66982E-1 6.19183E-1 4.53039E-1 6.08875E-1 6.908E-1 6.77345E-1 7.07424E-1 5.61884E-1 6.44521E-1 6.66612E-1 7.30776E-1 6.99779E-1 6.58914E-1 6.93768E-1 7.12513E-1 6.95759E-1 5.47874E-1 5.01574E-1 7.01416E-1 6.15176E-1 4.68155E-1 3.97666E-1 5.59274E-1 5.05474E-1 1.96747E-1 3.24306E-1 3.98568E-1 2.6646E-1 2.48556E-1 2.54372E-1 3.28219E-1 3.45511E-1 4.34258E-1 4.42706E-1 3.87524E-1 3.65954E-1 2.15298E-1 7.7989E-2 0E0 0E0 0E0 0E0 0E0 0E0 0E0 3.35184E-2 2.36976E-3 0E0 3.51159E-2 0E0 0E0 0E0 0E0 0E0 0E0 0E0 0E0 0E0 0E0 0E0 0E0 0E0 0E0 0E0 0E0 0E0 0E0 0E0 0E0 0E0
6.98863E-1 4.39626E-1 4.61293E-1 5.55739E-1 7.00118E-1 6.99442E-1 6.33841E-1 7.04709E-1 6.53279E-1 7.07643E-1 6.44914E-1 6.32266E-1 6.68866E-1 5.73256E-1 5.89751E-1 6.07209E-1 5.83799E-1 5.52776E-1 4.93193E-1 5.17018E-1 3.89224E-1 4.76458E-1 4.74468E-1 2.93776E-1 2.44718E-1 2.87266E-1 4.13502E-1 2.7012E-1 2.51223E-1 2.87611E-1 3.75468E-1 4.43656E-1 4.33586E-1 5.21657E-1 2.48094E-1 2.77458E-1 9.22476E-2 0E0 0E0 0E0 0E0 0E0 0E0 0E0 0E0 0E0 0E0 0E0 0E0 0E0 0E0 0E0 0E0 0E0 0E0 0E0 0E0 0E0 0E0 0E0 0E0 0E0 0E0 0E0 0E0 0E0 0E0 0E0 0E0 0E0
5.39568E-1 4.48365E-1 5.343E-1 5.70801E-1 5.72969E-1 6.99602E-1 7.07603E-1 6.41308E-1 7.04305E-1 7.35049E-1 6.60705E-1 6.22298E-1 6.08415E-1 6.59415E-1 6.33216E-1 5.63651E-1 5.92329E-1 5.28133E-1 4.77494E-1 5.27606E-1 4.92002E-1 5.29695E-1 5.56471E-1 4.55455E-1 4.66292E-1 3.25749E-1 2.78692E-1 2.88288E-1 3.59299E-1 2.30903E-1 4.00666E-1 4.76555E-1 3.92282E-1 4.3098E-1 2.39912E-1 2.82071E-1 1.05576E-1 0E0 0E0 0E0 0E0 0E0 0E0 0E0 0E0 0E0 0E0 1.70828E-2 8.22658E-2 0E0 0E0 0E0 0E0 0E0 0E0 0E0 0E0 0E0 0E0 0E0 0E0 0E0 0E0 0E0 0E0 0E0 0E0 0E0 0E0 0E0
5.10653E-1 4.70871E-1 4.85983E-1 4.43448E-1 5.74766E-1 7.15399E-1 7.42158E-1 4.6259E-1 7.22196E-1 7.38243E-1 7.35034E-1 6.67124E-1 6.32256E-1 6.09331E-1 5.40053E-1 4.96699E-1 6.40222E-1 6.53385E-1 5.54746E-1 4.98875E-1 6.50901E-1 4.24967E-1 4.55271E-1 4.13814E-1 3.49447E-1 4.76031E-1 2.00897E-1 2.57406E-1 2.95687E-1 2.4668E-1 4.28722E-1 4.29934E-1 4.44067E-1 3.81152E-1 3.69847E-1 4.28367E-1 1.62421E-1 0E0 0E0 0E0 0E0 0E0 0E0 0E0 0E0 0E0 0E0 0E0 0E0 0E0 0E0 0E0 0E0 0E0 0E0 0E0 0E0 0E0 0E0 0E0 0E0 0E0 0E0 0E0 0E0 0E0 0E0 0E0 0E0 0E0
5.47253E-1 3.63979E-1 2.4428E-1 3.53367E-1 6.04942E-1 5.64016E-1 5.98015E-1 7.01726E-1 6.73322E-1 6.95315E-1 6.97081E-1 6.34197E-1 5.7948E-1 3.24339E-1 2.97052E-1 3.63529E-1 4.58619E-1 5.17132E-1 4.56155E-1 5.27931E-1 5.84589E-1 4.25469E-1 4.33955E-1 4.14115E-1 5.56947E-1 5.04034E-1 3.86348E-1 4.05209E-1 3.22248E-1 2.17782E-1 3.54681E-1 4.62879E-1 4.09063E-1 3.85338E-1 3.22813E-1 3.7584E-1 1.42527E-1 0E0 0E0 0E0 0E0 0E0 0E0 0E0 0E0 0E0 0E0 0E0 0E0 4.42185E-3 0E0 0E0 0E0 0E0 0E0 0E0 0E0 0E0 0E0 0E0 0E0 0E0 0E0 0E0 0E0 0E0 0E0 0E0 0E0 0E0
5.94132E-1 5.68889E-1 4.60662E-1 5.66612E-1 6.8065E-1 7.12774E-1 6.40543E-1 6.03145E-1 6.97734E-1 5.97526E-1 6.4935E-1 5.86131E-1 5.60175E-1 4.48543E-1 4.73279E-1 4.78826E-1 4.48342E-1 4.61782E-1 5.11612E-1 5.18779E-1 5.53757E-1 5.49547E-1 6.37018E-1 5.95875E-1 3.97015E-1 5.84202E-1 4.04857E-1 3.77458E-1 1.81061E-1 2.1081E-1 4.31972E-1 3.98628E-1 3.66454E-1 4.05012E-1 2.95881E-1 2.39394E-1 3.60449E-2 0E0 0E0 0E0 0E0 0E0 0E0 0E0 0E0 0E0 0E0 0E0 0E0 0E0 0E0 0E0 0E0 0E0 0E0 0E0 0E0 0E0 0E0 0E0 0E0 0E0 0E0 0E0 0E0 0E0 0E0 0E0 0E0 0E0
6.16906E-1 6.40784E-1 5.7606E-1 6.23066E-1 6.46835E-1 6.49349E-1 6.27278E-1 6.99313E-1 7.13849E-1 7.00051E-1 7.29252E-1 6.60724E-1 5.64455E-1 5.08932E-1 5.50405E-1 4.80806E-1 4.68405E-1 5.25899E-1 5.36259E-1 6.72772E-1 6.63402E-1 4.8485E-1 5.08783E-1 5.30531E-1 4.76362E-1 4.69012E-1 4.76463E-1 2.84197E-1 1.04695E-1 1.49855E-1 3.10132E-1 2.68038E-1 2.5788E-1 4.07283E-1 3.52213E-1 2.51125E-1 1.72943E-1 0E0 0E0 0E0 0E0 0E0 3.0706E-2 0E0 0E0 0E0 0E0 0E0 3.2755E-3 8.10987E-3 0E0 0E0 0E0 0E0 0E0 0E0 0E0 0E0 0E0 0E0 0E0 0E0 0E0 0E0 0E0 0E0 0E0 0E0 0E0 0E0
7.1111E-1 6.10564E-1 5.85682E-1 5.64442E-1 5.693E-1 5.56439E-1 6.44315E-1 6.9547E-1 6.51415E-1 6.36373E-1 5.73805E-1 6.83465E-1 6.82752E-1 5.86771E-1 6.46886E-1 6.61814E-1 6.30512E-1 6.66716E-1 6.87914E-1 5.50631E-1 6.38905E-1 5.22023E-1 5.16419E-1 4.15273E-1 4.24499E-1 3.28184E-1 3.50769E-1 2.78577E-1 1.54783E-1 2.53567E-1 2.29648E-1 1.5923E-1 1.95719E-1 3.98849E-1 3.88585E-1 3.02922E-1 1.66177E-1 9.96254E-2 4.56552E-2 0E0 0E0 0E0 4.05839E-2 0E0 0E0 0E0 0E0 0E0 0E0 0E0 0E0 0E0 0E0 0E0 0E0 0E0 0E0 0E0 0E0 0E0 0E0 0E0 0E0 0E0 0E0 0E0 0E0 0E0 0E0 0E0
7.33059E-1 6.30037E-1 3.45376E-1 3.61327E-1 4.87442E-1 5.02387E-1 6.49498E-1 5.99232E-1 7.22048E-1 6.94504E-1 6.41304E-1 6.21553E-1 6.09618E-1 6.60694E-1 4.8838E-1 6.7962E-1 6.71542E-1 5.79239E-1 5.91447E-1 4.24354E-1 5.41001E-1 5.64845E-1 5.16761E-1 5.43552E-1 4.86952E-1 3.61668E-1 3.53974E-1 3.48694E-1 2.67322E-1 2.57847E-1 3.71622E-1 2.63235E-1 2.29787E-1 3.83048E-1 2.02924E-1 2.21449E-1 1.7984E-1 1.05614E-1 8.8999E-2 0E0 0E0 4.12206E-2 8.88206E-2 1.29045E-1 7.07903E-2 0E0 0E0 0E0 1.3343E-2 0E0 0E0 0E0 0E0 0E0 0E0 0E0 0E0 0E0 0E0 0E0 0E0 0E0 0E0 0E0 0E0 0E0 0E0 0E0 0E0 0E0
6.96355E-1 7.12605E-1 5.75983E-1 5.58372E-1 4.92905E-1 5.96375E-1 7.11118E-1 7.12362E-1 5.84258E-1 5.85914E-1 5.62562E-1 6.13972E-1 6.02837E-1 4.9342E-1 5.1182E-1 6.42852E-1 6.22721E-1 7.03724E-1 5.60036E-1 5.27748E-1 6.93835E-1 5.30343E-1 4.92554E-1 5.35466E-1 5.08967E-1 3.01828E-1 3.55097E-1 3.67376E-1 3.57736E-1 2.57762E-1 4.63929E-1 2.80054E-1 1.98912E-1 2.43225E-1 1.43766E-1 1.50103E-1 1.77739E-1 1.47838E-1 1.21993E-1 4.78803E-2 0E0 0E0 1.24888E-1 1.4196E-1 8.19142E-2 2.84049E-2 0E0 0E0 0E0 0E0 0E0 0E0 0E0 0E0 0E0 0E0 0E0 0E0 0E0 0E0 0E0 0E0 0E0 0E0 0E0 0E0 0E0 0E0 0E0 0E0
