ENM/Final_Models/M_1_F_qp_Set_1_EC/Gustavia_santanderiensis_2_Choco_clamping.asc
ncols         367
nrows         963
xllcorner     -78.6
yllcorner     0.65
cellsize      0.00833333333333323
NODATA_value  -9999
[rows 310 to 340 of 963, columns 140 to 209 of 367]
-9999 -9999 1.89472E-2 1.75761E-2 5.03792E-2 8.19972E-2 9.04488E-2 1.48757E-1 1.35563E-1 1.51765E-1 1.4173E-1 9.96029E-2 4.51248E-2 6.71024E-3 0E0 0E0 0E0 0E0 0E0 0E0 0E0 0E0 0E0 0E0 0E0 1.94845E-3 6.975E-2 1.73248E-1 3.54079E-1 5.49842E-1 4.80932E-1 6.94335E-1 7.59904E-1 3.28334E-1 4.86518E-2 5.10571E-2 1.42169E-1 1.46948E-1 2.3608E-1 3.09141E-1 5.17998E-3 4.31021E-1 1.3701E-1 2.25103E-1 1.96384E-1 2.62568E-1 9.07691E-1 9.90383E-1 9.96294E-1 9.96331E-1 9.98129E-1 9.99303E-1 9.99638E-1 9.99792E-1 9.97076E-1 9.99707E-1 9.98327E-1 9.94569E-1 9.99809E-1 9.88519E-1 9.99265E-1 9.9979E-1 9.99646E-1 9.99893E-1 9.99707E-1 9.99241E-1 9.99883E-1 9.99956E-1 9.40893E-1 9.99549E-1
-9999 -9999 -9999 1.04025E-2 2.52316E-2 3.91098E-2 4.8267E-2 1.1464E-1 1.25861E-1 1.29356E-1 1.4417E-1 7.34981E-2 1.79915E-2 5.92373E-3 0E0 0E0 0E0 0E0 0E0 0E0 0E0 0E0 0E0 0E0 0E0 3.38103E-2 1.60204E-1 4.62983E-2 1.76905E-1 1.89522E-1 5.38778E-1 7.78868E-1 4.23124E-1 7.92495E-2 7.74665E-2 1.35878E-1 6.89012E-2 2.20417E-1 3.02557E-1 5.03219E-1 3.6646E-2 1.87328E-1 5.37103E-1 5.47422E-1 2.03515E-1 2.81902E-1 2.36148E-1 9.97766E-1 9.89578E-1 9.88741E-1 9.96684E-1 9.96644E-1 9.99436E-1 9.99272E-1 9.96563E-1 9.99856E-1 9.88786E-1 9.87678E-1 9.9973E-1 9.98085E-1 9.99862E-1 9.99735E-1 9.9988E-1 9.99816E-1 9.99897E-1 9.99718E-1 9.99743E-1 9.99954E-1 9.99567E-1 9.99844E-1
-9999 -9999 -9999 -9999 3.21111E-2 3.65187E-2 4.77429E-2 6.43774E-2 9.50307E-2 1.27646E-1 1.29843E-1 1.08082E-1 7.95771E-2 5.0229E-2 0E0 0E0 0E0 0E0 0E0 0E0 0E0 0E0 0E0 0E0 1.06542E-1 1.69576E-1 2.19626E-1 1.82027E-1 4.50114E-1 6.43759E-1 6.86008E-1 6.98851E-1 4.5717E-1 7.22711E-2 6.15977E-2 4.62289E-2 6.90736E-2 1.65556E-2 2.98612E-1 6.02217E-1 5.64027E-1 7.50052E-1 2.51315E-1 8.72529E-1 2.10248E-1 2.45817E-1 8.48429E-1 9.78582E-1 9.72483E-1 9.94843E-1 9.98379E-1 9.9952E-1 9.99814E-1 9.98819E-1 9.95376E-1 9.99383E-1 9.88611E-1 9.89611E-1 9.9871E-1 9.96007E-1 9.9851E-1 9.99177E-1 9.99815E-1 9.99583E-1 9.99696E-1 9.99361E-1 9.99847E-1 9.99856E-1 9.99547E-1 9.99424E-1
-9999 -9999 -9999 -9999 -9999 2.87268E-2 4.87542E-2 4.01763E-2 8.59766E-2 1.24682E-1 1.23468E-1 1.15217E-1 1.14943E-1 1.01769E-1 2.15311E-2 6.86083E-2 0E0 0E0 0E0 0E0 0E0 0E0 2.96265E-2 5.11526E-2 9.02402E-2 1.634E-1 1.88624E-1 2.255E-1 3.25512E-1 4.79968E-1 7.28709E-1 5.28585E-3 2.49673E-2 2.20982E-2 3.88508E-2 4.43023E-2 2.48663E-2 1.02615E-2 2.05825E-2 6.08396E-2 1.23251E-1 2.91814E-3 5.6982E-1 2.06988E-1 8.75793E-1 8.91292E-1 9.00846E-1 9.54602E-1 9.93808E-1 9.98885E-1 9.99404E-1 9.993E-1 9.99512E-1 9.99245E-1 9.99701E-1 9.99265E-1 9.96415E-1 9.39826E-1 9.42961E-1 9.98071E-1 9.98642E-1 9.97191E-1 9.97751E-1 9.99176E-1 9.99565E-1 9.99157E-1 9.99235E-1 9.99946E-1 9.99903E-1 9.99857E-1
-9999 -9999 -9999 -9999 -9999 -9999 3.88765E-2 2.1127E-2 -9999 7.75206E-2 1.08517E-1 1.63338E-1 9.74261E-2 1.42893E-1 3.18345E-2 4.13769E-2 5.73984E-2 1.08155E-1 0E0 9.90662E-4 4.07195E-4 0E0 0E0 0E0 0E0 3.17133E-3 1.38593E-2 4.17477E-1 3.89313E-1 2.20781E-1 3.33256E-1 9.58392E-2 1.14384E-1 2.42677E-2 1.97704E-2 1.82461E-1 8.10925E-2 2.19183E-2 2.95109E-2 3.48495E-2 1.09859E-1 4.05788E-2 1.74154E-2 3.27826E-1 2.74029E-1 2.31018E-1 8.10319E-1 9.51948E-1 9.91678E-1 9.98692E-1 9.97277E-1 9.98682E-1 9.94765E-1 9.80825E-1 9.92192E-1 9.8091E-1 9.12005E-1 9.77352E-1 9.98337E-1 9.99493E-1 9.94446E-1 9.96458E-1 9.97454E-1 9.99395E-1 9.9951E-1 9.99395E-1 9.99886E-1 9.9836E-1 9.99762E-1 9.99919E-1
-9999 -9999 -9999 -9999 -9999 -9999 -9999 3.39009E-2 -9999 1.06422E-1 9.62698E-2 1.13351E-1 1.21918E-1 1.33773E-1 4.5981E-2 3.70271E-3 2.11068E-2 3.55673E-2 0E0 0E0 0E0 0E0 0E0 0E0 0E0 0E0 2.33145E-4 3.76014E-3 3.47111E-2 3.66633E-3 5.20372E-3 4.90188E-2 5.7839E-2 6.80415E-2 5.7758E-2 6.23854E-2 4.15463E-2 1.47591E-2 2.08032E-2 3.21606E-2 6.21318E-3 3.07461E-1 4.88734E-1 5.28201E-1 7.30892E-1 9.06519E-1 9.81126E-1 9.86947E-1 9.98774E-1 9.95737E-1 9.8474E-1 9.93524E-1 9.97261E-1 9.99395E-1 9.99662E-1 9.81506E-1 9.80976E-1 9.94269E-1 9.16508E-1 9.99779E-1 9.99683E-1 9.97532E-1 9.97701E-1 9.95735E-1 9.99513E-1 9.97131E-1 9.99333E-1 9.99315E-1 9.99416E-1 9.98964E-1
-9999 -9999 -9999 -9999 -9999 -9999 -9999 6.79441E-2 -9999 -9999 9.23958E-2 1.04474E-1 1.20499E-1 1.04458E-1 6.50595E-2 1.43005E-3 1.1886E-2 0E0 0E0 0E0 0E0 0E0 0E0 0E0 0E0 0E0 0E0 8.39725E-5 9.27289E-4 4.08866E-3 2.2015E-2 2.14927E-2 2.4276E-2 3.0091E-2 1.49964E-2 7.03824E-3 3.81582E-2 1.62444E-2 4.47433E-2 7.55143E-2 7.3384E-1 7.28315E-1 2.55879E-1 3.94058E-2 8.82095E-1 7.67855E-1 8.91853E-1 8.18443E-1 8.21198E-1 9.85253E-1 9.93202E-1 9.95607E-1 9.91248E-1 9.99446E-1 9.99652E-1 9.96779E-1 9.92788E-1 9.92686E-1 9.92263E-1 9.99824E-1 9.99923E-1 9.98165E-1 9.99499E-1 9.99209E-1 9.95517E-1 9.96981E-1 9.48959E-1 9.47864E-1 9.9963E-1 9.99916E-1
-9999 -9999 -9999 -9999 -9999 -9999 -9999 -9999 3.27665E-2 -9999 7.99889E-2 1.02904E-1 1.15874E-1 9.80593E-2 8.68673E-2 3.88613E-2 3.50717E-2 0E0 0E0 0E0 0E0 0E0 0E0 0E0 0E0 0E0 0E0 0E0 2.65479E-4 3.24734E-3 1.43379E-2 1.80481E-2 3.58139E-2 6.44003E-3 9.10133E-3 5.72205E-3 2.33427E-4 2.64836E-2 1.54407E-2 2.85966E-2 7.98937E-1 6.45917E-1 3.04343E-1 2.35145E-2 8.27195E-3 5.42854E-1 6.7872E-1 7.16645E-1 5.19646E-1 8.74127E-1 9.93562E-1 9.99111E-1 9.954E-1 9.99783E-1 9.98341E-1 9.98992E-1 9.98743E-1 9.99222E-1 9.914E-1 9.99604E-1 9.99839E-1 9.9979E-1 9.98831E-1 9.99579E-1 9.9854E-1 9.99392E-1 9.97358E-1 9.50192E-1 9.99474E-1 9.99974E-1
-9999 -9999 -9999 -9999 -9999 -9999 -9999 -9999 4.44302E-2 -9999 7.76386E-2 1.066E-1 7.22647E-2 8.32062E-2 5.86592E-2 2.33694E-1 4.56977E-3 0E0 0E0 0E0 0E0 0E0 0E0 0E0 0E0 0E0 0E0 0E0 0E0 1.44693E-3 6.62726E-3 1.64694E-2 1.21388E-2 1.69381E-2 1.95807E-2 4.25404E-3 1.34052E-2 1.56321E-2 3.70122E-2 1.89794E-1 7.02128E-1 5.8601E-1 4.02943E-1 2.33383E-1 4.71816E-1 5.7471E-1 8.70756E-1 7.65615E-1 7.57086E-1 9.56836E-1 9.97785E-1 9.98388E-1 9.9715E-1 9.96564E-1 9.98508E-1 9.99658E-1 9.99758E-1 9.99892E-1 9.99815E-1 9.99777E-1 9.99915E-1 9.99862E-1 9.99336E-1 9.99803E-1 9.98952E-1 9.9969E-1 9.99533E-1 9.98765E-1 9.99257E-1 9.99987E-1
-9999 -9999 -9999 -9999 -9999 -9999 -9999 -9999 2.91055E-2 -9999 -9999 1.16904E-1 5.4301E-2 9.06708E-2 1.23383E-1 7.10337E-2 5.49962E-2 0E0 0E0 0E0 0E0 0E0 0E0 0E0 0E0 0E0 0E0 0E0 1.07228E-3 1.23193E-2 1.78651E-2 1.75915E-2 3.46651E-2 3.07406E-2 3.29191E-2 4.02523E-2 1.27195E-2 9.47999E-3 3.2723E-2 3.47287E-2 1.14115E-1 3.3534E-1 2.63191E-1 1.82323E-1 5.41686E-1 7.1481E-1 7.5885E-1 9.77759E-1 9.63645E-1 9.92027E-1 9.75092E-1 9.91082E-1 9.91913E-1 9.88782E-1 9.98304E-1 9.93397E-1 9.9674E-1 9.98958E-1 9.98508E-1 9.99503E-1 9.9995E-1 9.99807E-1 9.99889E-1 9.99851E-1 9.99267E-1 9.96066E-1 9.96563E-1 9.99723E-1 9.99918E-1 9.99689E-1
-9999 -9999 -9999 -9999 -9999 -9999 -9999 -9999 -9999 -9999 -9999 1.07224E-1 1.01592E-1 1.46005E-1 1.62772E-1 1.33813E-1 1.75887E-1 2.01863E-2 2.53702E-3 5.04656E-3 0E0 2.04823E-2 9.72932E-3 0E0 0E0 0E0 0E0 0E0 1.7581E-3 1.99168E-2 1.77424E-2 2.35707E-2 6.66842E-2 5.19995E-2 5.53457E-2 7.08516E-2 5.95E-2 1.79844E-2 2.37419E-2 8.02415E-2 3.94111E-2 7.97222E-2 1.72085E-1 7.01811E-1 7.12301E-1 5.86193E-1 6.79096E-1 8.90705E-1 9.5872E-1 9.35877E-1 9.80308E-1 9.72609E-1 9.98694E-1 9.94034E-1 9.94883E-1 9.77071E-1 9.89344E-1 9.98048E-1 9.97708E-1 9.989E-1 9.99917E-1 9.99884E-1 9.99779E-1 9.99855E-1 9.99864E-1 9.99593E-1 9.96853E-1 9.99627E-1 9.9846E-1 9.99716E-1
-9999 -9999 -9999 -9999 -9999 -9999 -9999 -9999 -9999 -9999 -9999 -9999 6.16398E-2 1.28389E-1 1.43725E-1 1.40892E-1 3.41105E-1 1.93282E-1 2.67613E-1 1.53711E-1 7.54858E-2 7.15628E-2 0E0 0E0 0E0 0E0 0E0 2.47392E-3 1.55803E-2 4.47505E-2 2.39916E-2 4.32974E-2 3.2688E-2 6.11941E-2 1.17591E-1 9.2401E-2 1.14055E-1 1.04762E-1 9.48234E-2 8.11515E-2 9.05502E-2 1.0254E-1 2.18693E-1 2.18198E-1 4.70425E-1 5.35936E-1 6.03468E-1 8.60898E-1 8.854E-1 8.18436E-1 9.85769E-1 9.95952E-1 9.98849E-1 9.97882E-1 9.78189E-1 9.51762E-1 9.74071E-1 9.95634E-1 9.99158E-1 9.99828E-1 9.99896E-1 9.9994E-1 9.99966E-1 9.99943E-1 9.99936E-1 9.9995E-1 9.99732E-1 9.47813E-1 9.98883E-1 9.99492E-1
-9999 -9999 -9999 -9999 -9999 -9999 -9999 -9999 -9999 -9999 -9999 -9999 4.33994E-2 8.29436E-2 8.99505E-2 1.17061E-1 6.40923E-2 3.96675E-1 4.97019E-1 8.14935E-1 8.49525E-2 1.15115E-1 3.20961E-1 2.52904E-1 2.12089E-1 3.69262E-2 8.99643E-3 1.1392E-2 2.47914E-2 7.56831E-2 5.48631E-2 7.07681E-2 7.21376E-2 7.9252E-2 1.26838E-1 1.20387E-1 9.74254E-2 1.16041E-1 1.39085E-1 6.39663E-2 6.79736E-2 8.50284E-2 4.96245E-2 9.23244E-2 2.1553E-1 5.69705E-1 6.08021E-1 9.19033E-1 9.72707E-1 9.81039E-1 9.88197E-1 9.84937E-1 9.8389E-1 9.96158E-1 9.4042E-1 9.19411E-1 8.88578E-1 9.95841E-1 9.98894E-1 9.97327E-1 9.99268E-1 9.99787E-1 9.99917E-1 9.99899E-1 9.99965E-1 9.99983E-1 9.99935E-1 9.99957E-1 9.99366E-1 9.99699E-1
-9999 -9999 -9999 -9999 -9999 -9999 -9999 -9999 -9999 -9999 -9999 -9999 4.68823E-2 7.95913E-2 8.62832E-2 1.31443E-1 1.11085E-1 1.69135E-1 4.57554E-1 8.95898E-1 5.43229E-1 1.00322E-1 4.5707E-1 3.24971E-1 2.37951E-1 1.37473E-1 2.77696E-2 2.54174E-2 4.93626E-2 9.96483E-2 6.57208E-2 9.98457E-2 7.50123E-2 9.49594E-2 1.26595E-1 1.22453E-1 1.39458E-1 1.29618E-1 1.20527E-1 7.96362E-2 6.55202E-2 6.37405E-2 9.71081E-2 9.0645E-2 1.40197E-1 5.07518E-1 7.60239E-1 9.61871E-1 9.60654E-1 9.74548E-1 9.78148E-1 9.92246E-1 9.9453E-1 9.8051E-1 8.49985E-1 9.20206E-1 9.26065E-1 9.94505E-1 9.96257E-1 9.92643E-1 9.98037E-1 9.99905E-1 9.99952E-1 9.9994E-1 9.99868E-1 9.99884E-1 9.99778E-1 9.99897E-1 9.99879E-1 9.99931E-1
-9999 -9999 -9999 -9999 -9999 -9999 -9999 -9999 -9999 -9999 -9999 -9999 4.27478E-2 8.99437E-2 8.08663E-2 1.16191E-1 8.21603E-2 8.70402E-2 3.85016E-1 7.64389E-1 7.31873E-1 6.77399E-1 8.43227E-1 3.97686E-1 3.05268E-1 1.41625E-1 2.82581E-2 5.9394E-2 8.10135E-2 7.20542E-2 6.285E-2 8.13946E-2 7.96912E-2 1.003E-1 1.2993E-1 1.11619E-1 1.56561E-1 1.49787E-1 1.3709E-1 1.20465E-1 6.619E-2 7.26913E-2 1.11023E-1 1.35532E-1 9.66656E-2 5.20434E-1 7.40104E-1 9.15787E-1 9.05297E-1 9.0228E-1 9.47917E-1 9.47865E-1 9.74288E-1 9.8412E-1 9.13495E-1 8.12082E-1 9.38317E-1 9.94039E-1 9.97802E-1 9.99437E-1 9.99703E-1 9.99893E-1 9.99809E-1 9.9976E-1 9.99417E-1 9.99783E-1 9.99821E-1 9.99899E-1 9.99839E-1 9.99938E-1
-9999 -9999 -9999 -9999 -9999 -9999 -9999 -9999 -9999 -9999 -9999 -9999 -9999 7.52692E-2 8.73933E-2 1.23123E-1 8.80826E-2 9.54343E-2 5.51011E-1 5.32219E-1 5.7817E-1 7.71513E-1 5.2912E-1 4.8574E-1 6.51266E-1 2.59805E-1 6.81083E-2 3.89511E-2 8.98844E-2 7.571E-2 5.95831E-2 6.21726E-2 1.10158E-1 1.39744E-1 1.38811E-1 6.76536E-2 5.25462E-2 9.30884E-2 1.37066E-1 1.12599E-1 8.33744E-2 6.77026E-2 7.79253E-2 1.47291E-1 1.58609E-1 1.45573E-1 1.01152E-1 2.12316E-1 8.27968E-1 8.45333E-1 9.23847E-1 8.97011E-1 9.92481E-1 9.77732E-1 9.77601E-1 9.63029E-1 9.77997E-1 9.99276E-1 9.95044E-1 9.99767E-1 9.99614E-1 9.99829E-1 9.99827E-1 9.99395E-1 9.99605E-1 9.98348E-1 9.99575E-1 9.99835E-1 9.99794E-1 9.9998E-1
-9999 -9999 -9999 -9999 -9999 -9999 -9999 -9999 -9999 -9999 -9999 -9999 -9999 6.7144E-2 6.79156E-2 1.14599E-1 6.14477E-2 9.32688E-2 6.5059E-1 6.24316E-1 5.15862E-2 5.31249E-2 3.17386E-1 4.84434E-1 6.93534E-1 3.34567E-1 1.10132E-1 6.24964E-2 9.59058E-2 1.08916E-1 1.0532E-1 6.38584E-2 1.17054E-1 1.29786E-1 1.33356E-1 1.32122E-1 1.65586E-1 1.69771E-1 9.24335E-2 1.49107E-1 1.42985E-1 1.05167E-1 1.00966E-1 1.63668E-1 1.00627E-1 1.27522E-1 1.28359E-1 1.82428E-1 5.08914E-1 9.2065E-1 9.68416E-1 9.92833E-1 9.42447E-1 8.99217E-1 9.57096E-1 9.98802E-1 9.81912E-1 9.96583E-1 9.98533E-1 9.99518E-1 9.98437E-1 9.9948E-1 9.99397E-1 9.98755E-1 9.85959E-1 9.84842E-1 9.96508E-1 9.98365E-1 9.99871E-1 9.98983E-1
-9999 -9999 -9999 -9999 -9999 -9999 -9999 -9999 -9999 -9999 -9999 -9999 -9999 -9999 3.75766E-2 1.26833E-1 8.47818E-2 1.66318E-1 1.70787E-1 7.02378E-2 9.24163E-2 8.46537E-2 8.29065E-2 5.83772E-1 8.47825E-1 1.81883E-1 1.05628E-1 3.39819E-2 1.09126E-1 1.12246E-1 1.2166E-1 1.16338E-1 8.94238E-2 1.4078E-1 1.46789E-1 1.15813E-1 1.83303E-1 1.52851E-1 1.59086E-1 1.47649E-1 6.85768E-2 9.96817E-2 1.08053E-1 9.69104E-2 9.00327E-2 1.68798E-1 1.72156E-1 1.03755E-1 1.56324E-1 8.35371E-1 9.59793E-1 9.89519E-1 9.52319E-1 9.3644E-1 9.90685E-1 9.84348E-1 8.64193E-1 9.78925E-1 9.96225E-1 9.97422E-1 9.97371E-1 9.97999E-1 9.96987E-1 9.98229E-1 9.9766E-1 9.97213E-1 9.9793E-1 9.99711E-1 9.99791E-1 9.99838E-1
-9999 -9999 -9999 -9999 -9999 -9999 -9999 -9999 -9999 -9999 -9999 -9999 -9999 3.24105E-2 3.84554E-2 7.77856E-2 1.30426E-1 7.65196E-2 3.68464E-1 4.82385E-1 5.98054E-1 7.3144E-2 8.10647E-2 8.59842E-2 4.37103E-1 8.96042E-2 1.21946E-1 1.03243E-1 1.19756E-1 1.12934E-1 9.86866E-2 1.11476E-1 1.50891E-1 1.42908E-1 1.40902E-1 1.1046E-1 5.90241E-1 2.04758E-1 1.08083E-1 1.24307E-1 1.00641E-1 6.46661E-2 7.31293E-2 1.63547E-1 1.66404E-1 1.81962E-1 7.99686E-2 2.68655E-2 1.56129E-1 6.839E-1 9.3712E-1 9.17508E-1 9.41736E-1 9.26454E-1 9.6391E-1 9.9247E-1 9.95119E-1 9.80337E-1 9.67886E-1 9.96057E-1 9.96048E-1 9.96112E-1 9.97939E-1 9.97999E-1 9.99067E-1 9.99035E-1 9.99314E-1 9.97536E-1 9.99257E-1 9.99746E-1
-9999 -9999 -9999 -9999 -9999 -9999 -9999 -9999 -9999 -9999 -9999 -9999 -9999 -9999 4.48877E-2 2.89569E-2 1.11655E-1 8.87323E-2 1.3362E-1 1.40734E-1 8.51993E-1 5.89789E-1 5.77872E-1 7.76941E-1 3.04035E-1 9.42404E-2 6.72515E-2 1.19281E-1 1.43313E-1 1.40966E-1 1.10771E-1 1.44926E-1 9.97252E-2 1.10566E-1 1.14213E-1 1.4753E-1 2.21111E-1 1.98555E-1 1.13512E-1 1.28989E-1 1.98694E-1 2.03044E-1 2.02794E-1 1.14026E-1 1.14299E-1 1.22825E-1 1.66669E-1 1.51479E-1 5.37135E-1 8.56052E-1 9.19026E-1 7.42068E-1 8.14199E-1 7.31387E-1 9.27602E-1 9.94655E-1 9.89996E-1 9.82568E-1 9.9172E-1 9.96357E-1 9.75824E-1 9.91255E-1 9.97438E-1 9.98818E-1 9.95642E-1 9.95731E-1 9.98775E-1 9.99602E-1 9.95263E-1 9.98949E-1
-9999 -9999 -9999 -9999 -9999 -9999 -9999 -9999 -9999 -9999 -9999 -9999 -9999 -9999 -9999 3.44786E-2 6.00375E-2 8.3166E-2 5.86887E-2 1.49996E-1 8.84783E-1 5.8958E-1 6.1995E-1 8.07611E-1 2.81148E-1 7.33733E-2 7.62902E-2 1.51677E-1 1.46159E-1 1.57799E-1 1.59091E-1 1.49518E-1 1.16708E-1 1.05799E-1 1.12475E-1 7.83292E-2 2.03674E-1 1.22835E-1 1.79819E-1 1.83595E-1 1.56855E-1 1.73644E-1 7.96546E-1 1.22226E-1 1.9925E-1 1.23941E-1 2.08831E-1 1.44982E-1 5.09384E-1 7.99363E-1 7.41747E-1 7.86209E-1 7.56702E-1 8.62654E-1 9.65295E-1 9.88871E-1 9.75152E-1 9.77471E-1 9.96664E-1 9.95891E-1 9.83079E-1 9.94891E-1 9.97849E-1 9.94987E-1 9.88952E-1 9.97362E-1 9.97801E-1 9.99508E-1 9.9935E-1 9.99589E-1
-9999 -9999 -9999 -9999 -9999 -9999 -9999 -9999 -9999 -9999 -9999 -9999 -9999 -9999 -9999 2.85486E-2 5.09944E-2 1.31184E-1 5.84602E-2 1.66365E-1 5.55948E-1 7.65833E-1 7.64886E-1 5.66989E-1 9.58819E-2 6.97773E-2 6.0558E-2 9.73778E-2 1.06347E-1 1.31264E-1 1.40453E-1 1.50474E-1 1.08246E-1 2.20776E-1 2.29217E-1 1.82015E-1 1.94126E-1 1.21097E-1 2.0985E-1 7.9254E-1 7.53732E-1 5.24543E-1 5.82499E-1 1.29461E-1 2.03557E-1 1.4403E-1 2.02064E-1 2.08226E-1 5.23392E-1 5.7298E-1 6.21648E-1 3.80083E-1 6.35847E-1 5.60392E-1 7.3365E-1 9.8603E-1 9.73862E-1 9.75698E-1 9.95507E-1 9.93553E-1 9.85932E-1 9.97316E-1 9.97485E-1 9.96841E-1 9.94838E-1 9.96655E-1 9.89896E-1 9.99528E-1 9.99596E-1 9.98688E-1
-9999 -9999 -9999 -9999 -9999 -9999 -9999 -9999 -9999 -9999 -9999 -9999 -9999 -9999 -9999 4.78096E-2 8.93115E-2 1.09099E-1 5.36688E-2 1.8611E-1 8.09628E-2 2.04402E-1 1.99992E-1 4.57401E-1 1.46252E-1 4.61387E-2 7.34749E-2 1.23657E-1 1.05271E-1 1.0875E-1 1.08796E-1 1.3386E-1 1.83535E-1 1.36271E-1 2.12473E-1 1.29022E-1 2.42467E-1 1.79951E-1 5.68345E-1 8.87091E-1 8.86238E-1 8.52413E-1 6.08244E-1 5.9048E-1 1.5196E-1 1.41135E-1 9.87247E-2 1.08548E-1 1.41229E-1 2.53594E-1 1.99067E-1 4.96076E-1 7.02319E-1 5.4824E-1 8.83047E-1 9.9056E-1 9.58037E-1 9.86079E-1 9.96826E-1 9.88404E-1 9.91378E-1 9.85501E-1 9.94416E-1 9.98202E-1 9.97517E-1 9.90497E-1 9.96572E-1 9.96485E-1 9.98299E-1 9.9982E-1
-9999 -9999 -9999 -9999 -9999 -9999 -9999 -9999 -9999 -9999 -9999 -9999 -9999 -9999 -9999 4.29735E-2 4.68894E-2 9.74605E-2 1.41643E-1 1.67367E-1 4.0524E-1 4.76445E-1 5.08457E-1 7.44668E-1 1.13116E-1 8.41114E-2 1.2464E-1 1.48336E-1 1.16338E-1 1.25686E-1 1.248E-1 1.46716E-1 1.20771E-1 1.0905E-1 1.26361E-1 2.49835E-1 2.43703E-1 1.22988E-1 4.70016E-1 6.32404E-1 8.91842E-1 6.27807E-1 6.33123E-1 5.08501E-1 1.22446E-1 1.71844E-1 1.67252E-1 1.57265E-1 9.84454E-2 4.2423E-2 2.92946E-1 5.38944E-1 9.01639E-1 6.98833E-1 7.61223E-1 9.34648E-1 9.47844E-1 9.64522E-1 9.88E-1 9.84707E-1 9.91977E-1 9.79468E-1 9.97412E-1 9.82596E-1 9.96648E-1 9.92748E-1 9.96303E-1 9.97842E-1 9.96348E-1 9.94922E-1
-9999 -9999 -9999 -9999 -9999 -9999 -9999 -9999 -9999 -9999 -9999 -9999 -9999 -9999 -9999 -9999 2.87276E-2 1.0084E-1 8.23359E-2 1.98923E-1 1.59063E-1 1.81496E-1 1.71506E-1 2.15778E-1 1.35153E-1 1.30915E-1 1.44707E-1 1.33843E-1 1.18515E-1 1.1313E-1 1.49899E-1 1.2862E-1 9.87125E-2 1.01815E-1 9.21009E-2 8.05824E-2 1.64048E-1 1.03614E-1 2.33533E-1 8.10846E-1 6.30443E-1 5.52842E-1 6.00481E-1 1.65839E-1 1.90147E-1 1.82512E-1 1.03375E-1 2.50746E-1 1.74452E-1 2.11454E-1 7.10571E-1 9.05015E-1 9.57852E-1 9.09085E-1 9.297E-1 9.3899E-1 9.71691E-1 9.97154E-1 9.98366E-1 9.9889E-1 9.98119E-1 9.96908E-1 9.94315E-1 9.97919E-1 9.92643E-1 9.96622E-1 9.87741E-1 9.98607E-1 9.96932E-1 9.99385E-1
-9999 -9999 -9999 -9999 -9999 -9999 -9999 -9999 -9999 -9999 -9999 -9999 -9999 -9999 -9999 -9999 3.38889E-2 6.57382E-2 8.63043E-2 1.01004E-1 5.51795E-2 1.67679E-1 9.66384E-2 1.07866E-1 1.47449E-1 1.42065E-1 1.36461E-1 1.2163E-1 1.05976E-1 1.32238E-1 1.31404E-1 1.43507E-1 1.69083E-1 1.02793E-1 1.62081E-1 1.62284E-1 1.69686E-1 1.56365E-1 2.13764E-1 8.06091E-1 5.39374E-1 1.40705E-1 2.19034E-1 1.78288E-1 1.19241E-1 1.06439E-1 1.64666E-1 6.08453E-1 4.63091E-1 5.9495E-1 8.34093E-1 9.60483E-1 9.84853E-1 7.57546E-1 8.04816E-1 9.76852E-1 9.96144E-1 9.96955E-1 9.95961E-1 9.98696E-1 9.98778E-1 9.97902E-1 9.95629E-1 9.96461E-1 9.99501E-1 9.99277E-1 9.98197E-1 9.97802E-1 9.97538E-1 9.99432E-1
-9999 -9999 -9999 -9999 -9999 -9999 -9999 -9999 -9999 -9999 -9999 -9999 -9999 -9999 -9999 -9999 4.12727E-2 5.63713E-2 8.26449E-2 1.01485E-1 1.84329E-1 1.357E-1 1.08295E-1 9.99914E-2 1.31765E-1 1.76021E-1 1.56449E-1 1.47848E-1 1.49187E-1 1.51301E-1 1.22984E-1 1.28167E-1 1.4249E-1 1.79176E-1 1.09168E-1 1.05613E-1 1.85135E-1 1.21057E-1 2.14722E-1 4.88038E-1 1.99785E-1 1.14478E-1 9.67975E-2 1.87772E-1 1.12821E-1 1.09662E-1 2.44856E-1 8.88071E-1 6.89977E-1 3.7151E-1 3.1262E-1 5.20441E-1 9.60105E-1 9.65835E-1 8.31068E-1 9.81513E-1 9.61784E-1 9.84681E-1 9.92272E-1 9.97221E-1 9.98846E-1 9.99493E-1 9.97167E-1 9.93179E-1 9.93801E-1 9.98011E-1 9.99064E-1 9.98487E-1 9.99503E-1 9.9941E-1
-9999 -9999 -9999 -9999 -9999 -9999 -9999 -9999 -9999 -9999 -9999 -9999 -9999 -9999 -9999 -9999 -9999 2.78094E-2 6.69637E-2 -9999 -9999 -9999 -9999 1.4995E-1 1.37654E-1 1.89897E-1 1.69432E-1 1.49265E-1 1.45439E-1 1.53726E-1 1.4741E-1 1.48302E-1 1.41784E-1 1.6953E-1 1.60369E-1 1.79283E-1 1.60187E-1 1.0632E-1 2.37094E-1 5.56191E-1 1.90137E-1 1.44509E-1 1.43588E-1 2.30497E-1 1.5514E-1 1.18156E-1 1.57528E-1 6.22497E-1 5.23533E-1 4.58711E-1 2.22107E-1 1.81515E-1 8.3963E-1 9.92635E-1 9.26892E-1 9.88972E-1 9.69054E-1 9.72648E-1 9.78811E-1 9.90608E-1 9.98501E-1 9.99352E-1 9.98173E-1 9.98512E-1 9.96552E-1 9.93108E-1 9.98966E-1 9.98972E-1 9.99389E-1 9.99653E-1
-9999 -9999 -9999 -9999 -9999 -9999 -9999 -9999 -9999 -9999 -9999 -9999 -9999 -9999 -9999 -9999 -9999 0E0 -9999 -9999 -9999 -9999 -9999 -9999 1.3001E-1 1.10516E-1 1.64094E-1 1.77982E-1 1.52233E-1 1.36894E-1 1.56314E-1 1.68922E-1 1.60495E-1 1.51003E-1 1.66907E-1 1.73794E-1 1.78801E-1 1.12873E-1 2.34307E-1 2.23902E-1 1.80388E-1 1.05854E-1 1.01512E-1 1.6203E-1 5.17206E-1 1.27073E-1 1.00541E-1 2.39047E-1 2.00401E-1 4.24072E-1 4.28528E-1 2.62969E-1 4.95878E-1 9.58098E-1 7.79936E-1 9.57832E-1 7.57295E-1 9.79386E-1 9.95367E-1 9.98123E-1 9.9561E-1 9.99025E-1 9.95551E-1 9.98983E-1 9.97578E-1 9.96625E-1 9.9813E-1 9.98709E-1 9.99255E-1 9.98502E-1
-9999 -9999 -9999 -9999 -9999 -9999 -9999 -9999 -9999 -9999 -9999 -9999 -9999 -9999 -9999 -9999 -9999 -9999 -9999 -9999 -9999 -9999 -9999 -9999 -9999 2.15164E-2 1.58515E-1 1.64238E-1 1.15595E-1 1.19866E-1 1.20038E-1 1.93343E-1 1.03936E-1 1.54863E-1 9.66192E-2 8.15457E-2 1.28679E-1 1.26652E-1 9.9191E-2 1.63758E-1 1.05128E-1 1.41136E-1 1.36939E-1 1.20138E-1 1.52155E-1 1.70899E-1 1.36672E-1 1.62357E-1 2.1683E-1 3.94373E-1 4.80278E-1 7.01873E-1 7.87101E-1 8.01026E-1 5.06303E-1 7.01511E-1 8.92603E-1 9.92939E-1 9.7298E-1 9.84054E-1 9.84184E-1 9.90539E-1 9.9646E-1 9.95961E-1 9.98013E-1 9.96674E-1 9.47602E-1 9.9655E-1 9.95871E-1 9.98677E-1
-9999 -9999 -9999 -9999 -9999 -9999 -9999 -9999 -9999 -9999 -9999 -9999 -9999 -9999 -9999 -9999 -9999 -9999 -9999 -9999 -9999 -9999 -9999 -9999 -9999 1.15906E-1 1.3971E-1 1.47007E-1 1.1168E-1 1.29987E-1 2.37579E-1 1.98815E-1 2.01932E-1 4.14385E-1 1.89773E-1 1.06399E-1 1.36974E-1 1.17531E-1 1.58737E-1 1.79326E-1 1.38381E-1 8.04136E-2 1.67697E-1 8.26471E-2 1.80691E-1 9.34309E-2 8.84681E-2 8.71045E-2 1.78461E-1 4.65453E-1 6.58087E-1 9.09276E-1 6.47898E-1 5.22448E-1 5.93357E-1 8.24245E-1 9.28573E-1 9.57674E-1 9.9101E-1 9.76882E-1 9.83257E-1 9.54915E-1 9.79615E-1 9.98027E-1 9.96498E-1 9.96357E-1 9.97E-1 9.99016E-1 9.92736E-1 9.98831E-1
