ENM/Final_Models/M_1_F_qp_Set_1_EC/Gustavia_santanderiensis_Choco_median.asc
ncols         367
nrows         963
xllcorner     -78.6
yllcorner     0.65
cellsize      0.00833333333333323
NODATA_value  -9999
[rows 750 to 779 of 963, columns 136 to 203 of 367]
2.08293E-2 4.15288E-3 3.27172E-3 1.65782E-3 1.50824E-3 4.82336E-4 3.11909E-4 3.29888E-3 5.30238E-3 9.32347E-4 4.73838E-4 3.90859E-4 1.12044E-4 5.27747E-5 3.4991E-5 4.0692E-5 1.79054E-4 5.52782E-4 1.37373E-3 2.80134E-3 7.63125E-3 7.12657E-3 1.15808E-2 1.04692E-2 6.04368E-3 1.55074E-3 6.46557E-3 1.48341E-2 4.67561E-2 7.46608E-2 4.98055E-2 2.65398E-2 2.38612E-2 3.06601E-3 5.16921E-4 2.62327E-4 2.34754E-4 1.25726E-4 9.60416E-5 3.05675E-4 8.16064E-4 3.10218E-3 6.51606E-3 1.64568E-2 1.73873E-2 5.25953E-3 1.86526E-2 1.80963E-2 1.10699E-2 5.39766E-3 2.09144E-3 4.96881E-4 2.00765E-4 1.34719E-4 2.98243E-4 1.2322E-4 1.36757E-4 1.40866E-4 1.92306E-4 5.13517E-4 4.53543E-4 3.24881E-4 8.02818E-4 1.48007E-3 1.24568E-3 1.62629E-3 1.90947E-3 2.34085E-3
2.60093E-2 8.04963E-3 1.96406E-3 4.67417E-4 6.52717E-5 1.35048E-4 1.19646E-4 6.71813E-4 1.99824E-4 1.75086E-4 1.726E-4 6.59507E-5 4.8342E-5 3.83731E-5 3.5254E-5 2.02749E-4 2.35974E-4 8.83706E-4 1.55511E-3 3.0201E-3 3.86889E-3 8.51228E-3 2.28522E-3 1.9292E-3 8.84896E-3 2.39212E-3 2.11229E-3 8.53939E-3 2.93452E-2 5.86162E-2 5.98354E-2 2.48924E-2 7.86808E-3 4.1118E-4 1.05893E-4 2.19115E-4 3.99035E-4 1.22195E-4 6.59406E-5 1.14636E-4 2.94786E-4 5.85882E-4 5.4034E-3 1.85622E-2 4.38468E-3 5.60766E-3 1.13698E-2 1.26215E-2 6.4063E-3 3.34077E-3 4.49116E-4 4.0401E-4 2.19103E-4 1.43009E-4 6.3967E-5 1.40414E-4 2.29591E-4 1.47048E-4 2.14832E-4 4.28547E-4 6.45848E-4 2.27195E-3 4.62561E-3 5.73944E-3 1.86917E-3 1.73403E-3 2.53977E-3 4.42661E-3
9.61757E-3 2.72456E-3 2.06299E-4 1.21394E-4 7.94724E-5 6.70687E-5 2.0413E-4 2.02127E-4 1.0915E-4 6.42633E-5 3.48711E-5 5.37801E-5 5.97271E-5 9.64549E-5 3.27246E-5 2.71455E-4 5.19674E-4 5.16642E-4 7.4552E-4 8.96907E-4 1.37717E-3 3.6498E-3 7.16114E-4 1.79514E-3 2.10948E-3 2.88191E-4 2.26945E-4 3.56555E-3 1.76719E-2 3.3608E-2 7.29974E-2 2.4982E-2 6.28391E-3 6.16191E-3 4.27896E-4 4.02372E-4 4.29156E-5 7.28684E-5 8.51027E-5 5.52782E-5 2.57346E-4 1.28941E-3 4.05261E-3 3.15506E-3 1.88634E-3 1.16598E-2 6.08354E-3 3.15565E-3 1.15803E-3 4.45112E-4 2.36114E-4 1.61905E-4 1.09328E-4 4.37543E-4 3.72522E-4 3.13428E-4 1.12837E-4 1.65783E-4 2.58766E-4 4.38104E-4 4.62361E-3 5.24864E-3 5.86136E-3 1.55082E-2 5.97193E-3 5.9494E-3 5.2962E-3 5.10159E-3
4.55501E-3 3.53777E-4 5.67881E-5 1.23412E-4 9.9092E-5 5.32232E-5 1.27764E-4 1.38058E-4 8.49751E-5 4.82469E-5 5.00377E-5 3.84871E-5 4.40484E-5 1.2748E-4 7.65019E-5 1.56897E-4 5.33295E-4 5.41403E-4 1.99219E-4 8.08535E-4 3.93473E-4 5.96305E-4 2.69154E-4 1.71717E-3 5.15652E-4 4.34985E-4 1.27106E-3 3.01862E-3 1.76069E-2 2.56514E-2 5.71443E-2 5.49504E-3 1.41983E-3 5.05436E-3 2.54707E-3 7.36985E-4 1.68494E-4 1.16374E-4 4.66823E-5 7.72372E-5 5.55606E-5 3.6225E-4 3.68368E-4 1.96656E-3 6.53721E-3 8.24209E-3 1.61089E-3 5.5465E-4 3.27491E-4 2.50018E-4 1.81265E-4 1.20651E-4 2.17435E-4 5.00664E-4 3.81523E-4 2.35003E-4 1.45587E-4 1.85318E-4 4.95524E-4 7.46944E-4 4.4824E-3 8.5588E-3 2.22517E-2 1.74859E-2 2.95327E-2 2.80799E-2 1.93436E-2 7.22928E-3
9.04276E-4 1.08494E-4 3.67769E-5 8.96661E-5 8.04131E-5 6.98427E-5 4.2138E-5 1.046E-4 7.61307E-5 4.58334E-5 2.87052E-5 3.32932E-5 2.50722E-5 6.67733E-5 6.30794E-5 9.17888E-5 1.32588E-4 3.24064E-4 3.04698E-4 1.78602E-4 1.3583E-4 1.20597E-4 1.59385E-4 3.69939E-4 3.23943E-4 7.01535E-4 1.23547E-3 6.52804E-3 3.98752E-2 5.79286E-2 4.38375E-2 3.41021E-3 4.33923E-4 3.28211E-4 1.05869E-4 4.25353E-5 5.19372E-5 1.11349E-4 4.64305E-5 6.11152E-5 5.07387E-5 1.7725E-4 4.51279E-4 4.13963E-3 2.86511E-3 2.17596E-3 6.47915E-4 3.39267E-4 3.41059E-4 4.59797E-4 1.39617E-4 1.48123E-4 2.08744E-4 5.87122E-4 2.88559E-4 1.61758E-4 1.85962E-4 1.42777E-4 2.77402E-4 6.67747E-4 3.73443E-3 6.33079E-3 3.4041E-3 2.77508E-2 4.30535E-2 4.41828E-2 1.82445E-2 7.93407E-3
2.9103E-4 6.66431E-5 9.3015E-5 1.39199E-4 1.09218E-4 9.56971E-5 1.15319E-4 1.10975E-4 5.77018E-5 1.22125E-4 4.83994E-5 2.17732E-5 3.31733E-5 4.66345E-5 2.91966E-5 1.15457E-4 1.7469E-4 2.92381E-4 8.18138E-5 6.58792E-5 4.55322E-5 3.35256E-5 1.95033E-4 4.30343E-4 1.9288E-3 8.24514E-3 1.8825E-3 8.63425E-3 2.73275E-2 5.50093E-2 2.24936E-2 6.23498E-3 3.39296E-4 4.16816E-5 5.07418E-5 4.91803E-5 1.00861E-4 6.28881E-5 1.10588E-4 9.49793E-5 5.41332E-5 8.82143E-5 3.20534E-4 8.23024E-4 7.67525E-4 5.03289E-4 7.22499E-5 1.02826E-4 1.81778E-4 3.52822E-4 3.65376E-4 1.93363E-4 2.46575E-4 4.57225E-4 3.82553E-4 1.76305E-4 2.32729E-4 3.15675E-4 4.13622E-4 1.07317E-3 2.07232E-3 4.27884E-3 7.57954E-3 2.45005E-2 3.7164E-2 2.73992E-2 3.0549E-2 1.10214E-2
3.2149E-4 4.74803E-5 6.22831E-5 7.32805E-5 8.0829E-5 1.02027E-4 1.18338E-4 7.87618E-5 5.72422E-5 4.87917E-5 8.51134E-5 5.76713E-5 1.90549E-5 4.71289E-5 2.38358E-5 6.71174E-5 1.98148E-4 8.27219E-5 9.39972E-5 7.9109E-5 1.61621E-4 1.05893E-4 2.42462E-4 2.40329E-4 5.46306E-4 5.41612E-3 8.28724E-3 1.54938E-2 4.94816E-2 3.74129E-2 1.23755E-2 2.4585E-3 1.7892E-4 2.42025E-4 3.87429E-5 7.52062E-5 1.14744E-4 1.20941E-4 1.48697E-4 1.98841E-4 6.45163E-5 6.69596E-5 4.3892E-4 6.63255E-4 1.40146E-4 9.89136E-5 2.79542E-4 4.07001E-5 4.32951E-5 3.86093E-5 5.70288E-5 1.2733E-4 2.12213E-4 1.01893E-3 1.45451E-4 2.99701E-4 2.90268E-4 8.17752E-4 2.00389E-3 1.68451E-3 2.86727E-3 5.02523E-3 3.40613E-2 2.59864E-2 3.63135E-2 2.79195E-2 2.23745E-2 1.72229E-2
1.92791E-4 5.86997E-5 6.27948E-5 9.29136E-5 7.54835E-5 8.02148E-5 3.51095E-5 9.31439E-5 1.07558E-4 9.40097E-5 1.28575E-4 1.22011E-4 8.55923E-5 3.90703E-5 2.38287E-5 2.49327E-5 6.55109E-5 9.58083E-5 1.13986E-4 1.12131E-4 1.25524E-4 8.18413E-5 4.67719E-4 3.01467E-4 3.33636E-3 4.57734E-3 1.50389E-2 2.31696E-2 3.95894E-2 1.11441E-2 1.18391E-2 2.19932E-3 4.5631E-4 3.73441E-5 7.52937E-5 6.66735E-5 5.64544E-5 1.26292E-4 1.1777E-4 1.13523E-4 1.27809E-4 8.21031E-5 1.80499E-4 2.12267E-4 6.89497E-5 8.04032E-5 8.63919E-5 1.21703E-4 1.82564E-4 3.82574E-4 1.01011E-4 3.18059E-5 1.44046E-4 1.28893E-3 2.48647E-4 7.29498E-4 4.83237E-4 5.28373E-4 3.90464E-3 6.29533E-3 8.56886E-4 8.76882E-3 2.24137E-2 4.69741E-2 3.13786E-2 2.37364E-2 3.17139E-2 3.20178E-2
1.97277E-4 6.08957E-5 1.06713E-4 1.24577E-4 1.05854E-4 7.15961E-5 8.11194E-5 1.07479E-4 7.88698E-5 1.17421E-4 7.90121E-5 9.48825E-5 1.23796E-4 1.03813E-4 7.27373E-5 4.83289E-5 4.9614E-5 7.50775E-5 7.44466E-5 9.31487E-5 1.00528E-4 5.50064E-5 1.69969E-4 7.7303E-4 2.6562E-3 9.41467E-3 9.81701E-3 3.50778E-2 2.31823E-2 1.10899E-2 3.19677E-3 7.56069E-4 2.08427E-4 1.15626E-4 8.20456E-5 8.75254E-5 6.57031E-5 8.14521E-5 1.30994E-4 1.46317E-4 7.89517E-5 1.2854E-4 1.11652E-4 1.60983E-4 6.91527E-5 5.2266E-5 3.58365E-5 6.62873E-5 1.22109E-4 1.95723E-4 1.20113E-3 1.13817E-3 7.90965E-4 1.96558E-4 2.50637E-4 8.38488E-4 1.44801E-3 9.60003E-4 6.1936E-3 5.84328E-3 2.69303E-3 7.14913E-3 1.40852E-2 3.19051E-2 7.26453E-2 4.5382E-2 2.58326E-2 4.50325E-2
1.00776E-4 7.48499E-5 8.45019E-5 1.03271E-4 1.18529E-4 7.39606E-5 1.09417E-4 9.26495E-5 7.62719E-5 7.20179E-5 5.22677E-5 7.19709E-5 1.06203E-4 8.56178E-5 7.51988E-5 6.17823E-5 3.32271E-5 8.18472E-5 1.82305E-4 9.01021E-5 1.26217E-4 2.26281E-5 2.3295E-5 1.94809E-4 3.06113E-4 1.25755E-3 2.54405E-3 2.94247E-2 1.57801E-2 8.79116E-3 4.94064E-3 5.60257E-4 1.36518E-4 7.48342E-5 1.10986E-4 8.55531E-5 1.04226E-4 1.20037E-4 1.14684E-4 1.04516E-4 6.62183E-5 1.10264E-4 1.11281E-4 1.32847E-4 8.20171E-5 1.1092E-4 1.41624E-4 1.17431E-4 2.76369E-5 1.31107E-4 1.76106E-4 1.94485E-3 4.25652E-3 9.81639E-4 1.13372E-4 1.39117E-3 4.0795E-4 2.80459E-3 5.8285E-3 4.53044E-3 7.61336E-4 2.58098E-3 8.52679E-3 3.38532E-2 -9999 9.24176E-2 8.00808E-2 -9999
8.29087E-5 9.10846E-5 2.57619E-5 7.95981E-5 6.51436E-5 6.91194E-5 1.1027E-4 1.00588E-4 1.04691E-4 9.43197E-5 1.09925E-4 1.13034E-4 9.37915E-5 8.83925E-5 9.19309E-5 7.58544E-5 5.15495E-5 3.97509E-5 6.356E-5 1.9239E-4 1.27002E-4 9.16926E-5 5.59997E-5 8.47875E-5 1.70748E-3 7.05923E-4 1.43732E-3 2.48721E-2 1.74715E-2 4.90283E-3 1.98346E-3 1.4525E-3 2.01282E-4 2.00272E-4 1.00786E-4 1.03598E-4 9.40907E-5 1.06187E-4 1.18996E-4 1.03115E-4 9.33108E-5 1.43341E-4 1.07147E-4 1.13536E-4 6.87219E-5 1.21537E-4 7.40655E-5 1.51393E-4 1.04163E-4 1.01565E-4 2.23288E-4 1.4645E-3 5.69609E-3 8.15871E-3 5.87768E-3 4.17175E-3 2.32958E-3 6.41158E-3 1.01436E-2 3.6587E-3 1.38098E-3 4.06194E-3 1.37105E-2 3.70062E-2 -9999 9.38856E-2 1.23692E-1 -9999
6.17147E-5 1.5619E-4 8.63033E-5 4.79174E-5 5.62994E-5 7.85943E-5 9.28816E-5 7.50538E-5 8.24384E-5 9.71588E-5 1.17811E-4 6.85367E-5 5.33321E-5 9.08837E-5 1.30637E-4 5.33616E-5 7.33187E-5 4.70829E-5 2.59791E-5 2.84052E-4 2.49417E-4 2.45153E-4 9.93906E-5 1.60848E-4 1.33927E-3 5.62114E-4 5.78186E-3 2.21939E-2 1.68971E-2 2.60383E-3 5.46428E-4 2.83222E-3 2.35451E-4 1.91518E-4 1.11409E-4 8.76649E-5 8.83345E-5 1.15601E-4 1.36109E-4 1.31211E-4 1.01413E-4 1.57987E-4 1.47824E-4 1.29301E-4 9.79116E-5 9.89365E-5 1.31591E-4 1.7631E-4 1.39626E-4 1.37944E-4 2.2308E-4 1.04886E-3 3.26177E-3 4.78096E-3 1.66845E-2 1.60323E-2 2.39403E-2 3.15587E-2 1.82796E-2 1.56279E-3 2.74471E-3 4.30536E-3 3.12465E-2 -9999 -9999 -9999 -9999 -9999
1.87633E-4 1.07298E-4 9.59666E-5 1.02836E-4 7.75059E-5 9.08552E-5 5.09138E-5 5.0899E-5 9.61224E-5 1.09619E-4 8.0435E-5 8.45017E-5 9.47475E-5 1.18595E-4 1.45926E-4 7.56695E-5 1.05457E-4 2.9753E-4 7.18613E-4 1.33932E-3 3.06751E-3 3.45311E-3 5.55736E-3 5.89486E-3 7.90243E-3 1.04521E-2 1.03755E-2 2.40167E-2 9.74622E-3 4.8001E-3 7.08767E-4 2.69822E-4 1.7599E-4 2.19739E-4 1.22242E-4 8.36286E-5 7.72234E-5 5.78832E-5 7.69028E-5 1.89698E-4 1.39477E-4 1.12784E-4 1.00827E-4 9.0719E-5 1.17694E-4 9.8393E-5 9.74975E-5 9.66926E-5 1.60638E-4 1.3448E-4 9.48085E-5 2.76112E-4 6.2541E-4 6.07016E-4 3.43877E-3 5.42794E-3 6.02644E-3 -9999 -9999 7.25888E-3 8.06589E-3 1.26298E-2 4.47073E-2 -9999 -9999 -9999 -9999 -9999
2.54812E-4 1.60357E-4 8.51108E-5 6.07878E-5 6.44931E-5 5.14461E-5 3.06317E-5 2.54942E-5 4.15243E-5 5.68881E-5 1.07584E-4 1.35796E-4 8.86528E-5 1.0905E-4 1.64656E-4 5.93641E-5 1.7094E-4 1.00117E-3 1.25046E-3 6.58957E-4 1.03151E-3 7.62614E-4 2.27972E-3 1.78237E-3 1.77642E-3 3.58239E-3 9.43155E-3 1.54436E-2 8.54393E-3 1.46803E-3 3.45961E-4 7.14293E-5 1.32821E-4 1.34887E-4 1.11651E-4 6.6354E-5 7.31352E-5 6.93767E-5 7.25779E-5 1.51709E-4 1.44916E-4 1.47881E-4 1.30014E-4 5.40836E-5 6.80415E-5 5.37113E-5 1.29475E-4 1.96575E-4 1.66694E-4 2.2199E-4 1.58287E-4 5.42508E-4 5.98795E-4 9.36217E-4 1.42287E-3 4.45061E-3 7.77148E-3 -9999 -9999 -9999 3.32996E-2 2.64983E-2 6.73691E-2 -9999 -9999 -9999 -9999 -9999
1.66148E-4 8.49225E-5 4.83521E-5 5.55909E-5 3.89612E-5 2.50881E-5 9.27292E-5 1.05748E-4 1.09185E-4 6.08969E-5 8.07651E-5 1.04245E-4 6.97975E-5 1.31403E-4 8.12506E-5 7.4571E-5 6.70562E-5 2.4904E-4 5.88725E-4 1.31059E-4 2.27077E-4 1.67194E-4 2.36554E-4 2.42747E-4 6.22311E-4 3.45236E-3 7.68744E-3 1.61926E-2 6.1656E-3 2.49117E-4 4.15472E-5 1.60377E-4 7.45388E-5 7.04035E-5 6.14053E-5 7.63772E-5 8.92087E-5 8.21074E-5 1.11349E-4 1.39182E-4 1.00184E-4 6.73685E-5 5.98695E-5 1.69825E-4 8.43446E-5 8.98697E-5 7.59426E-5 1.84075E-4 2.63601E-4 3.23073E-4 5.66343E-4 4.55935E-4 1.43868E-3 2.83413E-3 1.81183E-3 6.02325E-3 2.10047E-2 3.21974E-2 -9999 -9999 9.24972E-3 1.10113E-2 -9999 -9999 -9999 -9999 -9999 -9999
2.81757E-4 1.54688E-4 2.14312E-4 9.9243E-5 7.59434E-5 1.62868E-5 8.87392E-5 8.25539E-5 9.50944E-5 7.75673E-5 6.25543E-5 3.65096E-5 4.33967E-5 1.10661E-4 1.45617E-4 1.76165E-4 1.91419E-4 1.6345E-4 7.32386E-5 5.19456E-5 2.72484E-5 2.52549E-5 4.07169E-5 5.50797E-5 8.69782E-5 1.6577E-3 8.46701E-3 1.26077E-2 3.55965E-3 1.49644E-4 3.5673E-5 1.40945E-4 7.36334E-5 1.08301E-4 1.65869E-4 8.72268E-5 9.46683E-5 6.36622E-5 8.56036E-5 1.2144E-4 1.01321E-4 5.02589E-5 5.18711E-5 7.79454E-5 9.73867E-5 9.53981E-5 2.05097E-4 6.09478E-4 6.24912E-4 1.09524E-3 4.67552E-4 9.06076E-4 1.02852E-3 3.53629E-3 3.56106E-3 8.13849E-3 2.82313E-2 5.91651E-2 -9999 -9999 1.16872E-2 3.23317E-2 -9999 -9999 -9999 -9999 -9999 -9999
1.35285E-4 1.60523E-4 2.08149E-4 1.19937E-4 1.07607E-4 2.48581E-5 4.39554E-5 9.16678E-5 1.13077E-4 8.45977E-5 9.16942E-5 4.57718E-5 8.20892E-5 5.25513E-5 4.87395E-5 4.10533E-4 1.19614E-4 6.83546E-5 1.94496E-5 3.00114E-5 5.00235E-5 5.5982E-5 4.43083E-5 4.9156E-5 8.98585E-5 1.72002E-3 1.02573E-2 1.3683E-2 3.84587E-3 3.40629E-4 1.56385E-4 2.81867E-5 2.27423E-4 7.22315E-5 6.52045E-5 1.14669E-4 1.14239E-4 5.85655E-5 8.46219E-5 1.04519E-4 7.72385E-5 4.69963E-5 4.73682E-5 6.72322E-5 1.84633E-4 1.86565E-4 1.75025E-4 2.99666E-4 1.87741E-3 2.27305E-3 1.91866E-3 1.34192E-3 2.44098E-3 6.90235E-3 2.97033E-3 6.61819E-3 2.94939E-2 -9999 -9999 -9999 6.51728E-3 -9999 -9999 -9999 -9999 -9999 -9999 -9999
9.57179E-5 2.11666E-4 1.6073E-4 1.35423E-4 8.79675E-5 2.85729E-5 5.49938E-5 5.42302E-5 8.70546E-5 9.83843E-5 4.77722E-5 3.03332E-5 3.32472E-5 3.23355E-5 1.15211E-4 2.20597E-4 9.15068E-5 7.77215E-5 2.94344E-5 7.59433E-5 7.11637E-5 1.02413E-4 4.8647E-5 7.39222E-5 7.52547E-5 6.94052E-4 5.00939E-3 1.298E-2 7.26974E-3 3.36287E-3 3.00759E-3 3.62817E-4 5.32493E-5 2.19259E-4 1.27426E-4 1.16194E-4 1.02646E-4 1.03093E-4 1.83813E-4 5.10222E-5 7.72046E-5 7.35424E-5 1.05765E-4 1.08852E-4 9.01806E-4 2.26086E-3 2.39507E-3 4.88329E-4 2.33494E-3 2.90676E-3 2.98808E-3 3.36338E-3 6.24503E-3 1.25905E-2 1.49225E-2 2.03328E-2 3.14693E-2 -9999 -9999 1.03874E-2 2.6887E-2 -9999 -9999 -9999 -9999 -9999 -9999 -9999
1.8533E-4 4.85755E-4 1.32022E-4 1.37126E-4 8.53017E-5 8.03541E-5 3.63004E-5 6.16963E-5 6.64702E-5 1.53152E-4 1.54562E-4 1.10822E-4 3.07975E-5 2.52076E-5 9.62817E-5 7.71958E-5 9.22722E-5 9.30459E-5 4.61211E-5 9.37398E-5 1.21978E-4 2.88495E-5 3.44363E-5 9.78893E-5 3.04644E-4 9.72709E-4 9.64699E-3 1.05711E-2 3.12333E-3 2.98479E-4 3.1486E-4 3.28001E-4 4.63422E-5 7.05061E-5 6.65954E-5 6.06094E-5 9.81133E-5 1.52215E-5 5.30574E-5 1.32703E-4 7.74462E-5 3.26093E-4 2.5292E-4 1.98173E-4 6.37658E-4 2.60873E-3 3.00688E-3 3.76294E-3 3.07783E-3 5.43595E-3 1.40182E-2 8.8624E-3 8.36049E-3 7.41457E-3 7.95963E-3 6.15284E-3 2.67606E-2 -9999 -9999 2.18594E-2 -9999 -9999 -9999 -9999 -9999 -9999 -9999 -9999
3.34637E-4 6.26296E-4 2.03846E-4 2.77806E-4 9.57891E-5 6.73843E-5 3.99283E-5 7.78902E-5 8.97479E-5 9.66673E-5 1.63496E-4 1.48229E-4 9.25025E-5 1.38039E-4 5.2883E-5 3.35515E-5 3.07367E-5 3.92947E-5 2.01372E-5 1.22722E-4 8.02195E-5 8.93358E-5 3.19127E-5 9.61494E-5 5.79974E-4 3.91403E-3 9.97054E-3 4.68761E-3 8.46643E-4 1.39903E-4 1.04532E-4 3.30925E-5 2.76094E-5 3.79053E-5 7.21169E-5 1.04384E-4 1.19782E-4 1.24247E-4 4.10717E-5 4.73214E-5 1.82749E-4 5.08265E-4 1.33456E-4 1.42733E-3 6.66571E-4 9.29788E-4 3.76218E-3 3.98695E-3 4.52863E-3 4.48262E-3 2.0841E-2 9.62841E-3 1.77889E-2 2.15531E-2 9.20618E-3 1.67789E-2 -9999 -9999 -9999 -9999 -9999 -9999 -9999 -9999 -9999 -9999 -9999 -9999
4.63466E-4 6.35766E-4 4.14651E-4 5.04871E-4 1.76707E-4 7.92421E-5 3.99554E-5 2.37041E-5 3.03023E-5 7.38639E-5 1.30843E-4 8.75995E-5 9.60537E-5 1.40236E-4 1.35625E-4 7.02834E-5 6.46439E-5 3.23358E-5 3.92545E-5 1.14709E-4 7.45288E-5 9.36483E-5 1.41943E-4 1.37863E-4 1.02604E-3 7.27037E-3 5.67295E-3 1.88801E-3 6.04917E-4 1.12188E-4 1.66014E-4 8.24221E-5 9.42845E-5 8.55099E-5 9.7137E-5 1.16096E-4 9.29356E-5 1.17404E-4 1.39527E-4 3.88477E-5 1.65315E-4 1.32779E-4 1.1378E-4 7.14991E-4 3.33487E-3 9.58761E-4 4.8762E-3 7.20329E-3 2.79401E-3 5.23574E-3 1.00159E-2 1.11301E-2 2.77368E-2 -9999 -9999 3.30801E-2 -9999 -9999 -9999 -9999 -9999 -9999 -9999 -9999 -9999 -9999 -9999 -9999
5.61727E-4 1.23721E-3 9.27329E-4 3.31911E-4 1.83015E-4 1.44705E-4 1.13724E-4 4.50387E-5 7.8754E-5 8.41283E-5 7.31971E-5 6.16085E-5 5.44897E-5 9.62786E-5 1.70922E-4 9.23279E-5 9.19597E-5 4.14022E-5 3.61872E-5 4.70332E-5 4.40214E-5 7.59155E-5 1.11639E-3 1.9239E-3 3.35863E-3 2.18282E-3 1.50001E-3 3.93765E-3 2.31529E-3 1.36875E-4 1.41543E-4 8.66877E-5 1.24584E-4 9.68313E-5 1.14106E-4 9.66699E-5 7.67356E-5 2.41636E-5 1.8937E-5 1.74028E-4 8.9496E-4 1.04609E-3 3.41484E-4 1.5871E-4 2.16677E-3 6.77588E-3 7.13349E-3 1.59252E-2 2.17189E-2 2.7726E-2 -9999 1.78507E-2 3.80512E-2 -9999 -9999 6.25833E-2 -9999 -9999 -9999 -9999 -9999 -9999 -9999 -9999 -9999 -9999 -9999 -9999
9.36117E-4 1.49162E-3 1.65398E-3 6.52909E-4 4.55892E-4 3.08368E-4 1.33973E-4 5.27028E-5 5.60666E-5 6.93355E-5 3.45883E-5 3.953E-5 5.68508E-5 7.04852E-5 1.95918E-4 1.64408E-4 4.46252E-5 4.38704E-5 2.37038E-5 1.64101E-5 6.56375E-5 3.14436E-4 1.15018E-3 8.05595E-4 2.74241E-3 6.5449E-4 4.4193E-4 2.09148E-3 1.53103E-3 4.06427E-4 3.59604E-5 5.21394E-5 6.71785E-5 7.94518E-5 1.21741E-4 6.92954E-5 4.91362E-5 4.7091E-5 9.50541E-5 4.11415E-4 7.36644E-4 6.31677E-4 3.00945E-3 3.37773E-3 6.05711E-3 1.54701E-2 2.01312E-2 2.52897E-2 3.19139E-2 -9999 -9999 -9999 5.43408E-2 -9999 -9999 -9999 -9999 -9999 -9999 -9999 -9999 -9999 -9999 -9999 -9999 -9999 -9999 -9999
2.45189E-3 1.81101E-3 1.18613E-3 3.00656E-3 7.98665E-4 4.89864E-4 1.36785E-4 4.61739E-5 8.73641E-5 3.79255E-5 5.41261E-5 5.18857E-5 3.68573E-5 8.88931E-5 7.89324E-5 3.24962E-5 5.38243E-5 4.47138E-5 2.6319E-5 6.68735E-5 2.14773E-4 4.62843E-4 3.86774E-4 2.92423E-4 1.67921E-3 4.24634E-4 1.81121E-4 1.04541E-3 1.53526E-3 3.93741E-4 9.5037E-5 4.69736E-5 6.9626E-5 1.10674E-4 1.62957E-4 9.69782E-5 5.14118E-5 1.17248E-5 1.04401E-4 3.74195E-4 1.6567E-4 1.6108E-4 7.48728E-4 1.27511E-3 3.05671E-3 6.5879E-3 -9999 -9999 -9999 -9999 -9999 3.10333E-2 4.14363E-2 -9999 -9999 -9999 -9999 -9999 -9999 -9999 -9999 -9999 -9999 -9999 -9999 -9999 -9999 -9999
2.54874E-3 7.46167E-3 2.08901E-3 1.10775E-3 1.78085E-3 1.21592E-3 5.31468E-4 9.87569E-5 6.12313E-5 4.98715E-5 9.87419E-5 9.27116E-5 3.61429E-5 8.17399E-5 4.49759E-5 2.90995E-5 3.18619E-5 5.76749E-5 5.14426E-5 9.85932E-5 2.41701E-4 2.40732E-4 1.30513E-4 2.02757E-4 6.30722E-4 3.03318E-4 1.79539E-4 4.05804E-4 1.27188E-3 3.66341E-4 1.61042E-4 3.71749E-5 3.57945E-5 8.5219E-5 1.5379E-4 6.58939E-5 5.077E-5 2.19154E-5 1.0853E-4 2.67027E-4 7.3702E-5 1.08339E-4 1.34114E-4 4.38468E-4 2.69181E-3 -9999 -9999 -9999 -9999 -9999 -9999 3.55543E-2 3.41922E-2 3.78053E-2 -9999 -9999 -9999 -9999 -9999 -9999 -9999 -9999 -9999 -9999 -9999 -9999 -9999 -9999
9.07326E-4 3.20035E-3 2.79519E-3 8.79788E-4 5.72722E-4 1.05601E-3 7.98441E-4 3.89807E-4 1.27729E-4 2.11005E-4 7.54182E-5 4.06893E-5 4.70763E-5 6.91578E-5 9.91871E-5 6.7517E-5 4.84262E-5 8.46308E-5 2.22747E-5 9.92347E-5 1.21792E-4 4.17375E-5 6.1696E-5 1.39988E-4 3.12174E-4 7.60168E-5 2.93645E-5 1.41348E-4 3.32673E-4 1.38223E-4 6.58981E-5 2.52979E-5 4.44725E-5 6.56568E-5 1.26825E-4 5.34727E-5 3.70754E-5 8.69302E-6 1.09195E-4 7.27556E-5 7.85206E-5 1.21519E-4 3.36399E-4 3.41487E-3 8.26639E-3 2.2521E-2 2.57615E-2 -9999 -9999 -9999 -9999 4.21463E-2 3.21608E-2 4.58501E-2 -9999 -9999 -9999 -9999 -9999 -9999 -9999 -9999 -9999 -9999 -9999 4.10923E-2 -9999 -9999
8.06394E-4 4.78381E-3 4.81127E-3 2.36602E-3 3.50485E-4 4.32111E-4 2.50032E-4 2.4945E-4 6.23792E-5 4.58254E-4 1.47927E-4 5.50521E-5 2.87322E-5 6.11802E-5 4.69214E-5 3.52462E-5 3.88379E-5 9.14778E-5 7.52123E-5 1.3448E-5 6.583E-5 4.38881E-5 1.31419E-5 1.59142E-5 3.02639E-5 8.7826E-5 1.04014E-4 4.08212E-5 3.79879E-4 1.06946E-4 1.84125E-5 4.45025E-5 7.22494E-5 9.35133E-5 1.3777E-4 1.00913E-4 4.89456E-5 3.11796E-5 2.15852E-5 3.99165E-5 4.82807E-5 1.41592E-4 7.57726E-4 4.10284E-3 1.47565E-2 2.39517E-2 1.97587E-2 -9999 -9999 -9999 -9999 -9999 -9999 -9999 -9999 -9999 -9999 -9999 -9999 -9999 -9999 -9999 -9999 3.14627E-2 2.57636E-2 2.17325E-2 -9999 -9999
5.40271E-4 9.8508E-3 5.2843E-3 2.73523E-3 1.77804E-3 1.27965E-3 5.8901E-4 2.8274E-4 7.0276E-5 7.35029E-5 1.58256E-4 1.11003E-4 8.87636E-5 5.71874E-5 9.63623E-5 5.1055E-5 1.31737E-5 6.34055E-5 2.30492E-5 4.21872E-5 5.80652E-5 4.42018E-5 3.4981E-5 3.72096E-5 3.33428E-5 4.97353E-5 9.02795E-5 8.94668E-5 2.33096E-5 7.08823E-5 1.81305E-5 2.04956E-5 7.14308E-5 1.44416E-4 1.38132E-4 5.06907E-5 4.89638E-5 4.16888E-5 1.0834E-4 1.52738E-4 2.79713E-4 5.35949E-4 8.0872E-4 4.23129E-3 1.80794E-2 -9999 -9999 -9999 -9999 -9999 -9999 -9999 -9999 -9999 -9999 -9999 -9999 -9999 -9999 -9999 -9999 -9999 -9999 2.4447E-2 1.96257E-2 2.69346E-2 -9999 -9999
1.01944E-3 1.12206E-2 5.21058E-3 2.55219E-3 6.75585E-4 7.04689E-4 1.57156E-3 4.2363E-4 2.94362E-5 5.19721E-5 1.50289E-4 9.46339E-5 8.59739E-5 9.18267E-5 5.97208E-5 4.07772E-5 2.61932E-5 7.30711E-5 4.70376E-5 2.37644E-5 9.80663E-5 4.77367E-5 5.02309E-5 3.26485E-5 5.23445E-5 8.30872E-5 5.97483E-5 8.29082E-5 3.90943E-5 3.21427E-5 3.13144E-5 2.67894E-5 2.964E-5 1.35985E-4 9.95368E-5 3.85652E-5 2.66259E-5 5.20532E-5 9.55191E-5 3.17419E-4 6.50239E-4 1.64398E-3 2.26939E-3 7.67909E-3 1.66129E-2 7.96794E-3 -9999 -9999 -9999 -9999 -9999 -9999 -9999 -9999 -9999 -9999 -9999 -9999 -9999 -9999 -9999 -9999 -9999 -9999 2.33509E-2 3.07298E-2 -9999 -9999
1.57414E-2 2.22028E-2 6.4594E-3 1.60856E-3 1.61271E-3 1.12694E-3 1.08767E-4 1.09991E-4 1.06103E-4 1.12703E-4 3.90135E-4 1.54338E-4 4.32786E-5 6.76641E-5 1.58076E-4 4.47375E-5 6.0641E-5 4.9045E-5 2.10095E-5 4.02383E-5 4.86637E-5 6.47291E-5 3.52104E-5 4.2631E-5 6.26859E-5 1.14737E-4 1.22099E-4 8.93923E-5 6.7386E-5 1.94739E-5 3.43793E-5 7.94714E-5 1.24155E-4 1.05853E-4 6.84749E-5 2.34773E-5 3.39984E-5 4.19853E-5 7.24415E-5 1.60857E-4 5.04186E-4 1.6154E-3 6.26997E-3 1.14826E-2 -9999 1.07724E-2 -9999 -9999 -9999 -9999 -9999 -9999 -9999 -9999 -9999 -9999 -9999 -9999 -9999 -9999 -9999 -9999 -9999 -9999 1.51257E-2 1.84628E-2 1.67231E-2 1.78536E-2
