ENM/Final_Models/M_1_F_qp_Set_1_EC/Gustavia_santanderiensis_9_Choco.asc
ncols         367
nrows         963
xllcorner     -78.6
yllcorner     0.65
cellsize      0.00833333333333323
NODATA_value  -9999
[rows 384 to 415 of 963, columns 144 to 215 of 367]
9.99491E-1 9.97408E-1 9.87277E-1 9.94116E-1 9.84291E-1 9.99599E-1 9.99924E-1 9.99996E-1 5.45857E-1 2.52264E-1 7.53802E-1 9.95115E-1 9.31792E-1 9.96832E-1 9.55376E-1 9.38123E-1 6.86998E-1 7.83852E-1 8.26776E-1 8.08769E-1 3.03121E-1 1.94137E-1 1.42918E-1 6.08466E-2 9.09278E-2 2.02867E-1 5.58359E-1 4.58391E-1 9.8832E-1 9.99998E-1 1E0 9.99977E-1 9.9995E-1 9.9994E-1 9.99484E-1 9.99027E-1 9.99981E-1 9.99989E-1 9.99916E-1 9.99637E-1 9.99969E-1 9.99999E-1 9.9991E-1 9.991E-1 9.94752E-1 9.99999E-1 9.9984E-1 9.99942E-1 9.99947E-1 9.99977E-1 9.89929E-1 9.99898E-1 9.99998E-1 1E0 9.99978E-1 1E0 1E0 1E0 1E0 9.99998E-1 1E0 9.9999E-1 1E0 1E0 1E0 1E0 1E0 1E0 1E0 1E0 1E0 1E0
9.63965E-1 9.76686E-1 9.65222E-1 9.97887E-1 9.99977E-1 9.99329E-1 9.99796E-1 9.90081E-1 8.12656E-1 3.40443E-1 6.41002E-1 9.14225E-1 9.94431E-1 9.38151E-1 6.24695E-1 3.54342E-1 3.52333E-1 3.9482E-1 6.34477E-1 3.14739E-1 4.87162E-2 4.37649E-2 1.03194E-2 2.30167E-2 1.39706E-1 1.60846E-1 1.82607E-1 8.17647E-1 9.94353E-1 9.99939E-1 9.99999E-1 9.99942E-1 9.99902E-1 9.98022E-1 9.91116E-1 9.76578E-1 9.98777E-1 9.85833E-1 9.98214E-1 9.99826E-1 9.99863E-1 9.99976E-1 9.99681E-1 9.92986E-1 9.96247E-1 9.98855E-1 9.99887E-1 9.99986E-1 9.99487E-1 9.99798E-1 9.98145E-1 9.99925E-1 1E0 1E0 9.99999E-1 1E0 1E0 1E0 1E0 1E0 1E0 9.99996E-1 1E0 9.99998E-1 1E0 1E0 1E0 1E0 1E0 1E0 1E0 1E0
5.73683E-1 6.60884E-1 9.00259E-1 9.40239E-1 9.8693E-1 9.99999E-1 9.91913E-1 8.06349E-1 3.90738E-1 2.39606E-1 5.22633E-1 9.18274E-1 9.88229E-1 8.95018E-1 4.24241E-1 9.86082E-2 8.49636E-2 1.67584E-1 1.5413E-1 1.41312E-1 1.71925E-2 1.07967E-2 1.11451E-2 1.89403E-2 1.14329E-1 4.03329E-1 7.09752E-1 9.71739E-1 9.98596E-1 9.99445E-1 9.99996E-1 9.99765E-1 9.96831E-1 9.92825E-1 9.70729E-1 9.91742E-1 9.96863E-1 9.98737E-1 9.99972E-1 1E0 1E0 1E0 9.99874E-1 9.87945E-1 9.93205E-1 9.96674E-1 9.994E-1 9.99867E-1 9.99033E-1 9.96138E-1 9.99675E-1 9.98796E-1 1E0 1E0 1E0 1E0 1E0 1E0 1E0 1E0 1E0 1E0 1E0 1E0 1E0 1E0 1E0 1E0 1E0 1E0 1E0 1E0
-9999 -9999 5.02776E-1 8.85899E-1 9.29624E-1 1E0 9.88496E-1 4.91507E-1 1.98932E-1 3.62668E-2 5.70214E-1 9.98382E-1 9.93065E-1 9.63582E-1 3.84977E-1 1.0522E-1 1.86032E-2 6.27823E-2 5.71758E-2 5.44479E-2 6.59857E-3 3.10059E-3 2.76808E-2 2.10294E-2 1.63467E-1 5.87849E-1 7.74314E-1 9.83596E-1 9.97806E-1 9.96132E-1 9.99998E-1 9.99557E-1 9.94524E-1 9.61813E-1 9.64897E-1 9.89537E-1 9.99937E-1 9.99951E-1 9.99992E-1 1E0 1E0 9.99993E-1 9.99079E-1 9.99818E-1 9.93294E-1 9.96997E-1 9.99077E-1 9.99817E-1 9.99987E-1 9.98872E-1 9.99854E-1 9.99966E-1 9.99997E-1 1E0 1E0 1E0 1E0 1E0 1E0 1E0 1E0 1E0 1E0 1E0 1E0 1E0 1E0 1E0 1E0 1E0 1E0 1E0
-9999 8.12866E-1 7.46036E-1 7.94283E-1 9.69335E-1 9.98277E-1 9.89041E-1 9.08006E-1 2.64728E-1 1.12616E-1 5.37862E-1 9.98328E-1 9.99217E-1 9.92246E-1 3.00082E-1 9.07543E-2 4.71177E-2 4.11988E-2 2.62339E-2 1.63397E-2 6.06782E-3 4.40242E-3 7.28817E-3 5.46009E-2 1.67324E-1 7.79924E-1 9.1904E-1 9.99643E-1 9.99918E-1 9.99156E-1 9.98381E-1 9.73643E-1 9.72704E-1 9.22276E-1 9.2619E-1 9.98014E-1 9.9871E-1 9.99434E-1 9.99961E-1 9.99996E-1 1E0 1E0 9.99197E-1 9.99461E-1 9.76007E-1 9.98549E-1 9.99942E-1 9.989E-1 9.99938E-1 1E0 1E0 1E0 1E0 1E0 1E0 1E0 1E0 1E0 1E0 1E0 1E0 1E0 1E0 1E0 1E0 1E0 1E0 1E0 1E0 1E0 1E0 1E0
-9999 -9999 9.00355E-1 7.27011E-1 8.1142E-1 8.74659E-1 4.28629E-1 6.06041E-1 1.85259E-1 2.40091E-1 7.31124E-1 9.77607E-1 9.92106E-1 9.54977E-1 4.37141E-1 4.50818E-2 2.00332E-2 1.18305E-2 1.76642E-2 9.61307E-3 6.10214E-3 4.21112E-3 6.21367E-3 3.72936E-2 5.32419E-2 3.74668E-1 7.59168E-1 9.99993E-1 1E0 9.99983E-1 9.96746E-1 9.96237E-1 9.82433E-1 9.81495E-1 9.74546E-1 9.96132E-1 9.99097E-1 9.99536E-1 9.99698E-1 9.99917E-1 9.99799E-1 9.99532E-1 9.99471E-1 9.99331E-1 9.97196E-1 9.99192E-1 9.99747E-1 9.99991E-1 9.99954E-1 1E0 1E0 1E0 1E0 1E0 1E0 1E0 1E0 1E0 1E0 1E0 1E0 1E0 1E0 1E0 1E0 1E0 1E0 1E0 1E0 1E0 1E0 1E0
-9999 -9999 7.55602E-1 9.63051E-1 8.61432E-1 8.97067E-1 3.78789E-1 2.75784E-1 2.21467E-1 3.05748E-1 6.96606E-1 9.77406E-1 9.5985E-1 9.44033E-1 6.11183E-1 1.91965E-1 4.79378E-2 2.22319E-2 5.93502E-3 8.2796E-3 1.52814E-2 3.14714E-2 6.97052E-3 1.27173E-2 6.02723E-2 1.31369E-1 2.15657E-1 9.98511E-1 9.99997E-1 9.99628E-1 9.99082E-1 9.43046E-1 9.79391E-1 9.60781E-1 9.9316E-1 9.95557E-1 9.9702E-1 9.99937E-1 9.98352E-1 9.994E-1 9.99969E-1 9.99969E-1 9.99088E-1 9.99952E-1 9.92726E-1 9.97981E-1 9.9997E-1 1E0 1E0 1E0 1E0 9.99999E-1 1E0 1E0 1E0 1E0 1E0 1E0 1E0 1E0 1E0 1E0 1E0 1E0 1E0 1E0 1E0 1E0 1E0 1E0 1E0 1E0
-9999 -9999 -9999 9.91818E-1 9.98145E-1 9.78563E-1 6.62346E-1 4.75587E-1 4.46517E-1 4.90573E-1 4.98992E-1 7.95585E-1 9.94728E-1 9.73011E-1 9.90144E-1 3.92145E-1 1.22835E-1 2.67428E-2 7.07858E-3 6.95759E-3 3.86244E-3 3.16228E-2 1.05486E-2 9.9572E-3 2.32901E-2 4.18306E-1 6.12431E-1 9.99592E-1 9.99999E-1 9.99708E-1 9.99073E-1 9.74153E-1 9.63301E-1 9.32901E-1 9.67553E-1 9.97255E-1 9.85715E-1 9.99344E-1 9.99753E-1 9.99764E-1 9.93615E-1 9.92063E-1 9.98556E-1 9.97858E-1 9.99993E-1 1E0 1E0 1E0 1E0 1E0 1E0 1E0 1E0 1E0 1E0 1E0 1E0 1E0 1E0 1E0 1E0 1E0 1E0 1E0 1E0 1E0 1E0 1E0 1E0 1E0 1E0 1E0
-9999 -9999 -9999 8.36663E-1 9.11809E-1 7.03783E-1 9.23301E-1 9.25925E-1 6.01991E-1 8.39766E-1 8.01086E-1 8.83878E-1 9.79032E-1 9.88309E-1 9.71602E-1 7.71075E-1 3.73897E-1 2.71211E-2 6.85554E-3 1.33673E-2 1.62952E-2 7.72715E-2 1.69759E-1 1.83725E-1 3.81158E-1 9.78744E-1 9.98707E-1 1E0 9.99923E-1 9.99029E-1 9.99205E-1 9.48256E-1 9.53324E-1 9.636E-1 9.99941E-1 9.99846E-1 9.99769E-1 9.99825E-1 9.99825E-1 9.99582E-1 9.99157E-1 9.90707E-1 9.98815E-1 9.9996E-1 9.99999E-1 1E0 1E0 1E0 1E0 1E0 1E0 1E0 1E0 1E0 1E0 1E0 1E0 1E0 1E0 1E0 1E0 1E0 9.99998E-1 1E0 1E0 1E0 1E0 1E0 1E0 1E0 1E0 1E0
-9999 -9999 -9999 -9999 -9999 6.4633E-1 7.25234E-1 8.99599E-1 5.08582E-1 9.32368E-1 9.87493E-1 9.4341E-1 9.15603E-1 7.34565E-1 9.6331E-1 6.91648E-1 1.20126E-1 2.10515E-2 1.60993E-2 4.15275E-2 5.38426E-2 8.71016E-2 3.99177E-1 3.50826E-1 7.52397E-1 9.99755E-1 1E0 1E0 9.9987E-1 9.89649E-1 9.92033E-1 9.91404E-1 9.94133E-1 9.914E-1 9.99999E-1 9.99985E-1 9.99945E-1 9.8548E-1 9.97832E-1 9.99913E-1 9.99983E-1 9.93929E-1 9.94872E-1 9.98017E-1 9.99949E-1 1E0 1E0 1E0 1E0 1E0 1E0 1E0 1E0 1E0 1E0 1E0 1E0 1E0 1E0 1E0 1E0 1E0 1E0 1E0 1E0 1E0 1E0 1E0 1E0 1E0 1E0 1E0
-9999 -9999 -9999 -9999 -9999 -9999 9.88884E-1 9.28848E-1 8.52256E-1 9.88892E-1 9.91742E-1 8.53839E-1 7.74494E-1 6.73985E-1 2.89632E-1 9.67442E-1 5.59883E-1 1.44088E-1 8.36827E-2 9.1296E-2 8.55651E-2 2.35291E-1 4.3839E-1 7.72218E-1 9.92763E-1 9.9997E-1 9.99999E-1 1E0 9.99996E-1 9.97263E-1 9.90733E-1 9.90941E-1 9.53742E-1 9.92803E-1 9.83966E-1 9.99385E-1 9.99995E-1 9.99073E-1 9.99947E-1 9.99992E-1 9.99019E-1 9.99371E-1 9.99339E-1 9.99969E-1 1E0 9.99999E-1 1E0 1E0 1E0 1E0 1E0 1E0 1E0 1E0 1E0 1E0 1E0 1E0 1E0 1E0 1E0 1E0 1E0 1E0 1E0 1E0 1E0 1E0 1E0 9.99965E-1 1E0 1E0
-9999 -9999 -9999 -9999 -9999 -9999 -9999 9.99896E-1 9.99762E-1 9.97861E-1 9.88978E-1 9.51365E-1 7.59168E-1 3.38349E-1 1.91355E-1 3.53232E-1 6.08137E-1 7.62815E-1 3.66302E-1 3.90148E-1 3.38437E-1 2.72475E-1 3.93042E-1 5.19774E-1 8.7957E-1 9.82451E-1 9.99827E-1 9.98077E-1 9.99964E-1 9.96337E-1 9.85024E-1 9.28548E-1 9.19765E-1 9.34315E-1 9.88031E-1 9.88676E-1 9.95363E-1 9.99866E-1 9.9999E-1 9.99993E-1 9.99987E-1 9.99942E-1 9.99952E-1 9.99982E-1 1E0 9.99924E-1 9.99995E-1 9.99988E-1 1E0 9.99724E-1 9.99998E-1 9.99988E-1 9.99994E-1 1E0 1E0 1E0 1E0 1E0 1E0 1E0 1E0 1E0 1E0 1E0 1E0 1E0 1E0 1E0 1E0 1E0 1E0 1E0
-9999 -9999 -9999 -9999 -9999 -9999 -9999 9.99988E-1 9.99996E-1 9.94947E-1 8.86042E-1 9.3995E-1 8.2955E-1 4.23796E-1 1.08958E-1 5.75723E-2 3.0593E-1 4.41835E-1 3.68748E-1 2.71803E-1 2.41724E-1 7.16024E-2 9.45937E-2 2.5238E-1 4.24086E-1 6.34681E-1 9.99299E-1 9.99994E-1 9.99996E-1 9.93789E-1 9.4929E-1 9.58877E-1 9.78853E-1 9.26502E-1 9.50067E-1 8.2333E-1 9.79327E-1 9.98513E-1 9.99956E-1 9.99886E-1 9.99997E-1 1E0 9.99986E-1 1E0 9.99999E-1 9.99991E-1 9.99994E-1 1E0 1E0 1E0 1E0 1E0 1E0 1E0 1E0 1E0 1E0 9.99995E-1 9.99999E-1 1E0 1E0 1E0 1E0 1E0 1E0 1E0 1E0 1E0 1E0 1E0 9.99999E-1 9.99999E-1
-9999 -9999 -9999 -9999 -9999 -9999 -9999 9.98775E-1 9.98258E-1 9.80344E-1 9.88097E-1 9.59928E-1 7.76133E-1 1.45396E-1 4.52912E-2 2.66756E-2 9.32822E-3 5.34099E-2 8.83062E-2 1.43652E-1 1.06774E-1 5.89301E-2 8.23864E-2 2.02861E-1 4.84369E-1 8.15512E-1 9.95699E-1 9.99563E-1 1E0 1E0 9.76597E-1 9.82056E-1 9.5631E-1 9.72355E-1 9.63481E-1 9.96064E-1 9.93614E-1 9.99185E-1 9.99985E-1 1E0 9.99949E-1 9.9994E-1 1E0 9.99907E-1 9.99743E-1 9.99261E-1 9.99117E-1 1E0 1E0 9.99997E-1 1E0 9.99997E-1 9.99998E-1 1E0 1E0 1E0 1E0 9.99998E-1 1E0 1E0 1E0 1E0 1E0 1E0 1E0 1E0 1E0 1E0 1E0 1E0 9.99999E-1 9.99997E-1
-9999 -9999 -9999 -9999 -9999 -9999 -9999 9.99161E-1 9.93827E-1 9.99106E-1 8.06743E-1 8.43704E-1 9.33142E-1 3.4189E-1 3.8729E-1 1.8718E-1 5.86319E-2 1.11621E-1 2.22694E-1 8.84302E-2 1.09103E-1 1.56372E-1 1.23016E-1 1.36427E-1 3.61988E-1 8.01122E-1 9.7108E-1 9.68132E-1 9.99928E-1 9.99982E-1 9.98253E-1 9.65334E-1 9.86122E-1 9.96003E-1 9.9965E-1 9.98237E-1 9.96543E-1 9.97828E-1 9.9975E-1 9.99988E-1 9.9996E-1 9.99992E-1 9.99969E-1 1E0 9.99971E-1 9.99917E-1 9.99934E-1 9.99992E-1 9.99999E-1 1E0 9.99986E-1 1E0 1E0 1E0 1E0 1E0 1E0 9.99999E-1 1E0 1E0 9.99999E-1 1E0 1E0 1E0 1E0 1E0 1E0 1E0 1E0 1E0 1E0 9.99992E-1
-9999 -9999 -9999 -9999 -9999 -9999 -9999 9.99933E-1 9.9853E-1 9.98395E-1 8.77398E-1 8.84091E-1 9.14605E-1 5.10115E-1 4.67098E-1 6.27497E-1 6.93051E-1 3.68855E-1 4.46358E-1 3.81086E-1 2.00154E-1 2.33405E-1 1.16963E-1 9.15818E-2 2.79963E-1 7.36999E-1 9.24159E-1 9.88612E-1 9.99879E-1 9.99997E-1 9.92057E-1 9.94193E-1 9.94962E-1 9.85458E-1 9.97867E-1 9.96485E-1 9.91664E-1 9.99318E-1 9.99941E-1 9.9996E-1 9.99995E-1 9.9998E-1 9.99821E-1 9.99993E-1 9.9999E-1 9.99644E-1 9.98705E-1 9.99802E-1 9.99837E-1 1E0 9.99999E-1 1E0 1E0 1E0 1E0 1E0 1E0 1E0 1E0 1E0 1E0 1E0 1E0 1E0 1E0 1E0 1E0 1E0 1E0 1E0 1E0 9.99971E-1
-9999 -9999 -9999 -9999 -9999 -9999 -9999 9.98146E-1 9.96096E-1 1E0 9.99983E-1 9.8328E-1 9.97391E-1 8.46758E-1 8.88621E-1 9.48739E-1 8.45805E-1 5.76306E-1 4.75234E-1 3.35788E-1 2.1754E-1 2.3203E-1 8.68246E-2 3.91706E-2 1.65332E-1 7.17052E-1 9.99527E-1 1E0 9.99995E-1 9.99997E-1 9.84691E-1 9.90261E-1 9.99346E-1 9.77988E-1 9.99326E-1 9.99973E-1 9.98254E-1 9.99669E-1 9.99661E-1 9.99986E-1 9.99996E-1 9.99995E-1 1E0 1E0 9.9999E-1 9.9865E-1 9.99476E-1 9.99932E-1 9.99425E-1 1E0 1E0 1E0 1E0 1E0 1E0 1E0 1E0 1E0 1E0 1E0 1E0 1E0 1E0 1E0 1E0 1E0 1E0 1E0 1E0 1E0 1E0 9.9988E-1
-9999 -9999 -9999 -9999 -9999 -9999 -9999 1E0 1E0 1E0 9.99989E-1 9.98913E-1 9.79875E-1 9.83455E-1 9.99005E-1 9.93997E-1 8.43431E-1 3.94152E-1 2.16904E-1 3.80362E-1 2.17664E-1 1.23024E-1 7.71416E-2 2.95765E-2 8.69273E-2 6.31316E-1 9.99978E-1 9.99254E-1 9.99748E-1 9.99284E-1 9.90514E-1 9.96932E-1 9.94884E-1 9.96179E-1 9.9331E-1 9.98116E-1 9.99601E-1 9.9952E-1 9.9981E-1 1E0 9.99992E-1 9.99987E-1 1E0 1E0 9.99988E-1 9.99993E-1 9.99775E-1 9.99999E-1 9.99998E-1 9.99303E-1 9.99999E-1 1E0 1E0 1E0 1E0 1E0 1E0 1E0 1E0 1E0 1E0 1E0 1E0 1E0 1E0 1E0 1E0 1E0 9.99999E-1 9.99977E-1 9.99897E-1 9.99797E-1
-9999 -9999 -9999 -9999 -9999 -9999 -9999 9.99999E-1 9.99996E-1 1E0 9.97302E-1 9.94749E-1 8.73071E-1 9.77107E-1 9.9154E-1 9.84534E-1 9.89482E-1 2.78443E-1 7.8455E-2 8.01717E-2 6.99381E-2 1.04087E-1 3.70587E-2 7.53237E-2 2.43149E-1 7.3144E-1 9.76209E-1 9.63344E-1 9.99298E-1 9.99786E-1 9.99524E-1 9.90259E-1 9.898E-1 9.9978E-1 9.99844E-1 9.99999E-1 9.99433E-1 9.97666E-1 9.99985E-1 9.99285E-1 9.99999E-1 1E0 1E0 1E0 9.99635E-1 9.99994E-1 9.99999E-1 9.99998E-1 1E0 9.99592E-1 1E0 1E0 1E0 1E0 1E0 1E0 1E0 1E0 1E0 1E0 1E0 1E0 1E0 1E0 1E0 1E0 1E0 1E0 1E0 1E0 1E0 9.8945E-1
-9999 -9999 -9999 -9999 -9999 -9999 -9999 9.99533E-1 9.99704E-1 9.99816E-1 9.92763E-1 9.99842E-1 8.62754E-1 9.27084E-1 6.14265E-1 8.73299E-1 9.35398E-1 2.19373E-1 6.63766E-2 1.40872E-2 1.01017E-2 1.94565E-2 1.50466E-2 2.72934E-2 2.88109E-1 8.24036E-1 9.64326E-1 9.97715E-1 9.92055E-1 9.99784E-1 9.7734E-1 9.99705E-1 9.99974E-1 9.98163E-1 9.98798E-1 9.99211E-1 9.99312E-1 9.98131E-1 9.99998E-1 9.999E-1 9.99354E-1 9.9993E-1 9.99999E-1 9.99783E-1 9.95324E-1 9.99946E-1 9.99999E-1 9.99989E-1 9.99509E-1 9.99887E-1 1E0 1E0 1E0 1E0 1E0 1E0 1E0 1E0 1E0 1E0 1E0 1E0 1E0 1E0 1E0 1E0 1E0 1E0 1E0 9.99992E-1 9.99999E-1 9.9999E-1
-9999 -9999 -9999 -9999 -9999 -9999 -9999 9.99198E-1 1E0 9.98172E-1 9.99156E-1 9.98519E-1 9.35122E-1 9.61113E-1 5.53059E-1 6.13455E-1 6.07839E-1 2.12358E-1 1.07062E-1 3.03236E-2 1.38562E-2 2.6531E-2 1.88212E-2 3.2299E-2 2.04259E-1 8.37392E-1 9.98645E-1 9.97452E-1 9.95201E-1 9.99703E-1 9.97145E-1 9.99879E-1 9.99929E-1 9.99936E-1 9.99661E-1 9.9836E-1 9.99957E-1 9.99046E-1 9.9933E-1 9.99878E-1 9.99858E-1 9.99943E-1 9.99916E-1 9.98158E-1 9.98652E-1 1E0 9.99963E-1 9.99996E-1 9.98502E-1 9.99584E-1 9.99992E-1 1E0 1E0 1E0 1E0 1E0 1E0 1E0 1E0 1E0 1E0 1E0 1E0 1E0 1E0 1E0 1E0 1E0 9.99997E-1 9.99987E-1 9.99884E-1 9.99925E-1
-9999 -9999 -9999 -9999 -9999 -9999 -9999 9.99955E-1 9.99932E-1 9.99992E-1 9.98956E-1 9.99813E-1 1E0 9.8893E-1 7.09672E-1 6.22526E-1 6.54096E-1 2.27173E-1 8.08343E-2 4.7014E-2 2.46166E-2 2.43617E-2 1.67134E-2 5.20735E-2 2.99703E-1 9.56486E-1 9.97629E-1 9.85924E-1 9.9644E-1 9.97575E-1 9.98879E-1 9.98191E-1 9.98392E-1 9.98861E-1 9.96906E-1 9.98613E-1 9.99561E-1 9.99193E-1 9.9997E-1 9.9844E-1 9.99878E-1 9.99935E-1 9.99996E-1 9.98943E-1 9.99971E-1 9.99946E-1 9.99321E-1 9.99336E-1 9.99178E-1 9.99993E-1 9.99854E-1 9.99659E-1 1E0 1E0 9.99999E-1 9.99994E-1 9.99999E-1 1E0 1E0 1E0 1E0 1E0 1E0 1E0 1E0 1E0 1E0 1E0 9.99991E-1 1E0 9.99995E-1 9.99696E-1
-9999 -9999 -9999 -9999 -9999 -9999 -9999 9.99905E-1 9.98884E-1 9.99899E-1 9.99995E-1 9.99421E-1 9.99995E-1 9.69166E-1 6.38367E-1 5.76613E-1 3.86609E-1 1.84685E-1 5.36019E-2 6.77526E-2 2.0393E-2 1.96481E-2 3.62413E-2 1.11998E-1 4.32455E-1 9.99707E-1 9.99925E-1 9.70172E-1 9.62221E-1 9.99707E-1 9.9664E-1 9.97337E-1 9.997E-1 9.99947E-1 9.99411E-1 9.9677E-1 9.99316E-1 9.98662E-1 9.99564E-1 9.99072E-1 9.99999E-1 9.99847E-1 9.99893E-1 9.99422E-1 9.98626E-1 9.99999E-1 9.99999E-1 9.99991E-1 9.98303E-1 9.99125E-1 9.99424E-1 9.99949E-1 1E0 1E0 1E0 9.99999E-1 1E0 1E0 1E0 1E0 1E0 1E0 1E0 1E0 1E0 1E0 1E0 1E0 1E0 9.99974E-1 9.99998E-1 1E0
-9999 -9999 -9999 -9999 -9999 -9999 -9999 9.99136E-1 9.99998E-1 1E0 1E0 1E0 9.9999E-1 9.98791E-1 8.11328E-1 7.40891E-1 3.57971E-1 5.18668E-2 6.40911E-2 3.59448E-2 2.20158E-2 3.14404E-2 5.79273E-2 1.10613E-1 6.14907E-1 9.99886E-1 9.99997E-1 9.96342E-1 9.81956E-1 9.99274E-1 9.93683E-1 9.99214E-1 9.93871E-1 9.99943E-1 9.99159E-1 9.94378E-1 9.99964E-1 9.99813E-1 9.99972E-1 9.9996E-1 1E0 9.99302E-1 9.99974E-1 9.99802E-1 9.99891E-1 9.99971E-1 9.99999E-1 1E0 9.99995E-1 9.98645E-1 9.95623E-1 9.99997E-1 1E0 1E0 1E0 1E0 9.99991E-1 1E0 1E0 1E0 1E0 1E0 1E0 1E0 1E0 1E0 1E0 1E0 9.99999E-1 1E0 9.99998E-1 9.99997E-1
-9999 -9999 -9999 -9999 -9999 -9999 -9999 9.99994E-1 1E0 1E0 1E0 1E0 1E0 9.99996E-1 9.76536E-1 8.1169E-1 3.30616E-1 9.99638E-2 1.17004E-1 8.18952E-2 8.09884E-2 4.27909E-2 1.0453E-1 7.76195E-2 6.87567E-1 1E0 1E0 9.99945E-1 9.99861E-1 9.99385E-1 9.9953E-1 9.98616E-1 9.98612E-1 9.99707E-1 9.99842E-1 1E0 9.99603E-1 9.99839E-1 9.99929E-1 9.99891E-1 9.9997E-1 1E0 9.99884E-1 9.99971E-1 9.99819E-1 1E0 1E0 1E0 9.99966E-1 9.99997E-1 9.99926E-1 9.99995E-1 1E0 1E0 1E0 9.99995E-1 9.99997E-1 9.99999E-1 1E0 1E0 1E0 1E0 1E0 1E0 1E0 1E0 1E0 1E0 9.99996E-1 9.99825E-1 9.99983E-1 9.99999E-1
-9999 -9999 -9999 -9999 -9999 -9999 -9999 9.99935E-1 1E0 1E0 1E0 9.99988E-1 9.99962E-1 9.99551E-1 9.99645E-1 9.76721E-1 8.66848E-1 8.64965E-1 8.41431E-1 5.4843E-1 1.54312E-1 1.05357E-1 3.18485E-1 3.6522E-1 6.61149E-1 9.99969E-1 9.99631E-1 9.99303E-1 9.99947E-1 9.99132E-1 9.99878E-1 9.98124E-1 9.9913E-1 9.99454E-1 9.7618E-1 9.82451E-1 9.93493E-1 9.93245E-1 9.99953E-1 9.99989E-1 1E0 9.99997E-1 9.9998E-1 9.98672E-1 9.99128E-1 9.99988E-1 9.99997E-1 9.99977E-1 9.97773E-1 9.99721E-1 9.99986E-1 9.99998E-1 1E0 9.99958E-1 9.99939E-1 9.99971E-1 9.99882E-1 9.99981E-1 1E0 1E0 1E0 1E0 1E0 1E0 1E0 1E0 9.99999E-1 1E0 9.99978E-1 9.99972E-1 9.98013E-1 1E0
-9999 -9999 -9999 -9999 -9999 -9999 -9999 9.99996E-1 1E0 9.99999E-1 1E0 9.97442E-1 9.61955E-1 9.89319E-1 9.99424E-1 9.56391E-1 7.02917E-1 8.27318E-1 8.52542E-1 6.69401E-1 3.26974E-1 2.15909E-1 3.55164E-1 7.22367E-1 8.65778E-1 9.99995E-1 9.99767E-1 9.99174E-1 9.99811E-1 9.99885E-1 9.99854E-1 9.83841E-1 9.99317E-1 9.99672E-1 9.99173E-1 9.9951E-1 9.96724E-1 9.99999E-1 9.99999E-1 1E0 1E0 1E0 1E0 9.99923E-1 9.99543E-1 9.99995E-1 9.99839E-1 9.9578E-1 9.99744E-1 9.99759E-1 9.99982E-1 1E0 1E0 1E0 9.99985E-1 9.99882E-1 9.99997E-1 1E0 1E0 1E0 1E0 1E0 1E0 1E0 1E0 1E0 1E0 1E0 9.99991E-1 9.77313E-1 1E0 9.99907E-1
-9999 -9999 -9999 -9999 -9999 -9999 -9999 9.99996E-1 1E0 1E0 1E0 9.99894E-1 9.9987E-1 7.54268E-1 9.93635E-1 8.40752E-1 4.94489E-1 2.55827E-1 4.59017E-1 5.46853E-1 2.99265E-1 2.78722E-1 5.85725E-1 9.06465E-1 9.99586E-1 9.98692E-1 9.99845E-1 9.97254E-1 9.99503E-1 9.99958E-1 9.9952E-1 9.99924E-1 9.99955E-1 9.99996E-1 9.99996E-1 9.99832E-1 9.9907E-1 9.99111E-1 1E0 1E0 1E0 1E0 9.99954E-1 9.9994E-1 9.99997E-1 9.99997E-1 9.99911E-1 9.95653E-1 9.99938E-1 9.99946E-1 9.9977E-1 1E0 1E0 9.99947E-1 9.99979E-1 9.99999E-1 1E0 1E0 1E0 1E0 1E0 1E0 1E0 1E0 1E0 1E0 1E0 1E0 9.9997E-1 9.97695E-1 9.98811E-1 9.99569E-1
-9999 -9999 -9999 -9999 -9999 -9999 -9999 9.99675E-1 9.98964E-1 9.99998E-1 1E0 9.99536E-1 9.99878E-1 9.99284E-1 9.94551E-1 9.47533E-1 7.12583E-1 3.50349E-1 2.13484E-1 2.94552E-1 1.79301E-1 5.56496E-1 7.02214E-1 9.55127E-1 9.99918E-1 9.99383E-1 9.97791E-1 9.99935E-1 9.99983E-1 9.99591E-1 9.97553E-1 9.99865E-1 9.99905E-1 9.99996E-1 9.99998E-1 9.9983E-1 9.98305E-1 9.99922E-1 9.99991E-1 1E0 1E0 1E0 1E0 9.99978E-1 9.99999E-1 9.99769E-1 9.99988E-1 9.99444E-1 9.99969E-1 9.99994E-1 9.99983E-1 9.99993E-1 1E0 1E0 1E0 1E0 1E0 1E0 1E0 1E0 1E0 1E0 1E0 9.99992E-1 1E0 1E0 1E0 1E0 9.99497E-1 9.96314E-1 9.99728E-1 9.9876E-1
-9999 -9999 -9999 -9999 -9999 -9999 -9999 9.99798E-1 9.98783E-1 1E0 1E0 1E0 9.99993E-1 9.97348E-1 9.78792E-1 9.90756E-1 9.14868E-1 7.17628E-1 6.8211E-1 5.86982E-1 3.37176E-1 2.95247E-1 4.24192E-1 9.7321E-1 9.99912E-1 9.99999E-1 9.99989E-1 9.9997E-1 9.99991E-1 9.99948E-1 9.9472E-1 9.97413E-1 9.99471E-1 9.99975E-1 9.99974E-1 9.99902E-1 9.98879E-1 9.98908E-1 9.99999E-1 1E0 1E0 1E0 9.99999E-1 9.99999E-1 9.99999E-1 1E0 9.99926E-1 9.99986E-1 9.99993E-1 9.99656E-1 9.99999E-1 9.99946E-1 1E0 1E0 1E0 1E0 1E0 1E0 1E0 1E0 1E0 1E0 1E0 1E0 1E0 1E0 1E0 1E0 9.99721E-1 9.99988E-1 9.99942E-1 9.99997E-1
-9999 -9999 -9999 -9999 -9999 -9999 -9999 9.99913E-1 9.99505E-1 9.98737E-1 9.91038E-1 1E0 9.99999E-1 9.88182E-1 9.99414E-1 9.9994E-1 9.80767E-1 8.47974E-1 9.56708E-1 9.93071E-1 9.07265E-1 6.3864E-1 5.57653E-1 9.9735E-1 1E0 1E0 9.9952E-1 9.99712E-1 9.99843E-1 9.99754E-1 9.97761E-1 9.97094E-1 9.15006E-1 9.99021E-1 9.9847E-1 9.98495E-1 9.98078E-1 9.99169E-1 9.99999E-1 1E0 9.99999E-1 9.99932E-1 9.99949E-1 9.99995E-1 1E0 9.99985E-1 9.99863E-1 9.98962E-1 9.99057E-1 9.98453E-1 1E0 9.99998E-1 1E0 9.99994E-1 9.99993E-1 1E0 1E0 1E0 1E0 1E0 1E0 1E0 1E0 1E0 1E0 1E0 1E0 1E0 9.99989E-1 1E0 9.99866E-1 9.9882E-1
-9999 -9999 -9999 -9999 -9999 -9999 -9999 -9999 9.99998E-1 9.99998E-1 9.99895E-1 1E0 1E0 1E0 9.99904E-1 9.99996E-1 9.79689E-1 9.99379E-1 9.99997E-1 9.99872E-1 9.98079E-1 9.99975E-1 9.99999E-1 9.99777E-1 9.99999E-1 1E0 1E0 9.99949E-1 9.99906E-1 9.97209E-1 9.99873E-1 9.99261E-1 9.98266E-1 9.91083E-1 9.95459E-1 9.99824E-1 9.99962E-1 1E0 1E0 9.99996E-1 9.99999E-1 9.99998E-1 9.99753E-1 9.99999E-1 9.99879E-1 9.99997E-1 9.99898E-1 1E0 9.99994E-1 9.99887E-1 9.99877E-1 9.99999E-1 1E0 9.99972E-1 9.99967E-1 9.99705E-1 1E0 1E0 1E0 1E0 9.99989E-1 1E0 1E0 1E0 1E0 1E0 1E0 1E0 1E0 9.99992E-1 9.99985E-1 9.99988E-1
