ENM/Final_Models/M_1_F_qp_Set_1_EC/Gustavia_santanderiensis_5_Choco.asc
ncols         367
nrows         963
xllcorner     -78.6
yllcorner     0.65
cellsize      0.00833333333333323
NODATA_value  -9999
[rows 825 to 857 of 963, columns 150 to 224 of 367]
7.34936E-5 1.5541E-3 1.58326E-2 2.14542E-2 -9999 -9999 -9999 -9999 -9999 -9999 -9999 -9999 -9999 -9999 -9999 -9999 -9999 -9999 -9999 -9999 4.87399E-3 2.14059E-3 2.3622E-3 1.98179E-3 3.2973E-3 1.16537E-2 -9999 -9999 -9999 -9999 -9999 -9999 -9999 -9999 5.08643E-3 3.63389E-3 1.56796E-3 5.4776E-4 1.89872E-4 2.78072E-5 2.60164E-5 1.50059E-4 1.01519E-4 3.22759E-4 2.80375E-4 1.19156E-4 8.22618E-5 1.45848E-4 1.00127E-4 3.00887E-5 1.65144E-5 7.15364E-6 6.90509E-6 1.6254E-5 1.81476E-4 2.51579E-4 5.88202E-5 1.54015E-5 3.72214E-5 2.33187E-5 2.82574E-5 2.81738E-5 1.65551E-5 1.95181E-5 3.67226E-5 1.11914E-4 7.68667E-5 5.99488E-5 1.14644E-4 1.88297E-4 -9999 -9999 -9999 -9999 -9999
7.77392E-5 5.45745E-4 2.84537E-3 2.6721E-2 -9999 -9999 -9999 -9999 -9999 -9999 -9999 -9999 -9999 -9999 -9999 -9999 -9999 -9999 -9999 3.21162E-3 2.55695E-3 1.80074E-3 2.2617E-3 3.26643E-3 2.78781E-3 5.38233E-3 -9999 -9999 -9999 -9999 -9999 -9999 -9999 -9999 1.25382E-3 7.6474E-4 3.96871E-4 3.61057E-4 1.2335E-4 8.16264E-5 2.97895E-5 8.54714E-5 2.59958E-5 4.64773E-5 1.20239E-4 6.10983E-5 5.62936E-5 2.75003E-5 1.89678E-5 3.35126E-5 2.96582E-5 3.22906E-5 1.40512E-5 1.12064E-5 6.93923E-5 1.94064E-4 9.23874E-5 4.12903E-5 4.05804E-5 3.86265E-5 3.11166E-5 2.63993E-5 3.23963E-5 2.62246E-5 3.23172E-5 1.48966E-4 1.41272E-4 1.45572E-4 2.26711E-4 2.71467E-4 -9999 -9999 -9999 -9999 -9999
1.27085E-4 5.14794E-4 7.78142E-3 2.82425E-2 -9999 -9999 -9999 -9999 -9999 -9999 -9999 -9999 -9999 -9999 -9999 -9999 -9999 -9999 -9999 -9999 -9999 1.72383E-3 2.66435E-3 1.69034E-3 2.6121E-3 6.26507E-3 -9999 -9999 -9999 -9999 -9999 -9999 -9999 -9999 1.00193E-3 3.4481E-4 1.68727E-4 1.03801E-4 4.09706E-5 2.8274E-5 2.44409E-5 1.23791E-4 4.12793E-5 3.02043E-5 7.62406E-5 4.63531E-5 5.28506E-5 1.16493E-4 1.42893E-5 1.6936E-5 1.54434E-5 2.70136E-5 2.73775E-5 4.93961E-5 1.30281E-5 1.8609E-4 1.43057E-4 1.1084E-4 4.51134E-5 4.40751E-5 3.92629E-5 4.66483E-5 1.25172E-4 1.70334E-4 6.03223E-5 1.7415E-4 9.93126E-5 3.05262E-4 2.41274E-4 2.73744E-4 -9999 -9999 -9999 -9999 -9999
1.61622E-4 3.50397E-4 2.64896E-3 1.4651E-2 -9999 -9999 -9999 -9999 -9999 -9999 -9999 -9999 -9999 -9999 -9999 -9999 -9999 -9999 -9999 -9999 -9999 -9999 8.58179E-4 1.03565E-3 2.43356E-3 4.48096E-3 -9999 -9999 3.78978E-3 -9999 -9999 -9999 -9999 -9999 1.55546E-3 2.23505E-4 4.53853E-5 3.52788E-5 2.49908E-5 2.39407E-5 3.65399E-5 4.96758E-5 3.03001E-5 1.21249E-5 2.46979E-5 6.74729E-5 2.95867E-5 1.40783E-5 3.1209E-5 1.27438E-5 3.79864E-5 5.27331E-6 4.48128E-5 2.76293E-5 4.31519E-5 3.86969E-4 2.40187E-4 1.26779E-4 1.43366E-5 2.32977E-5 7.83234E-5 1.99362E-5 5.29578E-5 1.02804E-4 2.14366E-4 1.396E-4 1.9649E-4 1.41741E-4 1.54504E-4 -9999 -9999 -9999 -9999 -9999 -9999
2.11329E-4 2.29855E-4 7.15951E-4 7.7318E-3 2.16863E-2 -9999 -9999 -9999 -9999 -9999 -9999 -9999 -9999 -9999 -9999 -9999 -9999 -9999 -9999 -9999 -9999 -9999 -9999 7.37704E-4 1.78567E-3 3.744E-3 -9999 -9999 6.71973E-3 -9999 -9999 -9999 -9999 1.6475E-3 1.87141E-3 4.07688E-4 8.36404E-5 2.49162E-5 1.30693E-5 2.19343E-5 3.5487E-5 1.92689E-5 2.60457E-5 1.79552E-5 2.31774E-5 7.69386E-5 3.02251E-5 9.30075E-6 5.59859E-6 9.89051E-6 2.05108E-4 1.03967E-4 4.64294E-5 1.55703E-5 3.37894E-5 6.7225E-5 2.24018E-4 2.20057E-4 4.26965E-5 1.48877E-5 3.72645E-5 3.64668E-5 1.04613E-4 2.02525E-4 2.35247E-4 2.01679E-4 2.33138E-4 1.65463E-4 -9999 -9999 -9999 -9999 -9999 -9999 -9999
5.09122E-4 4.99608E-4 5.43282E-4 9.8525E-3 2.46379E-2 -9999 -9999 -9999 -9999 -9999 -9999 -9999 -9999 -9999 -9999 -9999 -9999 -9999 -9999 -9999 6.86914E-3 -9999 -9999 1.09403E-3 7.59089E-4 2.32387E-3 -9999 -9999 -9999 -9999 -9999 5.42641E-4 5.34932E-4 1.424E-3 4.95572E-4 1.53779E-4 3.69541E-5 2.2717E-5 2.57268E-5 1.54647E-5 2.40993E-5 2.58683E-5 2.84105E-5 3.33574E-5 2.98483E-5 4.93134E-5 8.50936E-6 1.22393E-5 6.72075E-5 4.70763E-5 2.50487E-4 2.18627E-4 8.60897E-5 2.81231E-5 4.36969E-5 2.896E-5 1.39787E-4 2.10406E-4 6.86015E-5 1.5767E-5 1.19682E-4 4.22456E-5 1.68306E-4 4.49726E-4 2.59587E-4 3.42881E-4 2.30949E-4 1.87807E-4 -9999 -9999 -9999 -9999 -9999 -9999 -9999
2.19676E-3 9.38106E-4 1.36455E-3 1.63749E-2 3.43046E-2 -9999 -9999 -9999 -9999 -9999 -9999 -9999 -9999 -9999 -9999 6.70246E-3 1.19727E-2 -9999 -9999 4.77922E-3 6.73169E-3 -9999 -9999 1.86218E-3 1.03068E-3 6.55034E-3 2.0888E-3 -9999 -9999 1.30754E-3 2.90262E-4 2.13941E-4 2.78798E-4 1.95534E-4 1.0428E-4 2.50132E-5 6.2063E-5 2.24791E-5 1.83233E-5 1.07445E-5 2.9343E-5 3.85481E-5 2.59633E-5 4.01777E-5 3.92159E-5 6.18445E-5 4.35771E-5 1.81196E-5 1.13919E-4 2.86789E-4 5.41338E-4 1.48727E-4 4.23163E-5 2.98738E-5 1.01966E-4 8.91283E-5 8.06996E-5 1.39359E-4 1.23922E-4 2.70702E-5 1.91082E-4 2.52483E-4 8.61976E-5 1.56218E-4 1.96501E-4 3.02378E-4 3.86939E-4 1.79366E-4 -9999 -9999 -9999 -9999 -9999 -9999 -9999
4.03073E-3 8.37383E-4 1.70055E-3 2.11351E-2 3.9459E-2 -9999 -9999 -9999 -9999 -9999 -9999 -9999 -9999 -9999 -9999 5.52735E-3 6.13898E-3 -9999 -9999 3.55917E-3 7.62847E-3 -9999 -9999 1.84243E-3 1.36815E-3 3.12352E-3 2.35506E-3 -9999 -9999 6.92724E-4 1.65505E-4 1.24481E-4 4.55658E-5 5.06461E-5 9.53951E-5 6.60409E-5 4.30747E-5 2.27367E-5 1.22684E-5 1.24561E-5 2.48728E-5 1.83763E-5 2.44573E-5 8.11109E-5 1.11343E-4 8.45064E-5 6.14424E-5 2.05669E-5 5.44308E-5 3.38302E-4 2.83855E-4 1.21806E-4 3.92594E-5 2.17288E-5 1.04785E-4 1.23968E-4 1.06859E-4 1.09133E-4 1.17436E-4 1.0109E-4 2.62474E-4 4.64943E-4 2.32736E-4 3.41613E-4 2.17021E-4 3.94103E-4 3.37628E-4 8.07883E-4 -9999 -9999 -9999 -9999 -9999 -9999 -9999
6.23353E-3 8.97267E-4 1.97239E-3 2.06105E-2 4.15651E-2 -9999 -9999 -9999 -9999 -9999 -9999 -9999 -9999 -9999 -9999 6.01756E-3 4.31227E-3 -9999 -9999 4.38733E-3 5.11547E-3 -9999 -9999 1.68504E-3 6.62572E-3 1.11419E-2 3.77834E-3 -9999 -9999 1.28656E-4 5.36529E-5 5.78807E-5 4.57252E-5 1.11731E-4 5.642E-5 2.27467E-5 1.64102E-5 1.48E-5 1.24174E-5 1.11957E-5 2.72182E-5 1.9072E-5 8.05524E-6 4.0989E-5 6.89888E-5 3.30162E-4 3.21718E-4 1.3463E-4 1.54801E-4 3.50648E-4 2.16964E-4 1.50925E-4 1.19547E-4 7.77419E-5 1.2628E-4 8.90419E-5 1.20298E-4 1.94553E-4 2.91345E-4 1.18665E-4 1.92336E-4 1.57328E-4 2.65778E-4 2.37005E-4 3.92828E-4 2.49523E-4 5.25308E-4 -9999 -9999 -9999 -9999 -9999 -9999 -9999 -9999
3.92351E-3 4.39646E-3 1.15333E-2 2.7076E-2 8.30788E-2 -9999 -9999 -9999 -9999 -9999 -9999 -9999 -9999 -9999 1.10863E-3 1.75438E-3 3.3001E-3 -9999 -9999 2.94328E-3 4.05352E-3 1.73881E-3 1.11091E-3 2.15222E-3 3.91986E-3 9.32951E-3 4.56276E-3 -9999 1.67601E-3 1.39383E-4 9.6488E-5 1.99773E-4 1.59415E-4 5.60748E-5 2.41809E-5 1.47781E-5 1.41265E-5 2.60292E-5 2.33641E-5 1.61282E-5 2.16701E-5 3.19657E-5 1.48398E-5 3.48109E-5 6.28806E-5 2.2561E-4 4.1597E-4 4.79595E-4 2.42889E-4 2.61851E-4 4.84446E-4 4.16569E-4 2.40421E-4 1.6479E-4 8.8231E-5 7.69497E-5 1.22989E-4 3.29905E-4 5.60547E-4 1.97674E-4 1.79994E-4 3.39106E-4 3.6236E-4 2.97211E-4 3.04186E-4 7.26077E-4 7.51259E-4 -9999 -9999 -9999 -9999 -9999 -9999 -9999 -9999
1.12334E-2 6.57662E-3 3.13351E-2 7.76415E-2 -9999 -9999 -9999 -9999 -9999 -9999 -9999 -9999 -9999 -9999 1.94741E-3 5.99962E-4 1.18422E-3 2.17807E-3 -9999 2.59913E-3 1.76799E-3 2.80926E-3 1.45516E-3 4.5114E-3 5.62864E-3 1.09852E-2 3.42151E-3 3.19231E-3 1.86908E-3 5.65541E-4 2.69314E-4 9.66305E-5 4.31864E-5 3.61979E-5 1.87153E-5 1.49279E-5 2.26229E-5 5.49828E-5 5.09753E-5 3.63284E-5 5.68931E-5 9.00129E-5 7.31094E-5 1.65762E-4 1.30431E-4 3.53588E-4 2.29085E-4 2.98319E-4 1.63122E-4 2.62648E-4 7.41577E-4 8.24302E-4 4.21063E-4 1.7962E-4 1.25332E-4 2.03499E-4 3.25699E-4 3.4744E-4 5.11499E-4 4.43277E-4 2.11169E-4 4.12999E-4 6.09428E-4 6.43151E-4 6.65167E-4 6.2365E-4 5.79136E-4 -9999 -9999 -9999 -9999 -9999 -9999 -9999 -9999
1.49705E-2 2.46895E-2 3.33507E-2 -9999 -9999 -9999 -9999 -9999 -9999 -9999 -9999 4.78003E-3 5.63859E-3 4.81033E-3 2.14985E-3 5.40286E-4 5.8789E-4 9.43777E-4 1.14068E-3 1.4117E-3 1.22251E-3 1.22079E-3 5.40564E-3 4.83813E-3 5.44636E-3 1.12278E-2 4.91181E-3 4.02364E-3 2.16192E-3 6.06231E-4 1.19427E-4 9.97466E-5 3.93022E-5 1.63215E-5 2.17124E-5 1.89968E-5 1.99284E-5 2.63903E-5 2.05032E-5 2.48023E-5 7.50055E-5 6.6657E-5 1.08998E-4 2.82404E-5 4.5896E-5 1.4698E-4 1.31234E-4 7.99927E-5 1.0755E-4 4.17371E-4 5.87093E-4 2.64547E-4 2.80346E-4 1.86358E-4 2.81931E-4 6.05266E-4 6.96217E-4 3.08594E-4 6.1189E-4 7.42359E-4 5.13264E-4 8.83893E-4 7.77302E-4 7.35871E-4 6.49698E-4 5.95984E-4 4.9195E-4 -9999 -9999 -9999 -9999 -9999 -9999 -9999 -9999
1.96773E-2 2.60962E-2 -9999 -9999 -9999 -9999 -9999 -9999 -9999 -9999 -9999 1.48927E-2 1.19772E-2 1.23109E-2 1.25837E-2 3.90848E-3 -9999 9.43221E-4 1.2112E-3 2.05881E-3 1.87161E-3 4.07131E-3 2.49365E-3 4.04697E-3 4.94054E-3 9.74221E-3 6.25157E-3 2.82311E-3 4.21727E-4 3.08107E-4 9.24624E-5 9.64109E-5 1.26963E-4 2.07163E-5 1.45529E-5 1.59895E-5 2.89933E-5 1.92453E-5 2.60941E-5 1.72656E-5 3.39398E-5 6.80066E-5 3.37888E-5 2.1517E-5 7.39768E-5 7.83056E-5 2.61949E-5 4.80205E-5 1.4289E-4 3.18551E-4 2.15211E-4 2.24954E-4 3.08949E-4 3.385E-4 3.68131E-4 9.00685E-4 1.06583E-3 6.66141E-4 8.13897E-4 6.5196E-4 7.75718E-4 9.23378E-4 5.60983E-4 3.96189E-4 5.94922E-4 4.00645E-4 3.88329E-4 -9999 -9999 -9999 -9999 -9999 -9999 -9999 -9999
-9999 -9999 -9999 -9999 -9999 -9999 -9999 -9999 -9999 -9999 -9999 -9999 1.49593E-2 2.10629E-2 -9999 -9999 -9999 1.60872E-3 -9999 -9999 3.62857E-3 4.96123E-3 3.5205E-3 -9999 -9999 -9999 7.01135E-3 7.94846E-4 2.30295E-4 2.09035E-4 1.12886E-4 1.84464E-4 7.25373E-5 6.80816E-5 1.2289E-5 1.46529E-5 1.56162E-5 2.32391E-5 1.73589E-5 2.42096E-5 1.9721E-5 1.56122E-5 1.39865E-5 2.29199E-5 8.92184E-5 2.7689E-5 2.07106E-5 5.56263E-5 1.45614E-4 1.75169E-4 1.83573E-4 2.54889E-4 5.82028E-4 4.59481E-4 5.8326E-4 8.81677E-4 7.58807E-4 6.02048E-4 7.27152E-4 9.38267E-4 1.02465E-3 -9999 -9999 -9999 4.50334E-4 6.13281E-4 3.06202E-4 -9999 -9999 -9999 -9999 -9999 -9999 -9999 -9999
-9999 -9999 -9999 -9999 -9999 -9999 -9999 -9999 -9999 -9999 -9999 -9999 -9999 -9999 -9999 -9999 -9999 -9999 -9999 -9999 -9999 -9999 -9999 -9999 -9999 -9999 3.07101E-3 1.96222E-3 4.86599E-4 9.46981E-4 6.55422E-4 3.13126E-4 1.22223E-4 1.68575E-4 4.18236E-5 1.49932E-4 7.49945E-5 6.61008E-5 1.50684E-5 1.52169E-5 1.55774E-5 1.1866E-5 1.2179E-5 1.01126E-5 2.10125E-5 1.79155E-5 4.13798E-5 3.03788E-5 4.24911E-5 1.08082E-4 1.5496E-4 3.25464E-4 7.64199E-4 4.56768E-4 7.32316E-4 9.98809E-4 7.55941E-4 4.15201E-4 5.44325E-4 8.06112E-4 -9999 -9999 -9999 -9999 3.96878E-4 1.72445E-4 5.65299E-5 -9999 -9999 -9999 -9999 -9999 -9999 -9999 -9999
-9999 -9999 -9999 -9999 -9999 -9999 -9999 -9999 -9999 -9999 -9999 -9999 -9999 -9999 -9999 -9999 -9999 -9999 -9999 -9999 -9999 -9999 -9999 -9999 -9999 -9999 3.54964E-3 2.69362E-3 2.39121E-3 6.66637E-4 1.27613E-3 3.70199E-4 2.03402E-4 1.90065E-4 2.90226E-4 2.112E-4 1.05762E-4 8.41849E-5 3.82567E-5 1.53265E-5 6.09553E-6 4.36149E-6 5.49065E-6 1.03275E-5 2.69806E-5 1.53393E-5 2.90723E-5 9.11653E-5 3.89091E-5 1.09636E-4 1.71412E-4 3.80403E-4 4.92476E-4 6.93093E-4 7.58615E-4 7.77529E-4 8.58503E-4 -9999 -9999 -9999 -9999 -9999 -9999 8.68015E-5 4.60506E-5 7.49813E-5 7.52282E-5 -9999 -9999 -9999 -9999 -9999 -9999 -9999 -9999
-9999 -9999 -9999 -9999 -9999 -9999 -9999 -9999 -9999 -9999 -9999 -9999 -9999 -9999 -9999 -9999 -9999 -9999 -9999 -9999 -9999 -9999 -9999 2.38995E-3 3.49444E-3 7.86386E-3 1.98271E-3 1.07362E-3 1.69323E-3 9.03333E-4 5.34696E-4 2.73105E-4 1.73392E-4 4.69169E-4 3.483E-4 6.51992E-5 6.776E-6 2.03786E-5 3.72284E-5 2.14911E-5 1.24094E-5 9.63026E-6 1.09492E-5 6.84791E-6 6.98015E-6 1.06552E-5 5.31665E-5 1.92993E-4 7.79937E-5 1.52334E-4 2.08734E-4 2.80103E-4 7.60904E-4 7.94932E-4 9.21459E-4 1.08881E-3 8.48707E-4 -9999 -9999 -9999 3.10376E-4 4.19607E-4 3.07958E-4 1.93248E-4 8.27956E-5 8.59046E-5 1.37801E-4 -9999 -9999 -9999 -9999 -9999 -9999 -9999 -9999
-9999 -9999 -9999 -9999 -9999 -9999 -9999 -9999 -9999 -9999 -9999 -9999 -9999 -9999 -9999 -9999 -9999 -9999 -9999 -9999 -9999 4.27125E-3 2.53258E-3 1.55767E-3 3.35823E-3 1.36383E-2 9.33495E-3 5.47103E-3 1.45888E-3 8.93942E-4 5.09925E-4 6.84944E-4 5.00173E-4 1.07577E-4 9.02956E-5 2.36913E-5 1.15818E-5 5.66533E-6 8.2679E-6 1.29011E-5 1.00827E-5 8.17789E-6 3.6642E-6 7.28649E-6 4.48167E-6 1.22378E-5 4.28433E-5 2.01186E-4 1.77323E-4 2.33683E-4 2.7838E-4 4.82429E-4 8.26381E-4 7.7601E-4 1.13638E-3 4.30348E-4 6.27718E-4 -9999 -9999 4.68128E-4 3.12602E-4 5.84143E-4 5.11912E-4 4.52945E-4 4.45521E-4 1.86176E-4 3.02278E-4 -9999 -9999 -9999 -9999 -9999 -9999 -9999 -9999
-9999 -9999 -9999 -9999 -9999 -9999 -9999 -9999 -9999 -9999 -9999 -9999 -9999 -9999 -9999 -9999 -9999 -9999 -9999 -9999 3.88447E-3 1.24118E-3 8.60158E-4 1.06021E-3 1.13145E-3 3.59988E-3 3.44702E-3 3.81218E-3 1.24166E-3 9.4752E-4 2.62434E-3 2.41881E-4 4.4547E-5 3.347E-5 1.88264E-5 3.20619E-5 1.2929E-5 1.05186E-5 6.55104E-6 6.77918E-6 9.60894E-6 1.39384E-5 1.14255E-4 8.23208E-5 8.59544E-6 9.93663E-6 5.76064E-5 1.01458E-4 2.43964E-4 2.96994E-4 4.33001E-4 6.30571E-4 5.18723E-4 8.14503E-4 1.27516E-3 -9999 -9999 -9999 -9999 3.73219E-4 3.40959E-4 8.45993E-4 2.33235E-4 3.41424E-4 4.94599E-4 2.50281E-4 1.62715E-4 -9999 -9999 -9999 -9999 -9999 -9999 -9999 -9999
-9999 -9999 -9999 -9999 -9999 -9999 -9999 -9999 -9999 -9999 -9999 -9999 -9999 -9999 -9999 -9999 -9999 -9999 -9999 2.50189E-3 4.84277E-4 4.59372E-4 5.72252E-4 9.69699E-4 4.20301E-4 1.68244E-3 1.77475E-3 1.20428E-3 5.43511E-3 4.29885E-3 1.19073E-3 4.0091E-5 1.80874E-5 2.85935E-5 2.17909E-5 1.83007E-5 2.97609E-5 1.41647E-5 1.1096E-5 9.23233E-6 1.17608E-5 7.34591E-5 1.35734E-4 3.27899E-5 1.34437E-5 2.18867E-5 3.70524E-5 1.17904E-4 1.35982E-4 2.54553E-4 5.4405E-4 3.59956E-4 2.85843E-4 5.9379E-4 9.35049E-4 -9999 -9999 -9999 -9999 2.08388E-4 3.24498E-4 2.5725E-4 1.89788E-5 3.82247E-5 1.33194E-4 4.88636E-4 5.59311E-4 9.49003E-4 -9999 -9999 -9999 -9999 -9999 -9999 -9999
-9999 -9999 -9999 -9999 -9999 -9999 -9999 -9999 -9999 -9999 -9999 -9999 -9999 -9999 -9999 2.12532E-2 2.20221E-2 -9999 -9999 2.39442E-3 1.81579E-4 1.53254E-4 2.89548E-4 5.06626E-4 5.14848E-4 7.2902E-4 1.21982E-4 2.6457E-4 9.35958E-4 6.12092E-4 5.20769E-4 6.22848E-5 3.19375E-5 1.71751E-5 1.41197E-5 1.98603E-5 3.62692E-5 3.07914E-5 1.79295E-5 1.66543E-5 2.51178E-5 9.73282E-5 7.42339E-5 2.22125E-5 3.25526E-5 3.05326E-5 1.87935E-5 3.54595E-5 1.89661E-4 2.1568E-4 3.00462E-4 3.269E-4 4.09968E-4 1.09734E-3 8.48237E-4 -9999 -9999 -9999 -9999 -9999 -9999 2.13816E-4 1.23346E-4 8.6606E-5 9.10231E-5 2.09254E-4 5.52477E-4 7.11824E-4 -9999 -9999 -9999 -9999 -9999 -9999 -9999
-9999 6.0844E-2 -9999 -9999 -9999 -9999 -9999 -9999 -9999 -9999 -9999 -9999 -9999 -9999 1.16985E-2 1.77014E-2 1.95403E-2 -9999 -9999 1.01186E-3 2.69193E-4 2.15534E-4 3.14256E-4 6.77129E-4 5.68249E-4 4.415E-4 8.41528E-5 2.00341E-4 7.94537E-4 2.7544E-4 3.46578E-4 1.1824E-4 2.51876E-5 2.39269E-5 1.48743E-5 2.21673E-5 3.12928E-5 1.00002E-4 1.18519E-4 6.25909E-5 7.89532E-5 4.24968E-5 3.25929E-5 5.52563E-5 5.81675E-5 4.3844E-5 5.11871E-5 6.55423E-5 1.31502E-4 1.73356E-4 3.33397E-4 4.31335E-4 8.34596E-4 1.22013E-3 1.31225E-3 -9999 -9999 -9999 -9999 -9999 -9999 1.12497E-4 3.4685E-5 2.69302E-5 1.06284E-4 2.73164E-4 3.71797E-4 9.775E-4 -9999 -9999 -9999 -9999 -9999 -9999 -9999
2.86669E-2 4.50656E-2 -9999 -9999 -9999 -9999 -9999 -9999 -9999 -9999 3.6909E-2 2.66099E-2 -9999 -9999 6.55642E-3 1.6246E-2 1.1179E-2 1.77206E-3 2.44207E-4 2.43486E-4 1.98026E-4 4.15003E-5 2.46977E-4 6.70712E-4 7.10201E-4 2.45253E-4 1.21375E-4 2.62584E-4 4.83382E-4 7.10144E-5 2.4956E-5 6.4064E-5 2.60994E-5 2.07149E-5 3.01472E-5 2.63666E-5 9.60085E-5 2.60746E-4 2.44456E-4 2.44695E-4 1.18483E-4 6.27828E-5 8.13462E-5 1.98937E-4 1.25461E-4 1.09222E-4 9.41692E-5 9.20915E-5 2.90047E-4 3.14891E-4 3.23135E-4 4.45208E-4 7.28409E-4 1.13606E-3 8.14623E-4 1.12485E-3 6.39998E-4 7.34513E-4 -9999 -9999 -9999 8.48259E-5 3.26137E-5 6.00404E-5 1.24907E-4 2.19252E-4 3.45778E-4 5.9254E-4 1.02971E-3 -9999 -9999 -9999 -9999 -9999 -9999
2.30271E-2 3.66108E-2 -9999 -9999 -9999 4.65992E-3 1.07072E-2 -9999 -9999 2.42636E-2 4.18298E-2 2.96213E-2 -9999 -9999 6.99355E-3 1.11134E-2 3.60486E-3 9.159E-4 1.58074E-4 7.2808E-5 1.09538E-4 3.77818E-5 7.00992E-5 1.75325E-4 9.04402E-5 8.72413E-5 4.36722E-5 3.09669E-4 1.86708E-4 2.89021E-5 2.53931E-5 3.133E-5 6.99105E-5 3.83759E-5 5.62825E-5 6.49344E-5 2.98181E-4 6.6686E-4 4.02747E-4 1.93019E-4 8.12865E-5 8.99233E-5 8.20627E-5 8.99129E-5 1.52103E-4 1.13201E-4 1.34844E-4 8.26367E-5 1.67349E-4 2.13886E-4 3.56628E-4 5.2824E-4 9.87331E-4 9.26377E-4 8.63919E-4 1.1046E-3 9.48651E-4 9.02681E-4 8.27657E-4 -9999 -9999 1.09816E-4 1.79209E-5 1.47495E-5 2.40376E-5 1.17271E-4 2.05307E-4 3.97903E-4 1.15626E-3 -9999 -9999 -9999 -9999 -9999 -9999
2.9851E-2 2.71846E-2 -9999 -9999 -9999 2.22058E-3 4.26887E-3 1.64965E-3 8.67079E-3 1.70855E-2 3.48842E-2 1.98312E-2 -9999 6.1948E-3 5.25328E-3 1.60694E-3 6.46328E-4 8.56478E-5 5.40446E-5 4.95669E-5 7.69775E-5 4.87733E-5 3.02844E-5 6.16908E-5 4.5643E-5 4.6997E-5 3.32067E-5 1.30706E-4 1.8783E-4 4.8993E-5 2.57854E-5 3.49047E-5 3.8369E-5 1.82773E-5 4.45413E-5 8.01661E-5 2.14984E-4 2.73154E-4 2.08756E-4 1.12694E-4 7.90438E-5 8.62273E-5 1.20002E-4 9.92847E-5 1.97728E-4 2.80975E-4 2.15844E-4 1.12505E-4 1.75501E-4 2.07106E-4 2.97372E-4 4.46612E-4 5.37561E-4 3.56725E-4 5.47102E-4 6.0165E-4 1.26896E-3 8.86323E-4 8.73731E-4 -9999 -9999 8.2996E-5 3.37794E-5 1.51956E-5 1.72459E-5 1.24047E-5 8.73261E-5 2.50577E-4 1.26567E-3 -9999 -9999 -9999 -9999 -9999 -9999
8.80402E-3 6.58586E-3 6.33646E-3 2.10938E-3 3.4624E-4 7.00886E-4 1.29813E-3 6.2514E-4 2.5339E-3 9.42559E-3 2.89773E-2 8.79903E-3 5.03643E-3 2.07514E-3 6.21302E-4 2.39527E-4 2.04827E-4 6.04216E-5 6.47433E-5 3.90113E-5 3.69674E-5 3.06054E-5 3.1471E-5 4.26944E-5 3.49856E-5 2.82754E-5 3.74723E-5 8.33876E-5 4.34836E-5 2.42047E-5 4.99506E-5 2.62331E-5 2.80233E-5 2.46462E-5 3.64164E-5 1.6463E-4 2.15187E-4 2.62694E-4 1.68676E-4 1.24203E-4 1.68002E-4 1.13919E-4 1.29154E-4 1.24256E-4 3.12124E-4 3.46617E-4 3.59509E-4 1.5487E-4 2.91379E-4 3.26786E-4 2.08157E-4 2.03558E-4 2.97708E-4 4.00367E-4 7.68827E-4 1.05816E-3 8.95247E-4 4.89238E-4 -9999 -9999 -9999 1.84065E-4 1.08883E-4 2.21849E-5 1.93792E-5 1.24275E-5 3.16185E-5 1.77225E-4 6.64307E-4 -9999 -9999 -9999 -9999 -9999 -9999
9.84742E-4 1.07746E-3 2.29883E-3 7.369E-4 2.90637E-4 2.30669E-4 4.22318E-4 3.38948E-4 5.36694E-4 3.9806E-3 8.99439E-3 3.11305E-3 8.55372E-4 1.2293E-4 1.38979E-4 5.92065E-5 5.88496E-5 4.12873E-5 3.43369E-5 3.74573E-5 2.78904E-5 3.26129E-5 4.1371E-5 4.74661E-5 4.32586E-5 4.13043E-5 4.19429E-5 5.02766E-5 3.80414E-5 4.79081E-5 1.00642E-4 1.01017E-4 7.71001E-5 5.1205E-5 4.46802E-5 7.03555E-5 1.13325E-4 1.2237E-4 2.022E-4 3.10143E-4 2.66164E-4 1.13757E-4 1.2319E-4 1.25227E-4 2.02997E-4 2.20385E-4 3.66137E-4 2.89038E-4 2.71609E-4 2.58521E-4 2.72987E-4 2.77366E-4 3.07603E-4 6.00951E-4 9.25928E-4 1.12951E-3 -9999 -9999 -9999 -9999 2.36518E-4 8.13406E-5 1.00412E-4 1.98085E-4 1.60263E-4 2.12974E-5 1.63378E-5 1.3699E-4 4.21543E-4 -9999 -9999 -9999 -9999 -9999 -9999
1.98975E-3 3.22695E-4 1.78934E-4 1.88274E-4 8.79119E-5 1.05193E-4 4.93911E-4 6.78062E-4 6.19553E-4 1.24233E-3 5.61168E-3 1.88219E-3 6.51374E-4 5.95204E-5 5.92738E-5 5.1542E-5 3.76773E-5 1.52837E-5 3.72847E-5 3.41225E-5 3.16367E-5 2.31827E-5 2.973E-5 2.59199E-5 2.48004E-5 2.67479E-5 3.15172E-5 2.55004E-5 1.52151E-5 5.27873E-5 8.61103E-5 1.06143E-4 1.65067E-4 1.62987E-4 1.49733E-4 1.18846E-4 1.44907E-4 1.88497E-4 1.96235E-4 2.57397E-4 3.0156E-4 2.75842E-4 3.07293E-4 2.74078E-4 1.95813E-4 3.33847E-4 3.28364E-4 4.97996E-4 3.69555E-4 3.35314E-4 3.41855E-4 3.73943E-4 3.46614E-4 5.3834E-4 7.78901E-4 9.3568E-4 -9999 -9999 -9999 -9999 1.73694E-4 3.02918E-5 2.60811E-5 2.27381E-5 1.64139E-4 2.11031E-4 1.83563E-5 5.23888E-5 1.84834E-4 -9999 -9999 -9999 -9999 -9999 -9999
2.25022E-4 9.13631E-5 1.3004E-4 1.38496E-4 6.69466E-5 1.30489E-4 1.4457E-4 1.36161E-4 1.18609E-4 5.05863E-4 1.45576E-3 1.19801E-4 1.43926E-4 5.30614E-5 2.75606E-5 2.59226E-5 1.80916E-5 1.46041E-5 2.06043E-5 2.5021E-5 2.02777E-5 1.83016E-5 2.33395E-5 2.14844E-5 2.02317E-5 2.92573E-5 3.11333E-5 1.96546E-5 1.17818E-5 2.70014E-5 1.00351E-4 7.80327E-5 1.63352E-4 2.89831E-4 2.87927E-4 3.31203E-4 4.66049E-4 2.52751E-4 2.73465E-4 1.5985E-4 2.19722E-4 3.73466E-4 4.73731E-4 3.98566E-4 3.1522E-4 3.21867E-4 2.67683E-4 4.90786E-4 6.29902E-4 5.70882E-4 5.07179E-4 4.81683E-4 4.87206E-4 7.02436E-4 9.91898E-4 1.03862E-3 -9999 -9999 -9999 5.30802E-5 8.07774E-5 4.044E-5 5.71474E-5 6.93396E-5 1.35635E-4 1.64631E-4 7.62584E-5 1.01806E-4 2.39971E-4 -9999 -9999 -9999 -9999 -9999 -9999
9.00451E-5 5.08948E-5 6.33688E-5 7.17167E-5 1.15564E-4 1.03337E-4 1.80183E-4 2.34411E-4 1.35781E-4 1.31141E-4 1.40346E-4 6.42037E-5 5.37807E-5 3.66337E-5 1.77721E-5 2.02982E-5 1.63614E-5 1.9769E-5 1.44727E-5 2.07793E-5 2.59031E-5 1.81409E-5 1.84536E-5 1.39565E-5 2.23174E-5 4.48654E-5 1.95314E-5 1.1466E-5 2.17309E-5 1.97685E-5 7.32348E-5 1.77538E-4 1.90679E-4 3.31456E-4 5.7385E-4 5.10347E-4 3.77583E-4 1.98667E-4 1.84355E-4 2.25489E-4 2.19088E-4 3.53592E-4 3.86695E-4 4.68961E-4 5.12617E-4 5.82558E-4 4.89832E-4 6.32457E-4 7.3314E-4 6.9927E-4 8.30191E-4 5.37976E-4 4.13432E-4 1.02098E-3 9.62555E-4 1.23715E-3 -9999 -9999 1.32448E-4 2.05726E-4 1.10921E-4 1.8749E-5 1.10561E-5 1.4848E-4 2.30144E-4 3.30865E-4 2.45758E-4 8.74726E-4 1.84954E-3 -9999 -9999 -9999 -9999 -9999 -9999
1.07927E-4 1.07228E-4 7.70954E-5 8.14177E-5 1.59611E-4 2.0961E-4 2.95765E-4 1.40165E-3 2.77982E-4 1.49735E-4 5.64058E-5 4.23212E-5 1.96738E-5 2.50372E-5 2.54152E-5 1.40047E-5 1.23611E-5 1.72909E-5 1.3882E-5 1.78654E-5 1.82268E-5 2.34003E-5 2.93435E-5 3.2596E-5 4.5733E-5 5.31086E-5 2.8695E-5 1.93143E-5 3.30918E-5 4.55824E-5 6.83886E-5 9.57533E-5 9.62797E-5 8.08281E-5 2.10253E-4 2.17799E-4 2.77051E-4 1.33796E-4 1.2382E-4 2.46287E-4 3.19894E-4 4.05769E-4 6.4586E-4 6.37819E-4 7.59934E-4 6.41872E-4 6.01713E-4 8.21374E-4 6.77197E-4 8.23947E-4 9.38514E-4 7.78646E-4 8.03522E-4 1.00798E-3 8.71158E-4 5.01513E-4 3.59495E-4 2.20809E-4 3.29891E-4 2.33567E-4 1.69803E-4 1.88028E-5 7.67621E-6 1.44816E-5 4.40201E-5 1.9751E-4 1.08727E-3 3.49165E-4 8.06678E-4 -9999 -9999 -9999 -9999 -9999 -9999
3.11181E-4 1.07471E-4 2.25825E-4 2.49956E-4 4.45251E-4 1.78389E-4 3.37882E-3 3.41765E-3 1.82612E-3 1.02591E-3 1.26769E-4 2.81914E-5 1.54493E-4 2.67659E-5 2.11307E-5 2.16882E-5 2.07782E-5 1.74642E-5 2.16735E-5 2.1316E-5 2.59302E-5 2.49727E-5 2.36666E-5 3.78335E-5 4.81106E-5 4.92474E-5 3.60179E-5 3.99214E-5 3.3047E-5 5.12423E-5 7.43759E-5 4.79248E-5 3.63739E-5 4.48033E-5 3.73733E-5 8.09057E-5 9.63965E-5 4.93516E-5 8.61685E-5 1.4973E-4 2.08746E-4 3.92806E-4 6.71153E-4 8.62883E-4 7.43122E-4 6.32763E-4 1.30037E-3 9.71547E-4 1.077E-3 8.32528E-4 9.27258E-4 1.18208E-3 1.05438E-3 7.216E-4 1.16131E-3 1.04637E-3 8.32667E-4 4.27552E-4 3.26733E-4 6.99528E-5 1.07768E-4 1.81199E-4 1.00271E-4 1.30155E-5 5.71071E-5 2.506E-4 8.07104E-4 1.32154E-3 3.96662E-4 -9999 -9999 -9999 -9999 -9999 -9999
3.01562E-3 1.51929E-3 9.41777E-4 1.53623E-3 1.28291E-3 3.22869E-3 1.33943E-2 1.56337E-2 3.17603E-3 2.13407E-3 3.70414E-4 3.35004E-5 5.81348E-5 3.13998E-5 2.01737E-5 2.17471E-5 2.36538E-5 2.3846E-5 2.27798E-5 1.85747E-5 4.18838E-5 3.11192E-5 2.81342E-5 4.65092E-5 6.65768E-5 6.64396E-5 7.73028E-5 5.41681E-5 4.18486E-5 4.80506E-5 6.59848E-5 7.56642E-5 7.82656E-5 3.18652E-5 5.60178E-5 7.3741E-5 6.62471E-5 2.96852E-5 7.45305E-5 1.2261E-4 2.58476E-4 3.62312E-4 6.73328E-4 3.44719E-4 6.08321E-4 7.3331E-4 8.99012E-4 1.3876E-3 8.86951E-4 6.99596E-4 5.56969E-4 8.41617E-4 1.06531E-3 7.16186E-4 6.25094E-4 5.54951E-4 3.8166E-4 2.65638E-4 1.46631E-4 4.53105E-5 1.46442E-4 1.14582E-4 8.58915E-5 1.10307E-4 7.49985E-4 4.97367E-4 8.39069E-4 1.84942E-3 1.29254E-3 -9999 -9999 -9999 -9999 -9999 -9999
