ENM/Final_Models/M_1_F_qp_Set_1_EC/Gustavia_santanderiensis_3_Choco_novel.asc
ncols         367
nrows         963
xllcorner     -78.6
yllcorner     0.65
cellsize      0.00833333333333323
NODATA_value  -9999
[rows 390 to 419 of 963, columns 204 to 271 of 367]
-1.81871E2 -1.81871E2 -1.82456E2 -1.82456E2 -1.60234E2 -1.83041E2 -1.83041E2 -1.65497E2 -1.65497E2 -1.83041E2 -1.83041E2 -1.16374E2 -1.64912E2 -1.54386E2 -1.49708E2 -1.54386E2 -1.64327E2 -1.54971E2 -1.60234E2 -1.54971E2 -1.54971E2 -1.83626E2 -1.84211E2 -1.89474E2 -1.88889E2 -1.84795E2 -1.65497E2 -1.61988E2 -1.54971E2 -1.54386E2 -1.54386E2 -1.54386E2 -1.54386E2 -9.00537E1 -1.53801E2 -1.53801E2 -1.53216E2 -1.57895E2 -1.55556E2 -1.55556E2 -1.56725E2 -1.56725E2 -1.59064E2 -1.52047E2 -1.51462E2 -1.5731E2 -1.56725E2 -1.56725E2 -1.69591E2 -1.55556E2 -1.68421E2 -1.5614E2 -1.55556E2 -1.04094E2 -1.67251E2 -1.02339E2 -1.53801E2 -1.72515E2 -1.18713E2 -1.70175E2 -1.52047E2 -1.68421E2 -1.66667E2 -1.5731E2 -1.47953E2 -1.27485E2 -1.25146E2 -9.4152E1
-1.92398E2 -1.80117E2 -1.81287E2 -1.82456E2 -1.83041E2 -1.83041E2 -1.66082E2 -1.66082E2 -1.83041E2 -1.83041E2 -1.64912E2 -1.60819E2 -1.64912E2 -1.54386E2 -1.54386E2 -1.64912E2 -1.54386E2 -1.54971E2 -1.54971E2 -1.54971E2 -1.89474E2 -1.83626E2 -1.83626E2 -1.84211E2 -1.83626E2 -1.84211E2 -1.54971E2 -1.54971E2 -1.54971E2 -8.62646E1 -1.54386E2 -1.54386E2 -1.57895E2 -1.53801E2 -1.59649E2 -1.59649E2 -1.59064E2 -1.5614E2 -1.43275E2 -1.55556E2 -1.54971E2 -1.56725E2 -1.5614E2 -1.52047E2 -1.54386E2 -1.56725E2 -1.78947E2 -1.56725E2 -1.5614E2 -1.68421E2 -1.54971E2 -1.54971E2 -1.22807E2 -1.53801E2 -1.54386E2 -1.53801E2 -1.61404E2 -1.59649E2 -1.76023E2 -1.70175E2 -1.69006E2 -1.68421E2 -1.4269E2 -1.38596E2 -1.10526E2 -1.11696E2 -4.50292E1 -5.67251E1
-1.84211E2 -1.72515E2 -1.79532E2 -1.82456E2 -1.83041E2 -1.83041E2 -1.83041E2 -1.7193E2 -1.83041E2 -1.83041E2 -1.83041E2 -1.83041E2 -1.64912E2 -1.60819E2 -1.60819E2 -1.60234E2 -1.53216E2 -1.54971E2 -1.83041E2 -1.88889E2 -1.89474E2 -1.83626E2 -1.83041E2 -1.83041E2 -1.88889E2 -1.84211E2 -1.84795E2 -1.54971E2 -1.54971E2 -1.63743E2 -1.63158E2 -1.54386E2 -1.60819E2 -9.93053E1 -1.59649E2 -1.59649E2 -1.56725E2 -1.5614E2 -1.5614E2 -1.4269E2 -1.42105E2 -1.4152E2 -1.53801E2 -1.54971E2 -1.54386E2 -1.53216E2 -1.8538E2 -1.55556E2 -1.47368E2 -1.46784E2 -1.46199E2 -1.49708E2 -1.48538E2 -1.48538E2 -1.47953E2 -1.72515E2 -1.59649E2 -1.75439E2 -1.75439E2 -1.4386E2 -1.51462E2 -1.51462E2 -1.16374E2 -1.21637E2 -5.67251E1 -3.04094E1 -4.03509E1 -2.80702E1
-1.83626E2 -1.75439E2 -1.16959E2 -1.84795E2 -1.18129E2 -1.66667E2 -1.83041E2 -1.85965E2 -8.70856E1 -1.17544E2 -1.49123E2 -1.49708E2 -1.65497E2 -1.50292E2 -1.60819E2 -1.54386E2 -7.89474E1 -1.2924E2 -1.83041E2 -1.83041E2 -1.9883E2 -1.83626E2 -1.82456E2 -1.95322E2 -1.88304E2 -1.88889E2 -1.64327E2 -1.62573E2 -1.63743E2 -1.63158E2 -1.63158E2 -1.61404E2 -1.85965E2 -1.53801E2 -1.53216E2 -1.53216E2 -1.53216E2 -1.59064E2 -1.5848E2 -1.55556E2 -1.4152E2 -1.40936E2 -1.53801E2 -1.54971E2 -1.80117E2 -1.53801E2 -1.52632E2 -1.52632E2 -1.46784E2 -1.18129E2 -1.18129E2 -1.45029E2 -1.48538E2 -1.52632E2 -1.43275E2 -1.46784E2 -1.77193E2 -1.63158E2 -1.75439E2 -1.5614E2 -1.43275E2 -1.4269E2 -1.15205E2 -1.25731E2 -6.31579E1 -3.27485E1 -2.98246E1 9.98004E-2
-1.15789E2 -1.75439E2 -1.17544E2 -1.8655E2 -1.87135E2 -1.83041E2 -1.91813E2 -1.85965E2 -1.18713E2 -1.18129E2 -1.60819E2 -1.60819E2 -1.50292E2 -1.47953E2 -1.48538E2 -1.53801E2 -1.2807E2 -1.28655E2 -1.64912E2 -1.64912E2 -1.83041E2 -1.83626E2 -1.83626E2 -1.83626E2 -1.84211E2 -1.84211E2 -1.88304E2 -1.84795E2 -1.88304E2 -1.63158E2 -1.8538E2 -1.8538E2 -1.53801E2 -1.53216E2 -1.53216E2 -1.036E2 -1.53216E2 -1.59064E2 -1.5848E2 -1.55556E2 -1.40936E2 -1.40351E2 -1.39766E2 -1.52632E2 -1.54971E2 -1.53801E2 -1.53216E2 -1.68421E2 -1.54971E2 -1.54386E2 -1.44444E2 -1.4386E2 -1.48538E2 -1.48538E2 -1.47368E2 -1.46784E2 -1.46199E2 -1.45614E2 -1.45029E2 -1.44444E2 -1.4269E2 -1.40351E2 -1.51462E2 -1.35673E2 -9.7076E1 -6.14035E1 -4.09357E1 -3.50877E0
-1.83041E2 -1.16959E2 -1.17544E2 -1.60819E2 -1.87135E2 -1.87719E2 -1.92398E2 -1.97076E2 -1.83041E2 -1.65497E2 -1.60819E2 -1.60819E2 -1.48538E2 -1.64912E2 -1.47953E2 -1.53801E2 -8.67067E1 -1.50292E2 -1.64912E2 -1.64912E2 -1.64327E2 -1.83041E2 -1.83626E2 -1.83626E2 -1.84211E2 -1.84211E2 -1.80117E2 -1.79532E2 -1.84795E2 -1.62573E2 -1.61988E2 -1.61988E2 -1.61404E2 -1.60819E2 -1.53216E2 -1.53216E2 -1.53216E2 -1.5848E2 -1.57895E2 -1.57895E2 -1.54971E2 -1.54386E2 -1.53216E2 -1.52632E2 -1.52047E2 -1.54386E2 -1.38012E2 -1.67251E2 -1.54386E2 -1.53801E2 -1.45029E2 -1.16959E2 -1.64327E2 -1.61404E2 -1.47368E2 -1.46784E2 -1.54971E2 -1.53216E2 -1.45029E2 -1.44444E2 -1.4152E2 -1.39766E2 -1.67836E2 -1.42105E2 -1.08187E2 -1.15205E2 -8.07018E1 -4.03509E1
-1.82456E2 -1.66082E2 -1.66667E2 -1.83041E2 -1.57895E2 -1.5848E2 -1.55556E2 -1.90058E2 -1.83041E2 -1.66082E2 -1.65497E2 -1.65497E2 -1.65497E2 -1.27485E2 -1.46784E2 -1.48538E2 -9.5611E1 -9.58952E1 -1.82456E2 -1.64912E2 -1.64327E2 -1.83041E2 -1.83041E2 -1.83626E2 -1.63743E2 -1.63158E2 -1.78947E2 -1.44444E2 -1.53801E2 -1.53801E2 -9.39059E1 -1.53801E2 -1.53801E2 -1.53216E2 -9.51058E1 -8.94222E1 -9.54847E1 -1.59064E2 -1.55556E2 -1.54971E2 -1.54386E2 -1.53801E2 -1.53216E2 -1.52632E2 -1.51462E2 -1.47368E2 -1.53801E2 -1.46199E2 -1.45029E2 -1.45029E2 -1.44444E2 -1.16374E2 -1.15789E2 -1.4386E2 -1.30409E2 -1.2924E2 -1.4152E2 -1.45029E2 -1.44444E2 -1.38596E2 -1.43275E2 -1.47953E2 -1.5731E2 -1.32164E2 -8.0117E1 -5.26316E1 -6.95906E1 -1.21637E2
-1.18129E2 -1.19298E2 -1.20468E2 -1.83041E2 -1.5731E2 -1.5848E2 -1.55556E2 -1.89474E2 -1.83041E2 -1.83041E2 -1.65497E2 -1.65497E2 -1.46784E2 -1.65497E2 -1.47953E2 -8.99274E1 -1.49123E2 -1.50292E2 -1.50292E2 -1.82456E2 -1.82456E2 -1.83041E2 -1.83041E2 -1.83626E2 -1.83626E2 -1.63158E2 -1.4269E2 -1.4269E2 -1.4269E2 -1.85965E2 -1.53216E2 -7.97916E1 -9.31165E1 -8.97063E1 -9.73792E1 -1.52632E2 -1.59649E2 -1.59064E2 -1.55556E2 -1.5731E2 -1.5731E2 -1.53801E2 -1.38596E2 -1.52047E2 -1.51462E2 -1.50292E2 -1.16959E2 -1.52632E2 -1.52047E2 -1.51462E2 -1.50292E2 -1.15789E2 -1.44444E2 -1.4386E2 -1.29825E2 -1.28655E2 -1.2807E2 -1.45029E2 -1.49123E2 -1.4269E2 -1.66082E2 -1.65497E2 -1.47368E2 -1.36257E2 -1.23392E2 -4.32749E1 -6.43275E1 -7.7193E1
-1.17544E2 -1.78363E2 -1.83041E2 -1.66667E2 -1.97661E2 -1.57895E2 -1.95906E2 -1.82456E2 -1.82456E2 -1.50877E2 -1.45614E2 -1.46784E2 -8.71345E1 -1.49123E2 -8.83041E1 -8.88889E1 -1.49123E2 -1.65497E2 -1.65497E2 -1.19298E2 -1.81871E2 -1.82456E2 -1.83041E2 -1.83041E2 -1.83626E2 -1.63158E2 -1.84211E2 -1.63158E2 -1.84211E2 -1.8655E2 -1.8655E2 -1.52632E2 -8.23492E1 -9.69372E1 -1.52632E2 -1.60234E2 -1.5614E2 -1.57895E2 -1.57895E2 -1.5731E2 -1.57895E2 -1.56725E2 -1.56725E2 -1.55556E2 -1.54971E2 -1.54386E2 -1.53801E2 -1.45029E2 -1.44444E2 -1.4386E2 -1.15789E2 -1.49708E2 -1.49123E2 -1.40936E2 -1.42105E2 -1.4152E2 -1.40936E2 -1.45029E2 -1.59064E2 -1.43275E2 -1.37427E2 -1.36842E2 -1.36257E2 -1.35088E2 -9.06433E1 -5.73099E1 -3.15789E1 -3.74269E1
-1.18713E2 -1.78947E2 -1.90058E2 -1.66667E2 -1.83041E2 -1.56725E2 -1.51462E2 -1.68421E2 -1.66082E2 -1.60819E2 -1.44444E2 -1.45614E2 -8.69593E1 -8.76539E1 -1.46199E2 -8.71345E1 -1.2924E2 -1.17544E2 -1.81871E2 -1.81871E2 -1.18129E2 -1.64327E2 -1.64327E2 -1.80702E2 -1.63743E2 -1.63743E2 -1.83626E2 -1.53216E2 -1.84211E2 -1.76608E2 -1.75439E2 -1.52632E2 -1.52632E2 -8.01074E1 -1.52632E2 -1.57895E2 -1.55556E2 -1.55556E2 -1.54971E2 -1.39181E2 -1.5731E2 -1.5614E2 -1.5614E2 -1.46784E2 -1.77193E2 -1.54386E2 -1.53216E2 -1.53216E2 -1.43275E2 -1.43275E2 -1.15205E2 -1.1462E2 -1.48538E2 -1.12865E2 -1.28655E2 -1.26901E2 -1.45614E2 -1.44444E2 -1.46784E2 -1.4269E2 -1.37427E2 -1.36842E2 -1.36257E2 -1.35088E2 -1.37427E2 -5.55556E1 -1.11462E1 -4.98895E0
-1.78363E2 -1.79532E2 -1.78947E2 -1.83041E2 -1.83041E2 -1.83041E2 -1.92982E2 -1.69006E2 -1.66082E2 -1.60234E2 -1.43275E2 -1.45614E2 -1.46784E2 -1.45614E2 -1.49708E2 -1.27485E2 -1.2807E2 -1.16374E2 -1.81871E2 -1.81287E2 -1.81287E2 -1.64912E2 -1.82456E2 -1.63743E2 -1.63743E2 -1.63743E2 -1.83626E2 -1.62573E2 -1.53216E2 -1.53216E2 -1.8538E2 -1.84795E2 -1.52632E2 -1.52047E2 -1.52632E2 -1.5731E2 -1.55556E2 -1.55556E2 -1.54971E2 -1.54386E2 -1.53801E2 -1.55556E2 -1.5614E2 -1.54386E2 -1.76023E2 -1.77778E2 -1.53216E2 -1.52632E2 -1.4152E2 -1.40936E2 -1.40936E2 -1.14035E2 -1.14035E2 -1.1345E2 -1.33333E2 -1.29825E2 -1.2924E2 -1.54386E2 -1.47953E2 -1.47953E2 -1.43275E2 -1.42105E2 -1.42105E2 -1.40936E2 -1.37427E2 -1.01754E2 -3.27485E1 -6.97821E0
-1.60819E2 -1.79532E2 -1.80117E2 -2E2 -1.92982E2 -1.81287E2 -1.91813E2 -1.67836E2 -1.82456E2 -1.60234E2 -1.45029E2 -1.45614E2 -1.44444E2 -1.4386E2 -1.27485E2 -1.63743E2 -1.65497E2 -1.73684E2 -1.63158E2 -2.02924E2 -1.81287E2 -1.64912E2 -1.82456E2 -1.82456E2 -1.63743E2 -1.63158E2 -1.83626E2 -1.62573E2 -1.62573E2 -1.84211E2 -1.57895E2 -1.61404E2 -1.5848E2 -1.60819E2 -1.60234E2 -1.83041E2 -1.56725E2 -1.56725E2 -1.5614E2 -1.54386E2 -1.53216E2 -1.53216E2 -1.52047E2 -1.54971E2 -1.65497E2 -1.53801E2 -1.53216E2 -1.52632E2 -1.4152E2 -1.50292E2 -1.50292E2 -1.4152E2 -1.39766E2 -1.1345E2 -1.12865E2 -9.53216E1 -1.2924E2 -1.55556E2 -1.52047E2 -1.47368E2 -1.51462E2 -1.52047E2 -1.52047E2 -1.53216E2 -1.2924E2 -9.94152E1 -1.01754E2 -9.00585E1
-1.79532E2 -1.80117E2 -1.80702E2 -1.81287E2 -1.81871E2 -1.81871E2 -1.90058E2 -1.87719E2 -1.65497E2 -1.65497E2 -1.63158E2 -8.80328E1 -1.09357E2 -1.43275E2 -8.53801E1 -1.46199E2 -1.65497E2 -1.60234E2 -1.60234E2 -1.81287E2 -1.81287E2 -1.64912E2 -1.81871E2 -1.64327E2 -1.82456E2 -1.83041E2 -1.83041E2 -1.83626E2 -1.62573E2 -1.61988E2 -1.5731E2 -1.5731E2 -8.93906E1 -1.32749E2 -1.56725E2 -1.59649E2 -1.5614E2 -1.5614E2 -1.81287E2 -1.53801E2 -1.5731E2 -1.56725E2 -1.78947E2 -1.77778E2 -1.53216E2 -1.53216E2 -1.52632E2 -1.52047E2 -1.62573E2 -1.64912E2 -1.67251E2 -1.49708E2 -1.4269E2 -1.40351E2 -8.24561E1 -1.12865E2 -1.12281E2 -1.12865E2 -1.54386E2 -1.54386E2 -1.54971E2 -1.25731E2 -1.22807E2 -1.63743E2 -1.38012E2 -1.07018E2 -7.07602E1 -6.95906E1
-1.79532E2 -1.80117E2 -1.57895E2 -1.5731E2 -1.55556E2 -1.53216E2 -1.53216E2 -1.82456E2 -1.64912E2 -1.60234E2 -1.43275E2 -1.4269E2 -1.4269E2 -1.81871E2 -1.62573E2 -1.63158E2 -9.15062E1 -1.60234E2 -1.60234E2 -1.81871E2 -1.81871E2 -1.81871E2 -1.78363E2 -1.81871E2 -1.82456E2 -1.83041E2 -1.83041E2 -1.83626E2 -1.62573E2 -1.61988E2 -1.5731E2 -1.52632E2 -1.33333E2 -1.32164E2 -1.76608E2 -1.59649E2 -1.59064E2 -1.59064E2 -1.55556E2 -1.5731E2 -1.5731E2 -1.56725E2 -1.5614E2 -1.55556E2 -1.54971E2 -1.53801E2 -1.53216E2 -1.52047E2 -1.31579E2 -1.69006E2 -1.73099E2 -1.46784E2 -1.49123E2 -1.4269E2 -1.27485E2 -8.12866E1 -8.30409E1 -8.36257E1 -1.33918E2 -1.18129E2 -1.25731E2 -1.23977E2 -1.23392E2 -1.18713E2 -1.14035E2 -1.16959E2 -4.10799E1 -3.91813E1
-1.80117E2 -1.96491E2 -1.92982E2 -1.91228E2 -1.82456E2 -1.82456E2 -1.82456E2 -1.81871E2 -1.64912E2 -1.60234E2 -1.51462E2 -1.52047E2 -9.73161E1 -1.45029E2 -1.63158E2 -1.63158E2 -1.46199E2 -1.45029E2 -1.44444E2 -1.4386E2 -1.80702E2 -1.81871E2 -1.81871E2 -1.80702E2 -1.81871E2 -1.82456E2 -1.63158E2 -1.62573E2 -1.62573E2 -1.61988E2 -1.83626E2 -1.83626E2 -1.32749E2 -1.81871E2 -1.5614E2 -1.5614E2 -1.59064E2 -1.54386E2 -1.38012E2 -1.53216E2 -1.52632E2 -1.52632E2 -1.5614E2 -1.54971E2 -1.54386E2 -1.53216E2 -1.48538E2 -1.1345E2 -1.1345E2 -1.14035E2 -1.1462E2 -1.28655E2 -1.46199E2 -1.4269E2 -1.1345E2 -1.1345E2 -1.12281E2 -1.2924E2 -1.5731E2 -1.38012E2 -1.5848E2 -1.5848E2 -1.35673E2 -1.2924E2 -1.1345E2 -5.20682E1 -5.20998E1 -1.04678E2
-1.91228E2 -1.97661E2 -1.98246E2 -1.89474E2 -1.25731E2 -1.82456E2 -1.82456E2 -1.82456E2 -1.81287E2 -1.59649E2 -1.60234E2 -1.52047E2 -1.52632E2 -1.44444E2 -1.45614E2 -1.61988E2 -1.44444E2 -8.20966E1 -8.75276E1 -1.43275E2 -1.81871E2 -1.78363E2 -1.94737E2 -2.01754E2 -2.01754E2 -1.82456E2 -1.63158E2 -1.57895E2 -1.62573E2 -1.61988E2 -1.81871E2 -1.83626E2 -1.81287E2 -1.80702E2 -1.67251E2 -1.55556E2 -1.54386E2 -1.54386E2 -1.37427E2 -1.53216E2 -1.52632E2 -1.52047E2 -1.55556E2 -1.54386E2 -1.49123E2 -1.48538E2 -1.52632E2 -1.12865E2 -1.14035E2 -1.1345E2 -1.12281E2 -1.12281E2 -1.11696E2 -1.11111E2 -1.11696E2 -1.37427E2 -1.09357E2 -1.36842E2 -1.37427E2 -1.36257E2 -1.5731E2 -1.61988E2 -1.4152E2 -1.09942E2 -1.08187E2 -1.07602E2 -1.05263E2 -1.05848E2
-1.80117E2 -1.81871E2 -1.97661E2 -1.88304E2 -1.26901E2 -1.82456E2 -1.82456E2 -1.79532E2 -1.77778E2 -1.59649E2 -1.59649E2 -1.60234E2 -1.60234E2 -1.4386E2 -1.44444E2 -1.4269E2 -1.50292E2 -8.24561E1 -8.94222E1 -1.42105E2 -2.01754E2 -1.4386E2 -2.01754E2 -1.82456E2 -1.82456E2 -1.82456E2 -1.63158E2 -1.42105E2 -1.62573E2 -1.57895E2 -1.5731E2 -1.32749E2 -1.81287E2 -1.5614E2 -1.66667E2 -1.59064E2 -1.54386E2 -1.53801E2 -1.53216E2 -1.52632E2 -1.52047E2 -1.5614E2 -1.55556E2 -1.5614E2 -1.40351E2 -1.4152E2 -1.66082E2 -1.40936E2 -1.14035E2 -1.12281E2 -1.11111E2 -1.09942E2 -1.30994E2 -1.37427E2 -1.11111E2 -1.30994E2 -1.29825E2 -1.63158E2 -1.61404E2 -1.35673E2 -1.60234E2 -1.4152E2 -1.30409E2 -1.33918E2 -1.08772E2 -1.08187E2 -6.37427E1 -4.9258E1
-1.91228E2 -1.81871E2 -1.81287E2 -1.94737E2 -1.82456E2 -1.82456E2 -1.82456E2 -1.81287E2 -1.64912E2 -1.64912E2 -1.59649E2 -1.60234E2 -1.4386E2 -8.78434E1 -8.28544E1 -8.73382E1 -8.47174E1 -7.83075E1 -8.16546E1 -9.79476E1 -1.4386E2 -1.4386E2 -1.76023E2 -1.81871E2 -1.81871E2 -1.82456E2 -1.62573E2 -1.57895E2 -1.62573E2 -1.5731E2 -1.61404E2 -1.61404E2 -1.60819E2 -1.5614E2 -1.55556E2 -1.59064E2 -1.5848E2 -1.78947E2 -1.53801E2 -1.5731E2 -1.56725E2 -1.55556E2 -1.54971E2 -1.62573E2 -1.63158E2 -1.4269E2 -1.42105E2 -1.53216E2 -1.67836E2 -1.53216E2 -1.10526E2 -1.18713E2 -1.22222E2 -1.43275E2 -1.32164E2 -1.36842E2 -1.29825E2 -1.61988E2 -1.71345E2 -1.52047E2 -1.69006E2 -1.35673E2 -1.32164E2 -1.39766E2 -1.47953E2 -1.29825E2 -6.19883E1 -1.00585E2
-1.95906E2 -1.80702E2 -1.94152E2 -1.82456E2 -1.81871E2 -1.81871E2 -1.27485E2 -1.64912E2 -1.38596E2 -8.07018E1 -1.26901E2 -1.40351E2 -8.99905E1 -8.26966E1 -8.18713E1 -1.42105E2 -8.56331E1 -8.9138E1 -8.42438E1 -8.53805E1 -9.53268E1 -8.55068E1 -1.81871E2 -1.81871E2 -1.82456E2 -1.82456E2 -1.62573E2 -1.62573E2 -1.5731E2 -1.56725E2 -1.61404E2 -1.83041E2 -1.60234E2 -1.54971E2 -1.65497E2 -1.54386E2 -1.78363E2 -1.54386E2 -1.54386E2 -1.77778E2 -1.78363E2 -1.56725E2 -1.81871E2 -1.66667E2 -1.66082E2 -1.54386E2 -1.40936E2 -1.54386E2 -1.69006E2 -1.12865E2 -1.39766E2 -1.38596E2 -1.65497E2 -1.76023E2 -1.36257E2 -1.36842E2 -1.46199E2 -1.45614E2 -1.55556E2 -1.46784E2 -1.43275E2 -1.4152E2 -5.73413E1 -5.4089E1 -9.76608E1 -9.4152E1 -5.96491E1 -5.1462E1
-1.90058E2 -1.81871E2 -1.20468E2 -1.20468E2 -1.66082E2 -1.81287E2 -1.80702E2 -1.80702E2 -1.37427E2 -1.38012E2 -8.10862E1 -8.12866E1 -8.17809E1 -9.16325E1 -8.08336E1 -8.958E1 -8.62962E1 -8.50647E1 -9.46006E1 -1.40936E2 -1.81287E2 -2.0117E2 -1.81871E2 -1.81871E2 -1.82456E2 -1.82456E2 -1.82456E2 -1.61988E2 -1.61988E2 -1.61404E2 -1.79532E2 -1.60819E2 -1.60234E2 -1.59649E2 -1.59649E2 -1.77778E2 -1.77778E2 -1.54386E2 -1.54386E2 -1.54386E2 -1.50292E2 -1.51462E2 -1.50877E2 -1.49708E2 -1.49123E2 -1.53801E2 -1.12281E2 -1.12281E2 -1.68421E2 -1.53801E2 -1.49708E2 -1.11696E2 -1.38012E2 -1.59064E2 -1.47953E2 -1.46784E2 -1.47368E2 -1.46784E2 -1.53801E2 -1.43275E2 -9.29825E1 -6.43275E1 -5.26316E1 -3.59962E1 -3.44174E1 -2.43132E1 -2.23555E1 -2.20082E1
-1.28655E2 -1.81871E2 -1.82456E2 -1.83041E2 -1.81871E2 -1.87135E2 -1.39181E2 -1.40351E2 -8.07018E1 -8.2665E1 -1.40351E2 -8.56015E1 -8.66751E1 -9.12536E1 -8.87275E1 -8.83486E1 -8.25387E1 -7.71077E1 -1.40936E2 -1.40351E2 -1.40351E2 -1.81287E2 -1.81871E2 -1.81871E2 -1.63158E2 -1.63158E2 -1.62573E2 -1.61988E2 -1.79532E2 -2E2 -1.82456E2 -1.82456E2 -1.82456E2 -1.82456E2 -1.82456E2 -1.99415E2 -1.78363E2 -1.78947E2 -1.78363E2 -1.66667E2 -1.56725E2 -1.5614E2 -1.54971E2 -1.68421E2 -1.66082E2 -1.71345E2 -1.78363E2 -1.38596E2 -1.35673E2 -1.38012E2 -1.10526E2 -1.08772E2 -1.64912E2 -1.70175E2 -1.47368E2 -1.46199E2 -1.45614E2 -1.44444E2 -9.94152E1 -1E2 -5.08999E1 -3.23019E1 -1.46827E1 -7.16767E0 1.99601E-2 1.17764E0 1.13772E0 9.78044E-1
-1.29825E2 -1.90643E2 -1.83041E2 -1.21053E2 -1.83626E2 -1.91813E2 -1.36257E2 -1.39181E2 -8.96432E1 -7.77392E1 -9.54847E1 -9.40006E1 -8.71803E1 -8.71487E1 -9.19166E1 -8.99274E1 -8.3928E1 -7.85917E1 -1.39766E2 -1.40351E2 -1.80117E2 -2.00585E2 -1.39181E2 -1.63743E2 -1.63158E2 -1.63158E2 -1.62573E2 -1.56725E2 -1.61988E2 -1.82456E2 -1.82456E2 -1.60234E2 -1.60234E2 -1.81871E2 -1.67251E2 -1.66082E2 -1.76608E2 -1.4269E2 -1.4152E2 -1.65497E2 -1.7076E2 -1.62573E2 -1.38596E2 -1.11696E2 -1.11111E2 -1.66667E2 -1.59649E2 -1.10526E2 -1.33918E2 -1.33333E2 -1.36257E2 -1.35088E2 -1.65497E2 -1.5848E2 -1.61404E2 -1.45029E2 -1.04678E2 -8.88889E1 -4.25324E1 -2.89233E1 -2.13451E1 -1.56299E1 -1.1083E1 -6.66246E0 8.38323E-1 2.55489E0 7.04591E0 6.24751E0
-9.56741E1 -1.30994E2 -1.83041E2 -1.20468E2 -1.84211E2 -1.91813E2 -1.35673E2 -1.36842E2 -9.24219E1 -8.61067E1 -8.46858E1 -8.2886E1 -8.33596E1 -8.58857E1 -8.51279E1 -8.88538E1 -8.47805E1 -9.01484E1 -8.5791E1 -1.39181E2 -1.81871E2 -2.00585E2 -1.81871E2 -1.63743E2 -1.63158E2 -1.81871E2 -1.62573E2 -1.61988E2 -1.61988E2 -1.81871E2 -1.81871E2 -1.60234E2 -1.60234E2 -1.99415E2 -2.00585E2 -1.73684E2 -1.4152E2 -9.82456E1 -4.83739E1 -1.39766E2 -1.39181E2 -1.38596E2 -1.10526E2 -1.09942E2 -1.10526E2 -1.09357E2 -1.08772E2 -1.52047E2 -1.09357E2 -1.32164E2 -1.38012E2 -9.7076E1 -1.65497E2 -1.57895E2 -1.4386E2 -1.4386E2 -1.0117E2 -7.89474E1 -3.41017E1 -1.28197E1 -1.2125E1 -7.29397E0 -2.3366E0 5.98802E-2 1.79641E0 2.69461E0 4.51098E0 5.36926E0
-1.31579E2 -1.32164E2 -1.83626E2 -1.84211E2 -1.84795E2 -1.92982E2 -1.74269E2 -1.74269E2 -9.14746E1 -8.42122E1 -8.59488E1 -8.82223E1 -9.55794E1 -9.83265E1 -8.57278E1 -8.98642E1 -9.80423E1 -9.11588E1 -1.38596E2 -1.38596E2 -1.81871E2 -1.39181E2 -1.63743E2 -1.63158E2 -1.62573E2 -1.78363E2 -1.32749E2 -1.32749E2 -1.32164E2 -1.61404E2 -1.60819E2 -1.81871E2 -1.81871E2 -1.77778E2 -1.68421E2 -1.76608E2 -1.4152E2 -1.12865E2 -9.59064E1 -1.10526E2 -1.39766E2 -1.39181E2 -1.10526E2 -1.36257E2 -1.35088E2 -1.33918E2 -1.61988E2 -1.32749E2 -1.33333E2 -1.62573E2 -1.62573E2 -1.63158E2 -1.54971E2 -1.50292E2 -1.61404E2 -1.42105E2 -1.38012E2 -8.65497E1 -3.59646E1 -8.08336E0 5.98802E-2 9.38124E-1 1.59681E0 2.33533E0 2.11577E0 1.37725E0 1.95609E0 3.03393E0
-8.84433E1 -8.97379E1 -1.84211E2 -1.84211E2 -1.94737E2 -1.91228E2 -1.36842E2 -1.36842E2 -1.33918E2 -1.64912E2 -9.22008E1 -9.42848E1 -1.40351E2 -1.38596E2 -8.11178E1 -1.38012E2 -1.38596E2 -1.39181E2 -1.39181E2 -1.38596E2 -9.03379E1 -1.38012E2 -1.63158E2 -1.63158E2 -1.33333E2 -7.9318E1 -1.32749E2 -1.32164E2 -1.30994E2 -1.60819E2 -1.60819E2 -1.81871E2 -1.81871E2 -1.67836E2 -1.81871E2 -1.4269E2 -1.11696E2 -1.12281E2 -1.11111E2 -1.12281E2 -1.64327E2 -1.65497E2 -1.10526E2 -1.36257E2 -9.82456E1 -9.7076E1 -1.66667E2 -1.66082E2 -1.57895E2 -1.5848E2 -1.59649E2 -1.47953E2 -1.46199E2 -1.43275E2 -1.38012E2 -1.37427E2 -1.36842E2 -1.33333E2 -5.84795E1 -1.15883E1 8.78244E-1 4.93014E0 4.51098E0 5.68862E0 1.07784E0 -4.73634E0 9.98004E-2 8.38323E-1
-1.02339E2 -1.32749E2 -1.39181E2 -1.21053E2 -1.84795E2 -1.81287E2 -1.64327E2 -1.64327E2 -1.33918E2 -1.35673E2 -1.36257E2 -1.40936E2 -1.51462E2 -1.64912E2 -1.64327E2 -1.39181E2 -8.73382E1 -1.38012E2 -9.54847E1 -8.32333E1 -9.34007E1 -8.97695E1 -1.35673E2 -1.63158E2 -1.56725E2 -1.62573E2 -1.61988E2 -1.5614E2 -1.61404E2 -1.60819E2 -1.88889E2 -1.88889E2 -1.67251E2 -1.90058E2 -1.68421E2 -1.4152E2 -1.40936E2 -1.74854E2 -1.76023E2 -1.28655E2 -1.26901E2 -1.38596E2 -1E2 -1.36257E2 -1.34503E2 -1.33333E2 -1.33918E2 -1.54386E2 -1.59649E2 -1.53216E2 -1.7076E2 -1.60819E2 -1.59649E2 -1.60234E2 -1.5614E2 -1.45029E2 -1.36257E2 -5.82254E1 -3.00916E1 -4.0101E0 3.19361E-1 6.98603E-1 1.29741E0 2.69461E0 2.19561E-1 1.99601E-2 -4.09357E0 1.63673E0
-1.02339E2 -1.00585E2 -1.0117E2 -1.38596E2 -1.38012E2 -1.80702E2 -1.63743E2 -1.57895E2 -1.64327E2 -1.50292E2 -1.38012E2 -1.5848E2 -1.5848E2 -1.35673E2 -1.37427E2 -1.5731E2 -9.00853E1 -9.41901E1 -9.1664E1 -8.57594E1 -9.60215E1 -9.18535E1 -9.29586E1 -1.81871E2 -1.76023E2 -1.61988E2 -1.61404E2 -1.61404E2 -1.61404E2 -1.74854E2 -1.27485E2 -1.75439E2 -1.53801E2 -1.66667E2 -1.77778E2 -1.77193E2 -1.39181E2 -1.75439E2 -1.4152E2 -1.73099E2 -1.38012E2 -9.94152E1 -9.94152E1 -1.22807E2 -1.22807E2 -1.33918E2 -1.61404E2 -1.49708E2 -1.61988E2 -1.45614E2 -1.44444E2 -1.46199E2 -1.63158E2 -1.61988E2 -1.44444E2 -1.45029E2 -1.39766E2 -1.27485E2 -5.90643E1 -1.52826E1 -2.10526E1 -2.16374E1 2.19561E-1 -1.11111E1 -1.40351E1 -1.34503E1 9.98004E-2 3.19361E-1
-1.38596E2 -1.82456E2 -1.91813E2 -1.39181E2 -1.37427E2 -1.73684E2 -1.64327E2 -1.63743E2 -1.64327E2 -1.64327E2 -1.19298E2 -1.56725E2 -1.5614E2 -1.63743E2 -1.57895E2 -1.35088E2 -9.08115E1 -9.0401E1 -9.02747E1 -8.89801E1 -8.91696E1 -9.31481E1 -9.74108E1 -1.33333E2 -1.81287E2 -1.61988E2 -1.61988E2 -1.81871E2 -2E2 -1.66082E2 -2.00585E2 -1.90058E2 -1.79532E2 -1.89474E2 -1.90058E2 -1.77193E2 -1.76608E2 -1.38596E2 -1.74269E2 -1.7193E2 -1.73099E2 -1.72515E2 -1.38012E2 -1.52632E2 -1.12865E2 -1.1462E2 -1.12865E2 -1.47953E2 -1.46199E2 -1.46199E2 -1.46784E2 -1.20468E2 -1.45614E2 -1.63743E2 -1.63158E2 -1.43275E2 -1.2924E2 -1.23392E2 -1.28655E2 -1.0117E2 -5.67251E1 -2.8655E1 -3.15789E1 -1.28655E1 5.98802E-1 2.37525E0 3.99202E-2 -2.51462E1
-1.82456E2 -1.83626E2 -1.84211E2 -1.38012E2 -1.34503E2 -1.73684E2 -1.73684E2 -1.33918E2 -1.63743E2 -1.5614E2 -1.18713E2 -1.47368E2 -1.63743E2 -1.5614E2 -1.5614E2 -1.57895E2 -8.8317E1 -9.05589E1 -1.63158E2 -8.61383E1 -8.59488E1 -8.96748E1 -9.24219E1 -1.31579E2 -1.30994E2 -1.61988E2 -1.61988E2 -1.81287E2 -1.66667E2 -2.00585E2 -1.67251E2 -1.81287E2 -1.16959E2 -1.90058E2 -1.93567E2 -1.88304E2 -1.92398E2 -1.38012E2 -1.80117E2 -1.78363E2 -1.36257E2 -1.7193E2 -1.36842E2 -1.52047E2 -1.12865E2 -1.12865E2 -1.46784E2 -1.46199E2 -1.46784E2 -1.49123E2 -1.63743E2 -7.15504E1 -7.34449E1 -1.63743E2 -1.69591E2 -1.47368E2 -1.29825E2 -1.07018E2 -1.10526E2 -9.88304E1 -1.04678E2 -4.03509E1 -1.75439E1 2.59481E-1 1.95609E0 1.79641E0 -3.91813E1 -3.80117E1
-1.36257E2 -1.36257E2 -1.92982E2 -1.92398E2 -1.8538E2 -1.73684E2 -1.64912E2 -1.63743E2 -1.63743E2 -1.7193E2 -1.46784E2 -1.64327E2 -1.64327E2 -1.5614E2 -1.5614E2 -1.5731E2 -1.33333E2 -1.33333E2 -1.62573E2 -8.09915E1 -8.15283E1 -9.018E1 -8.97063E1 -1.75439E2 -1.76023E2 -1.81871E2 -1.81287E2 -1.90643E2 -1.67836E2 -1.18129E2 -1.90643E2 -1.90058E2 -1.16959E2 -1.16374E2 -1.93567E2 -1.90058E2 -1.90643E2 -1.36842E2 -1.07018E2 -1.07602E2 -1.78947E2 -1.62573E2 -1.56725E2 -1.35673E2 -1.1462E2 -8.18713E1 -1.22222E2 -1.46199E2 -1.49708E2 -1.74854E2 -1.66082E2 -1.23977E2 -1.21637E2 -1.51462E2 -1.38596E2 -1.33333E2 -1.20468E2 -1.22807E2 -1.07602E2 -1.12865E2 -1.33333E2 -6.95906E1 -4.21053E1 -2.39766E1 -3.33333E1 -1.52047E1 -3.15789E1 -6.90059E1
