ENM/Final_Models/M_1_F_qp_Set_1_EC/Gustavia_santanderiensis_2_Choco_clamping.asc
ncols         367
nrows         963
xllcorner     -78.6
yllcorner     0.65
cellsize      0.00833333333333323
NODATA_value  -9999
[rows 806 to 836 of 963, columns 70 to 139 of 367]
8.91446E-1 9.19208E-1 7.51303E-1 7.19455E-1 7.52557E-1 6.73649E-1 6.02409E-1 6.09299E-1 6.96656E-1 7.92162E-1 7.53599E-1 6.05099E-1 5.94669E-1 7.40765E-1 7.52963E-1 7.84824E-1 7.83093E-1 8.97194E-1 8.11161E-1 7.74361E-1 8.49535E-1 8.5098E-1 7.68158E-1 6.61941E-1 4.74372E-1 3.08235E-1 2.84432E-1 3.27308E-1 3.71981E-1 4.37913E-1 5.01018E-1 4.37497E-1 4.50078E-1 3.61861E-1 1.40981E-1 4.13802E-2 1.25173E-1 2.30054E-1 4.73584E-2 1.5235E-2 0E0 0E0 0E0 2.97235E-1 1.93783E-1 1.07328E-1 0E0 0E0 0E0 1.63453E-1 0E0 0E0 0E0 0E0 0E0 0E0 0E0 0E0 0E0 0E0 0E0 0E0 0E0 0E0 0E0 0E0 0E0 0E0 0E0 0E0
9.38949E-1 9.02742E-1 7.97323E-1 7.72722E-1 8.17682E-1 6.53355E-1 7.85509E-1 6.28549E-1 5.88822E-1 7.16438E-1 5.59029E-1 6.59838E-1 7.54356E-1 8.21597E-1 8.77401E-1 9.14498E-1 9.09002E-1 8.0791E-1 7.88399E-1 7.7776E-1 8.1815E-1 7.40435E-1 6.41785E-1 4.15934E-1 2.05219E-1 1.81225E-1 8.76631E-2 1.36501E-1 2.56109E-1 3.77325E-1 5.19472E-1 5.89002E-1 3.74133E-1 2.24862E-1 1.28931E-1 5.85258E-2 9.61831E-2 1.1228E-1 6.10403E-2 0E0 0E0 0E0 0E0 4.22378E-1 3.59598E-1 6.13436E-2 0E0 0E0 0E0 1.16992E-1 8.35142E-2 0E0 0E0 0E0 0E0 0E0 0E0 0E0 0E0 0E0 0E0 0E0 0E0 0E0 0E0 0E0 0E0 0E0 0E0 0E0
9.60474E-1 9.39718E-1 7.75099E-1 7.53056E-1 7.37585E-1 6.1336E-1 6.33304E-1 6.91517E-1 5.43516E-1 5.29303E-1 7.3909E-1 4.77643E-1 8.10322E-1 8.99997E-1 9.24162E-1 9.00618E-1 9.16691E-1 8.93255E-1 6.59824E-1 7.13347E-1 8.04929E-1 6.48813E-1 5.05446E-1 2.85391E-1 7.54519E-2 5.12707E-2 3.10385E-2 6.05014E-2 2.84088E-1 4.90498E-1 5.25978E-1 5.54655E-1 1.96183E-1 1.52981E-1 1.01778E-1 1.69735E-2 4.78247E-2 0E0 0E0 0E0 0E0 0E0 0E0 1.61281E-1 2.27667E-1 0E0 0E0 0E0 3.4947E-2 0E0 6.57581E-2 0E0 0E0 0E0 0E0 0E0 0E0 0E0 0E0 0E0 0E0 0E0 0E0 0E0 0E0 0E0 0E0 0E0 0E0 0E0
9.44713E-1 9.41703E-1 9.10005E-1 9.02143E-1 7.39552E-1 7.22722E-1 6.40027E-1 5.97059E-1 6.22456E-1 6.46847E-1 5.98182E-1 6.6393E-1 9.21764E-1 9.48965E-1 9.4779E-1 9.00493E-1 8.42058E-1 7.46307E-1 7.28801E-1 6.81111E-1 7.18665E-1 5.80552E-1 4.05852E-1 1.7557E-1 2.36537E-2 4.35828E-2 3.07856E-3 9.06566E-2 2.20045E-1 3.22374E-1 4.4355E-1 3.77846E-1 1.38498E-1 1.52676E-1 6.4578E-2 1.02381E-1 5.82297E-2 8.4672E-2 0E0 0E0 0E0 0E0 0E0 0E0 0E0 0E0 0E0 0E0 0E0 0E0 0E0 0E0 0E0 1.14824E-1 0E0 0E0 0E0 0E0 0E0 0E0 0E0 0E0 0E0 0E0 0E0 0E0 0E0 0E0 0E0 0E0
9.63021E-1 9.48893E-1 9.42989E-1 9.47228E-1 7.68728E-1 8.34781E-1 7.3645E-1 7.88211E-1 9.44488E-1 9.62071E-1 8.99256E-1 7.90331E-1 9.537E-1 9.63015E-1 9.306E-1 8.9422E-1 8.22741E-1 8.74059E-1 7.95458E-1 7.34119E-1 6.82547E-1 3.84269E-1 3.43965E-1 7.13705E-2 3.92226E-3 2.47484E-3 5.23083E-3 9.6147E-2 3.03814E-1 3.27916E-1 4.89719E-1 3.39286E-1 2.1152E-1 3.10798E-1 1.04717E-1 0E0 0E0 0E0 0E0 0E0 0E0 0E0 0E0 0E0 0E0 0E0 0E0 0E0 7.08301E-2 0E0 0E0 0E0 0E0 8.86442E-2 0E0 0E0 0E0 0E0 0E0 0E0 0E0 0E0 0E0 0E0 0E0 0E0 0E0 0E0 0E0 0E0
9.62682E-1 9.60727E-1 9.4717E-1 9.34071E-1 7.73955E-1 8.5098E-1 7.28113E-1 7.15808E-1 9.253E-1 9.2933E-1 9.43029E-1 8.83515E-1 9.34271E-1 9.59558E-1 9.43878E-1 8.95772E-1 7.66145E-1 7.09083E-1 7.75037E-1 7.00549E-1 5.22317E-1 1.83234E-1 6.64521E-2 2.3146E-2 0E0 0E0 5.99979E-2 7.70905E-2 3.49684E-1 5.10216E-1 6.50084E-1 6.60717E-1 5.13983E-1 4.531E-1 1.26102E-1 2.94538E-2 1.63668E-1 7.84516E-2 0E0 0E0 0E0 0E0 0E0 0E0 0E0 0E0 0E0 0E0 0E0 0E0 0E0 0E0 0E0 0E0 0E0 0E0 0E0 0E0 0E0 0E0 0E0 0E0 0E0 0E0 0E0 0E0 0E0 0E0 0E0 0E0
9.63671E-1 9.32061E-1 9.14759E-1 9.16675E-1 7.8096E-1 8.29489E-1 8.08945E-1 6.74839E-1 7.75064E-1 8.38799E-1 8.38848E-1 7.87713E-1 7.68634E-1 8.43052E-1 9.4251E-1 9.34595E-1 8.45034E-1 6.17714E-1 6.70783E-1 5.72614E-1 2.48599E-1 6.17779E-2 9.52383E-3 0E0 0E0 9.57428E-2 1.98928E-1 4.03081E-1 4.71142E-1 7.70898E-1 6.26812E-1 5.98152E-2 0E0 0E0 0E0 0E0 0E0 0E0 0E0 0E0 0E0 0E0 0E0 0E0 0E0 0E0 0E0 0E0 0E0 0E0 0E0 0E0 0E0 0E0 0E0 0E0 0E0 0E0 0E0 0E0 0E0 0E0 0E0 0E0 0E0 0E0 0E0 0E0 0E0 0E0
7.54912E-1 8.51796E-1 9.05793E-1 9.20016E-1 7.60436E-1 8.29006E-1 7.1778E-1 8.12074E-1 7.11118E-1 6.65872E-1 7.23042E-1 8.49292E-1 7.51482E-1 8.09514E-1 9.21986E-1 9.19557E-1 8.21052E-1 6.45711E-1 7.03745E-1 5.81293E-1 3.77602E-1 1.71682E-1 3.90919E-2 4.05995E-2 1.17576E-2 2.36336E-1 4.20383E-1 7.08276E-1 8.38785E-1 6.66827E-1 0E0 2.28972E-2 0E0 0E0 0E0 0E0 0E0 0E0 0E0 0E0 0E0 0E0 0E0 0E0 0E0 0E0 0E0 0E0 0E0 0E0 0E0 0E0 0E0 0E0 0E0 0E0 0E0 0E0 0E0 0E0 0E0 0E0 0E0 0E0 0E0 0E0 0E0 0E0 0E0 0E0
8.11687E-1 6.33217E-1 8.4619E-1 8.43715E-1 8.12565E-1 8.01996E-1 7.03227E-1 5.90806E-1 6.18183E-1 7.86481E-1 8.26723E-1 8.91239E-1 8.82906E-1 8.74494E-1 8.92706E-1 9.05511E-1 8.95147E-1 7.87682E-1 6.22838E-1 4.51275E-1 5.55152E-1 4.18844E-1 2.66324E-1 1.79939E-1 2.06636E-1 3.78855E-1 7.58454E-1 6.04907E-1 4.93625E-1 3.4506E-1 0E0 4.23468E-1 2.52597E-1 0E0 0E0 0E0 0E0 0E0 0E0 0E0 0E0 0E0 0E0 0E0 0E0 0E0 0E0 0E0 0E0 0E0 0E0 0E0 0E0 0E0 0E0 0E0 0E0 0E0 0E0 0E0 0E0 0E0 0E0 0E0 0E0 0E0 0E0 0E0 0E0 0E0
6.45226E-1 6.51405E-1 6.27636E-1 5.30956E-1 5.66616E-1 5.93287E-1 6.97732E-1 7.53424E-1 6.05012E-1 7.6527E-1 8.31655E-1 7.79403E-1 8.77358E-1 8.53605E-1 8.97333E-1 8.42154E-1 7.56573E-1 8.47443E-1 7.8857E-1 6.35347E-1 3.15941E-1 2.90648E-1 2.69567E-1 2.99872E-1 4.45087E-1 4.66808E-1 3.73648E-1 4.11303E-1 2.17945E-1 5.22597E-1 3.49738E-1 4.33342E-1 1.78154E-1 9.85694E-2 0E0 0E0 0E0 0E0 0E0 0E0 0E0 0E0 0E0 0E0 0E0 0E0 0E0 0E0 0E0 0E0 0E0 0E0 0E0 0E0 0E0 0E0 0E0 0E0 0E0 0E0 0E0 0E0 0E0 0E0 0E0 0E0 0E0 0E0 0E0 0E0
5.55291E-1 5.44911E-1 6.05501E-1 5.47308E-1 5.07346E-1 7.26364E-1 7.15118E-1 7.71247E-1 7.65727E-1 7.04418E-1 6.7179E-1 6.85493E-1 8.06998E-1 8.71086E-1 8.28229E-1 6.96011E-1 6.47371E-1 8.40812E-1 8.2279E-1 7.76047E-1 6.59029E-1 4.66873E-1 3.96063E-1 4.74444E-1 7.30935E-1 7.79685E-1 3.57485E-1 0E0 3.88641E-1 3.73579E-1 4.15314E-1 4.6148E-1 7.85794E-2 4.93334E-2 0E0 0E0 0E0 0E0 0E0 0E0 0E0 0E0 0E0 0E0 -9999 -9999 -9999 -9999 0E0 0E0 0E0 -9999 -9999 -9999 -9999 0E0 0E0 0E0 0E0 0E0 0E0 0E0 0E0 0E0 0E0 0E0 0E0 0E0 0E0 0E0
7.23781E-1 5.29127E-1 7.16771E-1 6.6636E-1 6.18836E-1 6.7283E-1 7.32112E-1 6.96083E-1 6.78756E-1 7.43302E-1 6.54226E-1 7.06107E-1 7.04242E-1 7.79254E-1 6.30647E-1 6.69569E-1 5.87878E-1 6.04381E-1 6.89358E-1 8.70756E-1 8.08951E-1 7.56586E-1 5.91788E-1 6.8103E-1 4.97485E-1 3.26435E-1 3.47803E-1 2.32372E-1 2.84899E-1 2.67918E-1 2.24424E-1 2.60712E-1 6.23655E-2 0E0 1.84018E-1 0E0 0E0 0E0 0E0 0E0 0E0 0E0 0E0 0E0 -9999 -9999 -9999 -9999 -9999 0E0 -9999 -9999 -9999 -9999 -9999 -9999 0E0 0E0 0E0 0E0 0E0 0E0 0E0 0E0 0E0 0E0 0E0 0E0 0E0 0E0
7.08688E-1 7.74032E-1 7.45493E-1 7.642E-1 7.0773E-1 5.51578E-1 5.86782E-1 6.25054E-1 5.96648E-1 5.92394E-1 6.68169E-1 5.78306E-1 6.49612E-1 5.2698E-1 7.20788E-1 6.37451E-1 6.32116E-1 6.04805E-1 4.92184E-1 5.93841E-1 8.45511E-1 7.80384E-1 6.50822E-1 4.75526E-1 2.35944E-1 2.53127E-1 3.06009E-1 2.89088E-1 3.08693E-1 4.58096E-1 3.37495E-1 2.17944E-1 2.09049E-1 1.52933E-1 6.2873E-2 9.85365E-2 4.99464E-1 0E0 0E0 0E0 0E0 0E0 0E0 0E0 -9999 -9999 -9999 -9999 -9999 -9999 -9999 -9999 -9999 -9999 -9999 -9999 0E0 0E0 0E0 0E0 0E0 0E0 0E0 0E0 0E0 0E0 0E0 0E0 0E0 0E0
6.84366E-1 7.87919E-1 5.2757E-1 6.45386E-1 6.60628E-1 6.9775E-1 6.25106E-1 6.42002E-1 7.09492E-1 6.49478E-1 6.43539E-1 6.98634E-1 5.22777E-1 7.12017E-1 6.40866E-1 5.82041E-1 5.65408E-1 4.88518E-1 3.86271E-1 5.36802E-1 6.9644E-1 5.85597E-1 5.10761E-1 4.59849E-1 3.16696E-1 5.09136E-1 2.65076E-1 5.23693E-1 3.1128E-1 3.79909E-1 4.47531E-1 3.97018E-1 1.98208E-1 9.43411E-2 1.87964E-2 1.55221E-1 5.83176E-1 6.03063E-1 0E0 0E0 0E0 0E0 -9999 -9999 -9999 -9999 -9999 -9999 -9999 -9999 -9999 -9999 -9999 -9999 -9999 -9999 0E0 0E0 0E0 0E0 0E0 0E0 0E0 0E0 0E0 0E0 0E0 0E0 0E0 0E0
7.42725E-1 7.39918E-1 7.11092E-1 6.67415E-1 4.70523E-1 6.14283E-1 7.30714E-1 4.88646E-1 7.00532E-1 4.76299E-1 6.83896E-1 7.05217E-1 6.82086E-1 6.96658E-1 6.58469E-1 7.03351E-1 6.52829E-1 5.2683E-1 3.69099E-1 4.89942E-1 6.65718E-1 6.19812E-1 4.7529E-1 4.3449E-1 3.55248E-1 4.62287E-1 4.10405E-1 3.89645E-1 4.97667E-1 3.64114E-1 2.2251E-1 4.29905E-1 2.8243E-1 1.11818E-1 1.31022E-1 2.16156E-1 3.43555E-1 2.54575E-1 0E0 0E0 0E0 0E0 0E0 -9999 -9999 -9999 -9999 -9999 -9999 -9999 -9999 -9999 -9999 -9999 -9999 -9999 0E0 0E0 0E0 0E0 0E0 0E0 0E0 0E0 0E0 0E0 0E0 0E0 0E0 0E0
7.66814E-1 7.49744E-1 7.40147E-1 5.11332E-1 5.81484E-1 6.36785E-1 5.96922E-1 5.55821E-1 7.1481E-1 4.93865E-1 6.93207E-1 6.64574E-1 6.48789E-1 6.98171E-1 6.92948E-1 6.63032E-1 6.3776E-1 6.04474E-1 5.42502E-1 4.46203E-1 5.53165E-1 5.10347E-1 5.13392E-1 6.67247E-1 4.79739E-1 3.70913E-1 2.96096E-1 3.88267E-1 4.27361E-1 3.91789E-1 2.26202E-1 3.71295E-1 3.517E-1 2.85731E-1 2.43483E-1 9.47479E-2 2.14069E-1 3.99081E-1 5.14609E-2 0E0 9.64078E-2 1.31112E-1 1.80104E-1 0E0 -9999 -9999 -9999 -9999 -9999 -9999 -9999 -9999 -9999 -9999 -9999 -9999 0E0 0E0 0E0 0E0 0E0 0E0 0E0 0E0 0E0 0E0 0E0 0E0 0E0 0E0
7.28787E-1 7.2706E-1 7.53902E-1 7.62007E-1 7.1094E-1 5.17738E-1 5.54166E-1 5.70397E-1 6.88119E-1 7.04315E-1 6.42302E-1 5.60391E-1 4.84709E-1 4.46802E-1 6.60771E-1 5.85572E-1 5.01278E-1 5.64049E-1 4.72621E-1 4.09737E-1 4.51048E-1 4.22695E-1 5.72159E-1 5.71445E-1 5.33619E-1 4.052E-1 2.81679E-1 2.18144E-1 4.56752E-1 5.13894E-1 5.01767E-1 4.51034E-1 3.69465E-1 1.61849E-1 5.55125E-2 3.29268E-2 2.30676E-1 1.53109E-1 1.51202E-1 1.3331E-1 7.71866E-2 1.06398E-1 1.90612E-1 0E0 0E0 -9999 -9999 -9999 -9999 -9999 -9999 -9999 -9999 -9999 -9999 -9999 0E0 0E0 0E0 0E0 0E0 0E0 0E0 0E0 0E0 0E0 0E0 0E0 0E0 0E0
7.29524E-1 7.10016E-1 5.00309E-1 7.0412E-1 7.08329E-1 4.87951E-1 5.63949E-1 4.83346E-1 5.9394E-1 6.93894E-1 6.75426E-1 4.69409E-1 6.32832E-1 4.31615E-1 4.51981E-1 6.0439E-1 3.36499E-1 4.34548E-1 4.06904E-1 4.72767E-1 4.41655E-1 5.26741E-1 6.02913E-1 5.98896E-1 5.53912E-1 3.89407E-1 1.97702E-1 3.361E-1 5.46368E-1 5.70317E-1 4.80709E-1 4.88734E-1 1.92605E-1 6.41465E-2 2.92615E-2 6.17046E-2 1.65973E-1 1.32031E-1 1.06872E-1 1.86954E-1 1.40807E-2 4.54602E-2 8.55874E-3 0E0 0E0 -9999 -9999 -9999 -9999 -9999 -9999 -9999 -9999 -9999 -9999 -9999 0E0 0E0 0E0 0E0 0E0 0E0 0E0 0E0 0E0 0E0 0E0 0E0 0E0 0E0
5.0538E-1 6.89896E-1 6.84393E-1 6.79145E-1 6.85235E-1 6.76606E-1 6.29498E-1 3.98672E-1 6.31452E-1 7.07887E-1 7.14014E-1 4.42157E-1 4.61434E-1 3.68548E-1 5.70529E-1 5.1849E-1 5.46065E-1 6.22128E-1 5.45717E-1 5.40912E-1 5.36851E-1 5.43767E-1 6.05246E-1 4.75887E-1 4.86212E-1 3.17574E-1 2.92183E-1 3.84976E-1 5.57046E-1 5.36781E-1 5.32759E-1 2.82914E-1 1.82246E-1 7.14886E-2 1.34654E-1 1.41378E-1 2.68361E-1 2.8345E-1 1.36312E-1 4.25976E-2 6.25136E-2 9.53009E-2 1.60317E-2 0E0 0E0 -9999 -9999 -9999 -9999 -9999 -9999 -9999 -9999 -9999 -9999 -9999 0E0 0E0 0E0 0E0 0E0 0E0 0E0 0E0 0E0 0E0 0E0 0E0 0E0 0E0
5.28339E-1 6.80547E-1 7.6121E-1 7.33108E-1 7.36163E-1 7.16006E-1 6.82795E-1 6.59254E-1 7.10599E-1 6.89475E-1 7.22289E-1 6.76097E-1 6.21433E-1 5.23558E-1 5.2896E-1 6.42602E-1 6.39024E-1 4.82329E-1 5.07217E-1 3.51053E-1 4.0189E-1 3.70008E-1 6.17933E-1 4.96078E-1 3.64159E-1 2.23968E-1 2.85277E-1 3.83405E-1 3.93505E-1 4.20556E-1 3.17614E-1 2.97482E-1 2.85099E-1 2.30002E-1 1.33257E-1 2.0467E-1 1.88229E-1 2.09376E-1 1.57391E-1 1.94393E-1 2.06042E-1 1.08402E-1 6.39616E-2 0E0 0E0 -9999 -9999 -9999 -9999 -9999 -9999 -9999 -9999 -9999 -9999 -9999 -9999 0E0 0E0 0E0 0E0 0E0 0E0 0E0 0E0 0E0 0E0 0E0 0E0 0E0
7.25947E-1 6.72723E-1 6.6531E-1 7.15279E-1 7.02552E-1 7.4802E-1 6.81728E-1 6.75261E-1 6.36937E-1 6.12477E-1 6.08616E-1 6.11984E-1 6.13195E-1 4.76638E-1 4.99178E-1 5.92336E-1 3.59225E-1 2.37624E-1 2.42981E-1 3.33126E-1 2.58148E-1 4.29813E-1 5.00117E-1 4.43395E-1 3.41481E-1 2.6469E-1 2.14828E-1 3.78472E-1 4.39211E-1 4.13769E-1 3.03476E-1 2.69748E-1 2.28074E-1 1.82612E-1 1.2099E-1 0E0 0E0 2.29447E-1 2.31071E-1 1.83984E-1 8.49456E-2 0E0 0E0 0E0 0E0 5.69061E-3 -9999 -9999 -9999 -9999 -9999 -9999 -9999 -9999 -9999 -9999 0E0 0E0 0E0 0E0 0E0 0E0 0E0 0E0 0E0 0E0 0E0 0E0 0E0 0E0
7.51862E-1 7.30007E-1 6.76663E-1 7.59312E-1 7.52421E-1 7.41647E-1 7.07187E-1 5.68378E-1 5.43511E-1 5.57111E-1 5.35563E-1 4.96446E-1 5.27458E-1 4.84028E-1 4.97639E-1 5.44521E-1 4.25661E-1 1.92005E-1 1.00299E-1 1.52E-1 2.67804E-1 4.02619E-1 5.38929E-1 5.72722E-1 5.02462E-1 4.42869E-1 2.97761E-1 3.02944E-1 4.50861E-1 4.99804E-1 4.05237E-1 3.53261E-1 2.94941E-1 1.27705E-1 1.75549E-1 2.35734E-1 1.24172E-1 9.65613E-2 1.18375E-1 2.35362E-1 1.11283E-1 7.37268E-2 0E0 0E0 0E0 0E0 0E0 -9999 -9999 -9999 -9999 -9999 -9999 -9999 -9999 -9999 0E0 0E0 0E0 0E0 0E0 0E0 0E0 0E0 0E0 0E0 0E0 0E0 0E0 0E0
7.75523E-1 7.75876E-1 7.33359E-1 7.39137E-1 7.09014E-1 6.54919E-1 5.88875E-1 5.32215E-1 4.52106E-1 5.96279E-1 5.56401E-1 5.04675E-1 4.55873E-1 5.11266E-1 5.7866E-1 5.32732E-1 5.03851E-1 2.69985E-1 2.79132E-2 1.25434E-2 1.31882E-1 2.31087E-1 3.95429E-1 4.76932E-1 5.94274E-1 5.80755E-1 4.47381E-1 3.0312E-1 4.3108E-1 4.20578E-1 4.85782E-1 3.4911E-1 1.88083E-1 1.78548E-1 2.10721E-1 1.76956E-1 1.7987E-1 1.76073E-1 1.89848E-1 8.88921E-2 0E0 0E0 4.89028E-3 0E0 0E0 0E0 0E0 0E0 -9999 -9999 -9999 -9999 -9999 -9999 -9999 -9999 -9999 0E0 0E0 0E0 0E0 0E0 0E0 0E0 0E0 0E0 0E0 0E0 0E0 0E0
7.01722E-1 7.13311E-1 6.91626E-1 7.35409E-1 6.93046E-1 5.87008E-1 5.46317E-1 5.29796E-1 5.00249E-1 6.17574E-1 5.7476E-1 5.24895E-1 4.46807E-1 4.58634E-1 5.68085E-1 4.70807E-1 5.42966E-1 3.63158E-1 6.1361E-2 9.92659E-3 3.75774E-2 6.77675E-2 2.15353E-1 3.26338E-1 4.1796E-1 4.04048E-1 3.42546E-1 2.30968E-1 2.71576E-1 2.78531E-1 4.07221E-1 3.77441E-1 3.50461E-1 3.28639E-1 3.46612E-1 1.47318E-1 1.83274E-1 2.94223E-1 1.74595E-1 8.57339E-2 6.9651E-2 0E0 0E0 0E0 0E0 0E0 0E0 0E0 -9999 -9999 -9999 -9999 -9999 -9999 -9999 -9999 -9999 -9999 0E0 0E0 0E0 0E0 0E0 0E0 0E0 0E0 0E0 0E0 0E0 0E0
7.16419E-1 7.05624E-1 6.80833E-1 6.29028E-1 5.75484E-1 5.10589E-1 5.60069E-1 5.13069E-1 6.11579E-1 6.52657E-1 5.37236E-1 2.27354E-1 2.52884E-1 4.35637E-1 5.81105E-1 5.74031E-1 3.73103E-1 2.93288E-1 8.77727E-2 1.86255E-2 1.55134E-2 2.98911E-2 2.12443E-1 2.99979E-1 3.88786E-1 4.0445E-1 3.6918E-1 2.1165E-1 1.16977E-1 1.45525E-1 2.94802E-1 3.86248E-1 3.77896E-1 3.57327E-1 2.86079E-1 7.59497E-2 1.34447E-1 6.39884E-2 1.435E-1 1.79287E-2 0E0 0E0 0E0 0E0 0E0 0E0 0E0 0E0 0E0 -9999 -9999 -9999 -9999 -9999 -9999 -9999 -9999 -9999 -9999 -9999 0E0 0E0 0E0 0E0 0E0 0E0 0E0 0E0 0E0 0E0
5.89204E-1 6.86129E-1 6.0937E-1 5.71189E-1 5.42633E-1 5.76289E-1 5.8126E-1 5.76363E-1 6.47316E-1 6.24347E-1 5.46453E-1 2.62521E-1 3.21857E-1 3.93063E-1 5.87806E-1 5.8445E-1 5.33853E-1 2.92387E-1 1.72615E-1 8.08258E-2 2.03828E-2 3.77613E-3 6.70791E-2 1.10842E-1 2.70809E-1 4.43329E-1 3.70367E-1 1.60594E-1 1.27597E-1 2.02548E-1 3.1639E-1 3.07457E-1 2.44608E-1 2.51058E-1 1.54969E-1 1.24437E-1 9.72509E-2 0E0 0E0 0E0 0E0 0E0 0E0 0E0 0E0 0E0 0E0 0E0 0E0 0E0 0E0 -9999 -9999 -9999 -9999 -9999 -9999 -9999 -9999 -9999 -9999 0E0 0E0 0E0 0E0 0E0 0E0 0E0 0E0 0E0
6.34603E-1 7.1348E-1 6.14141E-1 5.90324E-1 6.22564E-1 5.75553E-1 6.26166E-1 7.15632E-1 6.35024E-1 4.97559E-1 4.42743E-1 4.0239E-1 3.45919E-1 3.38622E-1 5.33441E-1 4.59349E-1 4.51639E-1 3.41435E-1 2.93705E-1 1.82763E-1 5.98474E-2 2.74944E-2 2.43013E-2 1.45785E-2 1.52152E-1 3.53064E-1 2.8672E-1 2.01896E-1 2.92894E-1 3.61241E-1 4.00515E-1 2.114E-1 2.8748E-1 2.48631E-1 1.70208E-1 0E0 0E0 0E0 0E0 0E0 0E0 0E0 0E0 0E0 0E0 0E0 0E0 0E0 0E0 0E0 0E0 0E0 -9999 -9999 -9999 -9999 -9999 -9999 -9999 -9999 -9999 -9999 0E0 0E0 0E0 0E0 0E0 0E0 0E0 0E0
6.9982E-1 6.44872E-1 5.74254E-1 4.23428E-1 4.73492E-1 6.16796E-1 7.45196E-1 6.62767E-1 4.62277E-1 2.612E-1 2.40559E-1 3.3457E-1 5.26053E-1 4.25525E-1 4.31793E-1 2.3366E-1 3.0202E-1 4.54165E-1 3.5603E-1 3.19928E-1 2.82282E-1 1.3558E-1 5.07619E-2 2.13073E-2 1.09167E-1 2.30721E-1 2.84067E-1 3.06103E-1 5.069E-1 4.7235E-1 3.01875E-1 3.7129E-1 2.69037E-1 2.46452E-1 1.50351E-1 0E0 0E0 0E0 0E0 0E0 0E0 0E0 0E0 0E0 0E0 0E0 0E0 0E0 0E0 0E0 0E0 0E0 0E0 -9999 -9999 -9999 -9999 -9999 -9999 -9999 -9999 -9999 0E0 0E0 0E0 0E0 0E0 0E0 0E0 0E0
5.51827E-1 4.48102E-1 4.64431E-1 4.9597E-1 5.96972E-1 6.76271E-1 7.43722E-1 6.40169E-1 3.17343E-1 4.48714E-1 3.90892E-1 5.03408E-1 4.88354E-1 3.71018E-1 3.05135E-1 1.57808E-1 8.98594E-2 1.28333E-1 2.38941E-1 3.55799E-1 2.12248E-1 6.7545E-2 1.04766E-2 8.45375E-3 6.69101E-2 4.17951E-1 4.94752E-1 3.11096E-1 4.71245E-1 4.47277E-1 4.8032E-1 3.38864E-1 2.61051E-1 1.04763E-1 0E0 0E0 0E0 0E0 0E0 0E0 0E0 0E0 0E0 0E0 0E0 0E0 0E0 0E0 0E0 0E0 0E0 0E0 0E0 0E0 -9999 -9999 -9999 -9999 -9999 -9999 -9999 -9999 -9999 0E0 0E0 0E0 0E0 0E0 0E0 0E0
6.3091E-1 4.84177E-1 4.82764E-1 6.74332E-1 7.24277E-1 7.23136E-1 7.41303E-1 5.87071E-1 5.4017E-1 3.68664E-1 3.36466E-1 6.27388E-1 5.60494E-1 2.50729E-1 1.48147E-1 1.21474E-1 8.61896E-2 5.06354E-2 7.17011E-2 1.87197E-1 2.1158E-1 7.28611E-2 2.48513E-2 3.02279E-2 1.27424E-1 3.21866E-1 5.49996E-1 4.356E-1 4.85214E-1 4.59331E-1 3.74599E-1 2.00406E-1 1.26532E-1 0E0 0E0 0E0 0E0 0E0 0E0 0E0 0E0 0E0 0E0 0E0 0E0 0E0 0E0 0E0 0E0 0E0 0E0 0E0 0E0 0E0 0E0 -9999 -9999 -9999 -9999 -9999 -9999 -9999 -9999 0E0 0E0 0E0 0E0 0E0 0E0 0E0
7.36738E-1 6.95891E-1 6.80606E-1 5.30819E-1 5.58061E-1 7.18489E-1 7.31879E-1 5.40519E-1 4.88946E-1 5.00889E-1 3.51965E-1 5.81961E-1 5.00085E-1 4.64347E-1 2.4444E-1 1.73545E-1 1.02865E-1 5.81237E-2 5.93271E-2 1.10172E-1 2.3008E-1 2.22404E-1 1.63497E-1 7.3126E-2 1.18922E-1 3.90158E-1 5.72166E-1 4.81869E-1 3.67372E-1 3.48981E-1 3.60574E-1 2.33339E-1 1.52894E-1 0E0 0E0 0E0 0E0 0E0 0E0 0E0 0E0 0E0 0E0 0E0 0E0 0E0 0E0 0E0 0E0 0E0 0E0 0E0 0E0 0E0 0E0 0E0 0E0 -9999 -9999 -9999 -9999 -9999 -9999 0E0 0E0 0E0 0E0 0E0 0E0 0E0
