ENM/Final_Models/M_1_F_qp_Set_1_EC/Gustavia_santanderiensis_0_Choco.asc
ncols         367
nrows         963
xllcorner     -78.6
yllcorner     0.65
cellsize      0.00833333333333323
NODATA_value  -9999
[rows 360 to 389 of 963, columns 134 to 200 of 367]
-9999 -9999 -9999 -9999 -9999 -9999 -9999 -9999 -9999 -9999 -9999 -9999 -9999 -9999 -9999 -9999 -9999 -9999 -9999 -9999 -9999 -9999 -9999 -9999 -9999 -9999 -9999 -9999 -9999 -9999 -9999 9.91523E-1 9.38256E-1 9.77043E-1 9.95651E-1 7.83693E-1 6.91711E-1 6.73979E-1 6.08719E-1 8.74401E-1 5.41515E-1 4.14346E-1 4.82305E-1 4.49433E-1 3.47454E-1 3.15078E-1 3.38696E-1 3.4045E-1 3.68177E-1 5.97813E-1 9.04077E-1 9.81111E-1 9.93734E-1 8.16062E-1 8.74769E-1 9.9854E-1 9.99917E-1 1E0 9.99998E-1 1E0 1E0 1E0 1E0 9.99991E-1 9.86194E-1 9.96893E-1 9.97382E-1
-9999 -9999 -9999 -9999 -9999 -9999 -9999 -9999 -9999 -9999 -9999 -9999 -9999 -9999 -9999 -9999 -9999 -9999 -9999 -9999 -9999 -9999 -9999 -9999 -9999 -9999 -9999 -9999 -9999 -9999 9.78889E-1 9.9351E-1 7.88171E-1 8.61318E-1 9.89246E-1 8.50823E-1 5.5462E-1 4.33399E-1 3.86352E-1 5.76198E-1 6.03222E-1 4.15804E-1 4.14292E-1 5.21711E-1 5.15199E-1 5.30874E-1 3.87613E-1 4.15724E-1 5.48598E-1 9.13699E-1 9.89776E-1 9.10423E-1 9.73973E-1 9.32883E-1 9.01233E-1 9.96603E-1 9.99802E-1 9.99916E-1 9.99998E-1 1E0 1E0 1E0 1E0 9.99918E-1 9.99068E-1 9.9091E-1 9.74231E-1
-9999 -9999 -9999 -9999 -9999 -9999 -9999 -9999 -9999 -9999 -9999 -9999 -9999 -9999 -9999 -9999 -9999 -9999 -9999 -9999 -9999 -9999 -9999 -9999 -9999 -9999 -9999 -9999 -9999 9.58727E-1 9.91369E-1 9.82318E-1 9.7679E-1 8.88595E-1 8.93821E-1 9.28842E-1 5.2144E-1 3.09002E-1 5.07165E-1 6.80695E-1 7.98261E-1 7.2868E-1 8.19171E-1 8.20858E-1 8.46678E-1 7.23663E-1 5.89916E-1 6.74203E-1 7.40694E-1 9.97698E-1 9.97121E-1 9.90904E-1 8.99132E-1 9.85058E-1 8.87113E-1 9.92339E-1 9.99508E-1 9.99482E-1 9.99996E-1 1E0 1E0 1E0 9.9999E-1 9.99001E-1 9.99743E-1 9.98826E-1 9.75837E-1
-9999 -9999 -9999 -9999 -9999 -9999 -9999 -9999 -9999 -9999 -9999 -9999 -9999 -9999 -9999 -9999 -9999 -9999 -9999 -9999 -9999 -9999 -9999 -9999 -9999 -9999 -9999 5.45384E-1 4.25398E-1 8.36084E-1 8.27763E-1 8.61461E-1 8.06065E-1 6.67633E-1 3.79221E-1 3.13058E-1 3.89042E-1 3.71142E-1 5.96611E-1 6.41742E-1 8.9432E-1 8.62412E-1 8.56912E-1 9.95379E-1 9.88854E-1 9.46333E-1 7.58373E-1 8.49838E-1 9.5091E-1 7.68098E-1 9.91218E-1 9.95849E-1 9.95709E-1 9.9776E-1 9.48267E-1 9.98709E-1 9.99701E-1 9.98094E-1 9.98782E-1 9.99939E-1 1E0 9.99994E-1 1E0 9.99612E-1 9.98261E-1 9.99965E-1 9.99814E-1
-9999 -9999 -9999 -9999 -9999 -9999 -9999 -9999 -9999 -9999 -9999 -9999 -9999 -9999 -9999 -9999 -9999 -9999 -9999 1.06568E-1 1.1387E-1 2.50279E-1 3.54151E-1 4.26717E-1 5.35655E-1 5.35266E-1 5.04E-1 3.05891E-1 3.01346E-1 6.85371E-1 6.95609E-1 9.84036E-1 9.1817E-1 5.90098E-1 4.2294E-1 2.13953E-1 8.58457E-2 2.35607E-1 4.26907E-1 5.60634E-1 8.7647E-1 9.36561E-1 9.16332E-1 9.83283E-1 9.98282E-1 9.78128E-1 9.7876E-1 9.78208E-1 8.79996E-1 6.86841E-1 8.90459E-1 9.99998E-1 9.9954E-1 9.99339E-1 9.99806E-1 9.9974E-1 9.99907E-1 9.99898E-1 9.99936E-1 9.98183E-1 1E0 1E0 1E0 9.97592E-1 9.99958E-1 9.91218E-1 9.9554E-1
-9999 -9999 -9999 -9999 -9999 -9999 -9999 -9999 -9999 -9999 -9999 -9999 -9999 -9999 -9999 -9999 -9999 -9999 1.42252E-1 8.57781E-2 1.30627E-1 1.82698E-1 5.50939E-1 7.43417E-1 8.56184E-1 5.64737E-1 6.54563E-1 4.84641E-1 4.22859E-1 2.77742E-1 5.55557E-1 6.26495E-1 9.63211E-1 8.19784E-1 3.46587E-1 2.31873E-1 1.58869E-1 2.34415E-1 1.95561E-1 3.45326E-1 6.8649E-1 8.65563E-1 9.52352E-1 9.95173E-1 9.9992E-1 9.98671E-1 9.99911E-1 9.99973E-1 9.9832E-1 9.00231E-1 7.60122E-1 9.8495E-1 9.97742E-1 9.99591E-1 9.99632E-1 9.98458E-1 9.96793E-1 9.99938E-1 9.99808E-1 9.99881E-1 9.99963E-1 9.999E-1 9.99999E-1 9.9938E-1 9.99873E-1 9.95671E-1 9.9867E-1
-9999 -9999 -9999 -9999 -9999 -9999 -9999 -9999 -9999 -9999 -9999 -9999 -9999 -9999 -9999 -9999 -9999 -9999 2.18056E-1 3.07127E-1 2.66725E-1 2.98712E-1 4.54317E-1 8.66619E-1 9.54867E-1 8.6599E-1 7.83683E-1 7.24717E-1 6.57979E-1 5.45219E-1 2.72539E-1 2.54398E-1 3.11887E-1 2.37376E-1 1.44805E-1 1.37577E-1 2.95305E-1 6.09551E-1 3.45761E-1 3.30407E-1 3.68187E-1 9.27582E-1 9.82109E-1 9.7389E-1 9.93349E-1 9.90078E-1 9.97996E-1 9.99708E-1 9.99989E-1 9.9977E-1 9.76971E-1 9.98424E-1 9.97007E-1 9.80327E-1 9.88549E-1 9.97199E-1 9.98203E-1 9.99894E-1 9.99793E-1 9.99806E-1 9.99581E-1 9.9404E-1 9.99998E-1 9.99705E-1 9.99963E-1 9.96343E-1 9.97881E-1
-9999 -9999 -9999 -9999 -9999 -9999 -9999 1.12876E-1 1.43025E-1 1.01365E-1 -9999 -9999 -9999 -9999 -9999 -9999 -9999 2.99362E-1 3.75109E-1 4.01155E-1 3.89493E-1 5.34054E-1 6.20828E-1 8.99476E-1 7.95645E-1 5.25593E-1 3.45787E-1 3.14208E-1 3.1698E-1 7.05078E-1 1.91162E-1 1.11951E-1 1.39722E-1 8.35141E-2 8.38054E-2 1.24867E-1 2.73479E-1 8.85981E-1 7.60616E-1 5.18662E-1 7.47446E-1 8.69621E-1 9.37852E-1 9.87715E-1 9.81959E-1 9.16249E-1 8.40146E-1 9.73604E-1 9.99924E-1 1E0 9.99043E-1 9.99776E-1 9.99957E-1 9.94515E-1 9.88319E-1 9.98508E-1 9.99467E-1 9.96957E-1 9.99679E-1 9.99428E-1 9.99953E-1 9.99956E-1 9.99858E-1 9.92738E-1 9.99013E-1 9.87881E-1 9.99163E-1
-9999 -9999 -9999 -9999 -9999 2.01795E-1 1.05616E-1 1.29457E-1 1.11083E-1 1.43924E-1 1.18758E-1 -9999 -9999 -9999 -9999 -9999 -9999 2.14286E-1 2.89897E-1 2.44743E-1 3.43239E-1 7.41641E-1 7.29753E-1 7.59745E-1 6.81204E-1 3.57833E-1 4.10746E-1 1.34149E-1 2.47223E-1 4.50035E-1 2.19261E-1 1.38533E-1 5.98551E-2 5.10117E-2 1.10739E-1 1.94275E-1 2.60117E-1 6.67725E-1 8.82236E-1 7.78571E-1 7.53181E-1 9.26258E-1 9.17693E-1 9.24983E-1 9.80599E-1 9.74802E-1 7.80751E-1 9.89742E-1 9.99042E-1 9.99995E-1 9.99998E-1 9.9997E-1 9.99993E-1 9.99993E-1 9.85581E-1 9.88017E-1 9.99107E-1 9.83477E-1 9.7776E-1 9.87584E-1 9.99333E-1 9.87875E-1 9.99279E-1 9.99577E-1 9.99251E-1 9.99771E-1 9.88563E-1
-9999 -9999 -9999 -9999 9.40214E-2 1.40746E-1 2.50724E-1 1.97642E-1 8.69078E-2 2.35278E-1 2.01167E-1 1.5827E-1 -9999 -9999 -9999 1.74273E-1 1.5088E-1 4.04276E-1 5.08562E-1 2.05248E-1 4.35367E-1 7.47156E-1 8.02599E-1 5.59174E-1 6.08159E-1 2.7606E-1 2.31493E-1 5.24954E-2 6.80063E-2 3.87684E-1 2.57229E-1 1.14131E-1 7.15231E-2 3.1743E-2 1.09818E-1 8.39474E-2 7.80667E-2 5.60106E-1 8.38525E-1 8.4294E-1 9.44596E-1 9.82505E-1 9.87094E-1 9.91238E-1 9.87079E-1 9.86981E-1 9.79452E-1 9.97106E-1 9.98736E-1 9.99788E-1 9.99646E-1 9.99407E-1 9.99406E-1 9.99724E-1 9.95457E-1 9.93847E-1 9.88131E-1 9.90961E-1 9.95625E-1 9.96417E-1 9.99992E-1 9.99982E-1 9.99905E-1 9.99722E-1 9.99209E-1 9.98519E-1 9.99699E-1
-9999 1.43084E-1 1.83746E-1 1.44176E-1 7.41215E-2 1.76761E-1 3.27792E-1 2.38922E-1 7.92337E-2 5.9892E-2 8.84244E-2 2.43582E-1 2.73274E-1 4.27577E-1 3.99558E-1 2.67722E-1 4.96251E-1 6.4883E-1 3.23179E-1 4.49639E-1 7.91467E-1 9.35901E-1 9.29956E-1 5.75747E-1 7.55474E-1 6.93222E-1 4.73378E-1 9.35547E-2 8.38034E-2 4.89887E-1 2.82154E-1 7.87559E-2 6.59318E-2 3.2887E-2 6.05788E-2 9.03929E-2 6.62301E-2 5.40345E-1 9.10226E-1 8.99577E-1 9.6373E-1 9.7466E-1 9.99553E-1 9.69687E-1 9.99984E-1 9.99923E-1 9.98563E-1 9.99517E-1 9.99957E-1 9.99836E-1 9.98618E-1 9.82651E-1 9.79582E-1 9.91762E-1 9.99187E-1 9.99157E-1 9.96458E-1 9.98995E-1 9.94762E-1 9.9942E-1 9.99618E-1 9.99625E-1 9.99325E-1 9.99983E-1 9.929E-1 9.9777E-1 9.99431E-1
1.41273E-1 1.929E-1 1.789E-1 3.52473E-1 3.2226E-1 1.46932E-1 1.11187E-1 1.64435E-1 1.03016E-1 1.71589E-1 1.33868E-1 3.15453E-1 2.44375E-1 7.24523E-1 4.29063E-1 5.59863E-1 7.75824E-1 4.92072E-1 1.55986E-1 2.32396E-1 4.90903E-1 6.3904E-1 7.25615E-1 8.48645E-1 7.15888E-1 4.33574E-1 2.16962E-1 2.56823E-1 1.10863E-1 8.45341E-2 3.44848E-1 4.95628E-2 5.91245E-2 5.4034E-2 5.61797E-2 1.48158E-1 3.23249E-1 6.0014E-1 9.9811E-1 9.87207E-1 9.77952E-1 9.82345E-1 9.97081E-1 9.50295E-1 9.99235E-1 9.99998E-1 9.99986E-1 9.99998E-1 9.98374E-1 9.99881E-1 9.93503E-1 9.48019E-1 9.81026E-1 9.98917E-1 9.81365E-1 9.20054E-1 9.85523E-1 9.95476E-1 9.98765E-1 9.99073E-1 9.97907E-1 9.98983E-1 9.99504E-1 9.99632E-1 9.8677E-1 9.99476E-1 9.98818E-1
1.71346E-1 5.17243E-1 4.67449E-1 3.73191E-1 1.06059E-1 6.74889E-2 8.32698E-2 1.91033E-1 2.08957E-1 1.59818E-1 3.53583E-1 3.28763E-1 5.22595E-1 7.14503E-1 8.62947E-1 8.06419E-1 6.85653E-1 5.61508E-1 1.47767E-1 4.50374E-2 4.17617E-2 1.67676E-1 5.1483E-1 8.88245E-1 6.53959E-1 5.92789E-1 1.7019E-1 4.03963E-1 1.6649E-1 1.82205E-1 1.21586E-1 1.20009E-1 4.47015E-2 1.73231E-2 3.363E-2 1.36229E-2 3.02961E-2 2.27934E-1 9.65309E-1 9.7289E-1 9.79437E-1 9.84255E-1 9.90929E-1 9.85039E-1 9.9949E-1 9.92768E-1 9.94723E-1 9.9878E-1 9.73313E-1 9.5178E-1 9.77657E-1 9.49443E-1 9.7944E-1 9.98426E-1 9.19138E-1 9.06972E-1 9.7642E-1 9.99786E-1 9.97491E-1 9.98315E-1 9.98973E-1 9.93293E-1 9.98983E-1 9.9939E-1 9.58717E-1 9.54961E-1 9.99989E-1
2.80313E-1 3.91905E-1 3.53562E-1 4.92146E-1 1.78225E-1 8.03072E-2 1.08239E-1 2.95176E-1 4.1508E-1 2.58255E-1 3.00604E-1 3.82702E-1 5.03816E-1 4.22884E-1 7.9232E-1 8.12207E-1 6.62336E-1 3.20917E-1 3.58515E-2 1.48822E-2 3.34738E-2 9.59218E-2 4.91129E-1 8.77156E-1 6.11627E-1 4.89286E-1 3.18507E-1 4.02172E-1 2.5711E-1 2.02321E-1 2.35508E-1 1.54944E-1 4.53813E-2 1.40607E-2 1.27912E-2 1.46401E-2 4.22541E-2 7.25364E-1 9.83397E-1 9.81526E-1 9.98614E-1 9.93355E-1 9.85413E-1 9.02488E-1 9.35542E-1 9.75288E-1 9.96235E-1 9.73584E-1 9.87376E-1 8.74963E-1 9.85162E-1 9.98872E-1 9.62431E-1 9.65031E-1 9.54055E-1 9.47086E-1 9.56796E-1 9.9665E-1 9.82979E-1 9.89231E-1 9.9675E-1 9.97344E-1 9.99972E-1 9.998E-1 9.94469E-1 9.96537E-1 9.98615E-1
2.15235E-1 3.21573E-1 3.52351E-1 5.17764E-1 3.42445E-1 5.80466E-2 1.6425E-1 2.08517E-1 2.30141E-1 5.41029E-1 4.36998E-1 6.46963E-1 5.01788E-1 5.97899E-1 8.48939E-1 8.52294E-1 7.7296E-1 2.50174E-1 2.35605E-2 1.77982E-2 1.50081E-2 4.40906E-2 4.05093E-1 7.84395E-1 5.40497E-1 3.18421E-1 4.86941E-1 6.29173E-1 8.04462E-1 5.30612E-1 3.58376E-1 2.21082E-1 1.42591E-1 1.25414E-2 1.87989E-2 1.27751E-2 6.0315E-2 9.65666E-1 9.99311E-1 9.79008E-1 9.58441E-1 9.47493E-1 9.23526E-1 9.67537E-1 8.08821E-1 9.19973E-1 9.95372E-1 8.93867E-1 9.29357E-1 8.67927E-1 9.83759E-1 9.98345E-1 9.76835E-1 9.8432E-1 9.88652E-1 9.85962E-1 9.91652E-1 9.98568E-1 9.91691E-1 9.81234E-1 9.82992E-1 9.99401E-1 9.99963E-1 9.99992E-1 9.99976E-1 9.98993E-1 9.91364E-1
6.39796E-1 6.32984E-1 3.298E-1 4.70665E-1 3.29586E-1 1.79232E-1 1.77354E-1 4.0472E-1 3.78507E-1 5.80808E-1 5.62295E-1 6.3117E-1 4.1528E-1 5.92408E-1 8.3728E-1 7.97201E-1 7.38151E-1 1.06965E-1 7.55748E-2 1.1216E-2 6.38132E-2 1.466E-1 4.47829E-1 9.23441E-1 5.60041E-1 4.34848E-1 5.68042E-1 6.92288E-1 9.37439E-1 5.40625E-1 3.70505E-1 2.14157E-1 1.54461E-1 5.01107E-2 2.0788E-2 2.02207E-2 1.42876E-1 9.6684E-1 9.69659E-1 9.20118E-1 9.45382E-1 9.52723E-1 8.43571E-1 8.66957E-1 8.26834E-1 8.23486E-1 8.92918E-1 9.41794E-1 9.58927E-1 9.01338E-1 8.61272E-1 9.96027E-1 9.99608E-1 9.9995E-1 9.99988E-1 9.9777E-1 9.92388E-1 9.9948E-1 9.96691E-1 9.85893E-1 9.92047E-1 9.97375E-1 9.99934E-1 9.99751E-1 9.91218E-1 9.89561E-1 9.98617E-1
7.94305E-1 8.34503E-1 4.22153E-1 3.76781E-1 3.3603E-1 1.46927E-1 2.43558E-1 7.48958E-1 7.20246E-1 5.0232E-1 8.25251E-1 8.22069E-1 8.5132E-1 8.51786E-1 8.52018E-1 8.00024E-1 7.7775E-1 2.64005E-1 5.17843E-2 6.93164E-2 2.02281E-1 4.42246E-1 9.26607E-1 9.45146E-1 6.48298E-1 5.55923E-1 4.90502E-1 6.75807E-1 5.15692E-1 1.3612E-1 1.3115E-1 2.03619E-1 1.54584E-1 1.36559E-1 2.11622E-1 1.3633E-1 4.06267E-1 9.28851E-1 9.39139E-1 9.00563E-1 8.29217E-1 8.94404E-1 7.14096E-1 6.87153E-1 8.72758E-1 7.69181E-1 7.4953E-1 9.51843E-1 9.8943E-1 9.78995E-1 9.67903E-1 9.82921E-1 9.97364E-1 9.96022E-1 9.99922E-1 9.98346E-1 9.99204E-1 9.98069E-1 9.9817E-1 9.89589E-1 9.95853E-1 9.79167E-1 9.99449E-1 9.9584E-1 9.92285E-1 9.93121E-1 9.99993E-1
7.79787E-1 8.26979E-1 8.54957E-1 5.75974E-1 3.1931E-1 3.98027E-1 6.94474E-1 7.79208E-1 8.85381E-1 7.86779E-1 9.67734E-1 9.30176E-1 9.90559E-1 9.09314E-1 8.90595E-1 8.04261E-1 7.07583E-1 4.62953E-1 4.60719E-2 7.11143E-2 5.66626E-1 7.64652E-1 8.33301E-1 6.88845E-1 5.55695E-1 5.30697E-1 1.69859E-1 1.76616E-1 1.8078E-1 1.6137E-1 5.78733E-2 6.69369E-2 6.85183E-2 3.46966E-2 4.60913E-2 2.23353E-1 5.03738E-1 8.99849E-1 8.55355E-1 7.4711E-1 7.62687E-1 6.94389E-1 8.91784E-1 9.06261E-1 9.63752E-1 9.46087E-1 9.07985E-1 9.55326E-1 9.82016E-1 9.95481E-1 9.7993E-1 9.85741E-1 9.91758E-1 9.95967E-1 9.95544E-1 9.8874E-1 9.86339E-1 9.9705E-1 9.92198E-1 9.86021E-1 9.95316E-1 9.99977E-1 9.99699E-1 9.97956E-1 9.6977E-1 9.70295E-1 9.99771E-1
3.14239E-1 7.92025E-1 9.56786E-1 6.27173E-1 5.376E-1 4.76611E-1 5.98186E-1 8.60179E-1 7.43937E-1 6.34523E-1 8.85478E-1 4.66368E-1 9.74338E-1 9.67261E-1 9.12265E-1 5.21956E-1 8.61678E-1 7.88795E-1 1.22487E-1 1.44363E-1 3.3739E-1 6.08388E-1 5.5759E-1 7.88698E-1 4.65848E-1 1.47176E-1 1.09645E-1 1.12364E-1 1.1146E-1 9.72147E-2 4.5988E-2 5.56729E-2 8.80174E-2 1.2729E-2 1.68834E-2 8.11617E-2 7.3568E-1 8.40917E-1 5.33865E-1 8.69143E-1 9.17391E-1 9.68912E-1 8.87396E-1 8.68066E-1 9.88259E-1 9.98711E-1 9.97077E-1 9.99463E-1 9.97031E-1 9.99996E-1 9.99617E-1 9.94942E-1 9.99907E-1 9.97745E-1 9.98119E-1 9.81351E-1 9.91439E-1 9.81979E-1 9.76909E-1 9.97491E-1 9.90551E-1 9.99984E-1 9.9994E-1 9.99939E-1 9.99456E-1 9.99811E-1 9.9988E-1
3.14443E-1 5.71661E-1 8.60265E-1 4.96102E-1 2.51617E-1 4.30724E-1 7.78571E-1 9.13624E-1 9.03943E-1 8.90786E-1 9.04909E-1 7.67404E-1 9.83397E-1 9.93875E-1 9.73907E-1 9.63244E-1 9.37029E-1 9.75498E-1 4.46444E-1 3.06266E-1 4.5061E-1 5.32476E-1 6.26429E-1 5.09055E-1 3.068E-1 1.35783E-1 1.37124E-1 9.45841E-2 4.77098E-2 4.83878E-2 3.11593E-2 3.91197E-2 5.95482E-2 3.15461E-2 7.97265E-2 1.20054E-1 7.92174E-2 1.62895E-1 4.55498E-1 3.98935E-1 8.45538E-1 9.71376E-1 9.83384E-1 9.38707E-1 9.95174E-1 9.99985E-1 9.98171E-1 9.99965E-1 9.99998E-1 9.99991E-1 9.99523E-1 9.84879E-1 9.98837E-1 9.91621E-1 9.86376E-1 9.883E-1 9.92979E-1 9.52303E-1 9.56155E-1 9.84375E-1 9.85813E-1 9.60946E-1 9.98621E-1 9.99995E-1 9.99602E-1 9.99945E-1 9.97672E-1
4.10285E-1 9.70302E-1 7.27024E-1 9.06228E-1 7.03577E-1 6.62863E-1 8.73941E-1 8.01894E-1 9.86183E-1 9.74713E-1 9.49186E-1 7.75422E-1 9.36108E-1 9.89245E-1 9.98145E-1 9.54515E-1 9.5076E-1 8.36793E-1 3.10521E-1 1.74243E-1 5.52678E-1 5.29927E-1 4.86937E-1 3.41217E-1 4.36236E-1 2.50727E-1 3.94997E-1 1.53798E-1 1.26624E-1 1.2464E-1 4.86893E-2 1.67337E-2 2.53671E-2 3.59686E-2 8.56819E-2 1.00309E-1 3.94488E-2 5.29759E-2 1.91562E-1 3.29543E-1 6.13753E-1 7.98027E-1 9.97205E-1 9.96787E-1 9.99253E-1 9.96731E-1 9.92753E-1 9.96975E-1 9.9994E-1 9.996E-1 9.99535E-1 9.99767E-1 9.9594E-1 9.70067E-1 9.54065E-1 9.9768E-1 9.96077E-1 9.70362E-1 9.74122E-1 9.50897E-1 9.6753E-1 9.75242E-1 9.95954E-1 9.99735E-1 9.98194E-1 9.99618E-1 9.99489E-1
8.03695E-1 8.62815E-1 8.57132E-1 7.9967E-1 7.09354E-1 6.88771E-1 9.70671E-1 9.77499E-1 8.92211E-1 9.37383E-1 9.18835E-1 8.40361E-1 8.7383E-1 9.74962E-1 9.90837E-1 9.89438E-1 9.17955E-1 4.58613E-1 3.76824E-1 2.62513E-1 7.27959E-1 5.69325E-1 5.01978E-1 3.12585E-1 2.63906E-1 2.80589E-1 3.14701E-1 2.16362E-1 1.87059E-1 9.46846E-2 5.15523E-2 3.65887E-2 2.89222E-2 4.87891E-2 4.79525E-2 5.20659E-2 5.71448E-2 8.85914E-2 3.79646E-1 4.32103E-1 4.56619E-1 7.88171E-1 9.81778E-1 9.99638E-1 9.88263E-1 9.94399E-1 9.9848E-1 9.98319E-1 9.99994E-1 9.99989E-1 9.99616E-1 9.99825E-1 9.96306E-1 9.05076E-1 9.62702E-1 9.84243E-1 9.97532E-1 9.86628E-1 8.91488E-1 9.67237E-1 9.23683E-1 9.05447E-1 9.98959E-1 9.99961E-1 9.99947E-1 9.99843E-1 9.99708E-1
-9999 -9999 -9999 -9999 -9999 6.78012E-1 8.46111E-1 9.29106E-1 8.53664E-1 9.34989E-1 8.28485E-1 8.30878E-1 9.08553E-1 9.64209E-1 9.90647E-1 9.98839E-1 9.99765E-1 8.97811E-1 5.08652E-1 5.30845E-1 6.62754E-1 7.07231E-1 3.92964E-1 2.66064E-1 5.89113E-1 6.64692E-1 6.12013E-1 2.72671E-1 1.83717E-1 6.20912E-2 8.48004E-2 9.12762E-2 6.96053E-2 3.41789E-2 2.3218E-2 2.91112E-2 3.51596E-2 4.05504E-1 8.9196E-1 9.78795E-1 8.37418E-1 7.71162E-1 9.83832E-1 9.9396E-1 9.19608E-1 9.8682E-1 9.90828E-1 9.93955E-1 9.99934E-1 9.99099E-1 9.99875E-1 9.99973E-1 9.99524E-1 9.85973E-1 9.88835E-1 9.9624E-1 9.99049E-1 9.96784E-1 9.53249E-1 9.17879E-1 9.31602E-1 9.88006E-1 9.99066E-1 9.9966E-1 9.99889E-1 9.93676E-1 9.54315E-1
-9999 -9999 -9999 -9999 -9999 -9999 5.07331E-1 7.82167E-1 8.88489E-1 9.02753E-1 9.43118E-1 9.69021E-1 8.37801E-1 8.00559E-1 6.37349E-1 6.41752E-1 6.76699E-1 8.33904E-1 4.81143E-1 1.11871E-1 1.91533E-1 5.89047E-1 3.71147E-1 2.44317E-1 5.10572E-1 6.95756E-1 6.37408E-1 4.36158E-1 4.59555E-1 1.9309E-1 3.73292E-1 2.14888E-1 3.2074E-1 1.50693E-1 7.83864E-2 7.71825E-2 5.5895E-2 9.76309E-2 9.51016E-1 9.87398E-1 8.98927E-1 9.44315E-1 9.8959E-1 9.97225E-1 9.82232E-1 9.63534E-1 9.96536E-1 9.99558E-1 9.97969E-1 9.81256E-1 9.99961E-1 9.99931E-1 9.99691E-1 9.98835E-1 9.9719E-1 9.97136E-1 9.9443E-1 9.88686E-1 9.94156E-1 9.97711E-1 9.96966E-1 9.99164E-1 9.9879E-1 9.99693E-1 9.9898E-1 9.97225E-1 9.99454E-1
-9999 -9999 -9999 -9999 -9999 -9999 -9999 5.41544E-1 5.25197E-1 8.19623E-1 9.54894E-1 8.75144E-1 7.68483E-1 8.35634E-1 7.62218E-1 9.17535E-1 9.60618E-1 9.90921E-1 1.65084E-1 7.33333E-2 2.95413E-1 8.22764E-1 5.08217E-1 8.05906E-1 5.81812E-1 4.77575E-1 2.40192E-1 2.84963E-1 3.23112E-1 3.31183E-1 6.84497E-2 3.49855E-2 2.42338E-2 1.14392E-2 2.88902E-2 7.8789E-2 2.08957E-1 1.31835E-1 7.87168E-1 9.94678E-1 9.97943E-1 9.87989E-1 9.79936E-1 9.8207E-1 9.72825E-1 9.55174E-1 9.92916E-1 9.94659E-1 9.85448E-1 9.71551E-1 9.91977E-1 9.9897E-1 9.80518E-1 9.50384E-1 8.96585E-1 9.99392E-1 9.77368E-1 9.92149E-1 9.91727E-1 9.96234E-1 8.81533E-1 9.86037E-1 9.98791E-1 9.99713E-1 9.93587E-1 9.98426E-1 9.99998E-1
-9999 -9999 -9999 -9999 -9999 -9999 -9999 2.83961E-1 4.6322E-1 4.37643E-1 6.77415E-1 7.4602E-1 7.04713E-1 8.87229E-1 9.83406E-1 9.30699E-1 9.54536E-1 7.64102E-1 3.39337E-1 1.02759E-1 2.42673E-1 5.13376E-1 7.88814E-1 5.6819E-1 1.84969E-1 7.89792E-2 7.32044E-2 9.24519E-2 2.02617E-1 6.83579E-2 6.78685E-3 7.62295E-3 2.3243E-3 7.21556E-3 4.87978E-2 7.6952E-2 4.62526E-2 3.70113E-1 8.50006E-1 9.69295E-1 9.95736E-1 9.83567E-1 9.79908E-1 9.27812E-1 8.39178E-1 7.49346E-1 9.44202E-1 8.03512E-1 9.18811E-1 9.76129E-1 9.79942E-1 9.93849E-1 9.77337E-1 8.89043E-1 8.98462E-1 9.49392E-1 9.82198E-1 9.9615E-1 9.67416E-1 9.75558E-1 9.54266E-1 9.85033E-1 9.99409E-1 9.9999E-1 9.96859E-1 9.99438E-1 1E0
-9999 -9999 -9999 -9999 -9999 -9999 -9999 2.77197E-1 -9999 -9999 3.81375E-1 4.60407E-1 5.37913E-1 5.68603E-1 7.75739E-1 9.96354E-1 8.07364E-1 3.51545E-1 9.67701E-2 5.23371E-2 1.56559E-1 5.39317E-1 7.83708E-1 4.87178E-1 1.06216E-1 1.51417E-2 1.90223E-2 4.5397E-2 3.62455E-2 2.55503E-2 2.72021E-3 1.81361E-3 3.31662E-3 6.22546E-3 5.04615E-2 2.45022E-1 3.17471E-1 6.77644E-1 9.18418E-1 9.23274E-1 9.93036E-1 9.6091E-1 9.03187E-1 8.30108E-1 7.13521E-1 8.31041E-1 8.78211E-1 9.43329E-1 9.90947E-1 9.99999E-1 9.99944E-1 9.98828E-1 9.78752E-1 8.50558E-1 8.9453E-1 9.15564E-1 9.67982E-1 9.88939E-1 9.66743E-1 9.18351E-1 9.82285E-1 9.57872E-1 9.99301E-1 9.99999E-1 9.99816E-1 9.99991E-1 1E0
-9999 -9999 -9999 -9999 -9999 -9999 -9999 1.73304E-1 -9999 -9999 -9999 -9999 3.06559E-1 4.90685E-1 6.04609E-1 9.98332E-1 7.91799E-1 1.60957E-1 5.55176E-2 9.53243E-3 1.97099E-1 9.00304E-1 8.06945E-1 6.71771E-1 9.34988E-2 1.58137E-2 4.31525E-3 1.34552E-2 1.57601E-2 1.03145E-2 1.30211E-3 5.87397E-4 8.93026E-3 6.5198E-3 7.96895E-2 3.86318E-1 3.65238E-1 7.437E-1 9.05114E-1 8.38952E-1 9.93894E-1 9.47119E-1 8.74788E-1 6.65884E-1 6.82256E-1 8.0825E-1 9.87614E-1 9.87967E-1 9.96121E-1 9.99544E-1 9.99999E-1 9.97628E-1 9.63424E-1 9.69785E-1 8.52545E-1 9.14457E-1 9.42361E-1 9.85668E-1 9.93935E-1 9.58205E-1 9.87626E-1 9.93894E-1 9.97486E-1 9.99996E-1 9.99975E-1 1E0 1E0
-9999 -9999 -9999 -9999 -9999 -9999 -9999 -9999 -9999 -9999 -9999 4.23189E-1 5.41682E-1 4.09931E-1 6.91275E-1 8.84459E-1 7.78409E-1 5.4582E-1 7.5911E-2 3.62914E-2 1.81404E-1 8.88608E-1 9.18795E-1 7.99659E-1 5.6278E-2 1.42858E-2 9.39167E-3 8.27604E-3 7.24447E-3 3.86524E-3 1.21877E-3 7.11219E-4 1.50893E-3 1.65236E-2 3.9648E-2 3.55695E-1 5.50477E-1 9.54098E-1 9.71784E-1 9.16101E-1 8.93009E-1 7.55997E-1 7.45331E-1 5.90588E-1 6.03764E-1 8.96487E-1 9.20565E-1 9.47513E-1 9.88372E-1 9.97388E-1 9.99387E-1 9.99807E-1 9.56102E-1 9.4563E-1 7.43996E-1 9.4094E-1 9.84765E-1 9.47922E-1 9.93091E-1 9.99481E-1 9.99632E-1 9.9994E-1 9.99566E-1 1E0 1E0 1E0 1E0
-9999 -9999 -9999 -9999 -9999 -9999 -9999 -9999 -9999 -9999 -9999 -9999 5.2785E-1 3.04852E-1 4.00586E-1 4.75031E-1 1.36759E-1 1.92132E-1 4.90296E-2 6.42136E-2 3.09376E-1 7.2934E-1 8.0753E-1 6.02342E-1 1.06346E-1 5.91787E-3 2.24836E-3 2.34235E-3 5.0799E-3 1.97097E-3 1.22177E-3 7.54801E-4 1.18359E-3 1.0779E-2 1.54754E-2 1.1239E-1 3.22244E-1 9.95415E-1 9.9886E-1 9.83024E-1 8.81143E-1 8.79204E-1 7.98095E-1 7.54295E-1 7.42643E-1 8.97931E-1 9.46856E-1 9.62216E-1 9.73387E-1 9.8121E-1 9.82205E-1 9.68927E-1 9.59425E-1 9.58826E-1 9.16196E-1 9.4651E-1 9.73346E-1 9.94927E-1 9.93223E-1 9.99323E-1 9.9985E-1 9.99656E-1 9.99999E-1 1E0 1E0 1E0 1E0
