ENM/Final_Models/M_1_F_qp_Set_1_EC/Gustavia_santanderiensis_Choco_min.asc
ncols         367
nrows         963
xllcorner     -78.6
yllcorner     0.65
cellsize      0.00833333333333323
NODATA_value  -9999
[rows 600 to 629 of 963, columns 134 to 200 of 367]
-9999 -9999 -9999 -9999 -9999 -9999 -9999 -9999 -9999 -9999 -9999 -9999 -9999 -9999 -9999 -9999 -9999 -9999 -9999 -9999 -9999 -9999 -9999 -9999 -9999 -9999 -9999 -9999 -9999 -9999 -9999 -9999 -9999 -9999 -9999 -9999 -9999 -9999 1.10755E-1 1.57222E-1 1.75362E-1 2.1662E-1 3.80131E-1 5.71908E-1 5.72449E-1 4.78241E-1 3.07377E-1 4.39801E-1 3.80063E-1 5.1646E-1 2.70042E-1 5.51212E-1 3.76786E-1 2.616E-1 3.55386E-1 1.68991E-1 1.10691E-1 1.97416E-1 3.19503E-1 3.15503E-1 2.36727E-1 1.97739E-1 2.10913E-1 4.5283E-1 4.24437E-1 9.11453E-2 1.37197E-1
-9999 -9999 -9999 -9999 -9999 -9999 -9999 -9999 -9999 -9999 -9999 -9999 -9999 -9999 -9999 -9999 -9999 -9999 -9999 -9999 -9999 -9999 -9999 -9999 -9999 -9999 -9999 -9999 -9999 -9999 -9999 -9999 -9999 -9999 -9999 -9999 -9999 -9999 1.3416E-1 1.3441E-1 1.54952E-1 -9999 -9999 -9999 8.25523E-1 2.82979E-1 3.30371E-1 4.60159E-1 3.82102E-1 3.91732E-1 3.14243E-1 1.51793E-1 1.23771E-1 2.90687E-1 2.38501E-1 5.64996E-2 9.14215E-2 9.76521E-2 1.44634E-1 1.85821E-1 2.20374E-1 1.49908E-1 7.74923E-2 1.77654E-1 1.24134E-1 2.24348E-1 1.9703E-1
-9999 -9999 -9999 -9999 -9999 -9999 -9999 -9999 -9999 -9999 -9999 -9999 -9999 -9999 -9999 -9999 -9999 -9999 -9999 -9999 -9999 -9999 -9999 -9999 -9999 -9999 -9999 -9999 -9999 -9999 -9999 -9999 -9999 -9999 -9999 -9999 -9999 -9999 2.23114E-1 2.09663E-1 -9999 2.68057E-1 4.81455E-1 6.39744E-1 6.81611E-1 6.47906E-1 2.45897E-1 2.79871E-1 4.42684E-1 3.03342E-1 2.7915E-1 5.64334E-1 4.52158E-1 1.85314E-1 8.59065E-2 1.02957E-1 1.60965E-1 1.25323E-1 1.07873E-1 1.38056E-1 2.05727E-1 2.24638E-1 5.36036E-2 1.27772E-1 2.1047E-1 1.09373E-1 8.84069E-2
-9999 -9999 -9999 -9999 -9999 -9999 -9999 -9999 -9999 -9999 -9999 -9999 -9999 -9999 -9999 -9999 -9999 -9999 -9999 -9999 -9999 -9999 -9999 -9999 -9999 -9999 -9999 -9999 -9999 -9999 -9999 -9999 -9999 -9999 -9999 4.5122E-1 4.57065E-1 3.79684E-1 -9999 -9999 -9999 4.28187E-1 2.98093E-1 4.60953E-1 5.06711E-1 4.40609E-1 4.28348E-1 3.35688E-1 3.66524E-1 4.35592E-1 4.18662E-1 2.33961E-1 3.89945E-1 3.12099E-1 1.60933E-1 1.1157E-1 2.39806E-1 3.34759E-1 2.44127E-1 1.7527E-1 1.98106E-1 7.64053E-2 3.70704E-2 1.86981E-1 2.24107E-1 2.22325E-1 2.91567E-1
-9999 -9999 -9999 -9999 -9999 -9999 -9999 -9999 -9999 -9999 -9999 -9999 -9999 -9999 -9999 -9999 -9999 -9999 -9999 -9999 -9999 -9999 -9999 -9999 -9999 -9999 -9999 -9999 -9999 -9999 -9999 -9999 -9999 -9999 -9999 -9999 3.99154E-1 2.75004E-1 2.77588E-1 6.72022E-1 7.39728E-1 6.70284E-1 5.8086E-1 5.26637E-1 5.53152E-1 5.89384E-1 4.89019E-1 4.88267E-1 7.46431E-1 2.09828E-1 3.49366E-1 4.05271E-1 4.35563E-1 7.35736E-2 6.95639E-2 1.9226E-1 2.52375E-1 1.83938E-1 1.06074E-1 1.5044E-1 1.84213E-1 2.13264E-1 1.08762E-1 1.96932E-1 3.23469E-1 1.71767E-1 1.75354E-1
-9999 -9999 -9999 -9999 -9999 -9999 -9999 -9999 -9999 -9999 -9999 -9999 -9999 -9999 -9999 -9999 -9999 -9999 -9999 -9999 -9999 -9999 -9999 -9999 -9999 -9999 -9999 -9999 -9999 -9999 -9999 -9999 -9999 -9999 -9999 4.77661E-1 -9999 2.36159E-1 6.71146E-1 5.13544E-1 5.25549E-1 6.33185E-1 6.92283E-1 6.82E-1 4.95399E-1 4.95875E-1 5.20649E-1 3.96837E-1 3.64288E-1 7.68002E-1 2.15317E-1 4.96053E-1 5.15829E-1 3.82453E-1 4.24123E-1 2.60611E-1 2.22081E-1 1.95297E-1 1.26276E-1 1.37432E-1 3.02332E-1 4.0097E-1 1.40149E-1 1.57236E-1 3.17105E-1 2.21127E-1 1.13447E-1
-9999 -9999 -9999 -9999 -9999 -9999 -9999 -9999 -9999 -9999 -9999 -9999 -9999 -9999 -9999 -9999 -9999 -9999 -9999 -9999 -9999 -9999 -9999 -9999 -9999 -9999 -9999 -9999 -9999 -9999 -9999 -9999 -9999 -9999 -9999 1.08098E-1 1.91502E-1 3.05785E-1 3.68972E-1 3.59823E-1 3.5404E-1 4.8938E-1 4.73464E-1 4.9877E-1 4.97149E-1 4.27437E-1 4.12337E-1 6.39613E-1 4.82679E-1 2.59452E-1 3.04051E-1 4.27259E-1 4.02785E-1 2.76255E-1 4.79648E-1 2.1139E-1 3.03058E-1 2.4765E-1 8.42658E-2 6.60951E-2 2.24684E-1 2.77311E-1 1.83364E-1 1.17641E-1 1.65329E-1 3.66046E-1 2.17027E-1
-9999 -9999 -9999 -9999 -9999 -9999 -9999 -9999 -9999 -9999 -9999 -9999 -9999 -9999 -9999 -9999 -9999 -9999 -9999 -9999 -9999 -9999 -9999 -9999 -9999 -9999 -9999 -9999 -9999 -9999 -9999 -9999 -9999 -9999 -9999 2.52192E-1 2.53956E-1 6.90663E-1 7.47231E-1 5.36534E-1 5.61234E-1 4.49848E-1 4.65589E-1 4.70266E-1 5.23823E-1 5.22939E-1 4.99294E-1 6.94763E-1 5.92053E-1 4.85156E-1 4.81141E-1 3.9336E-1 4.48033E-1 5.6088E-1 5.87675E-1 3.67322E-1 2.20308E-1 1.80106E-1 1.676E-1 1.5042E-1 1.73622E-1 2.73967E-1 2.39841E-1 1.51626E-1 2.61015E-2 4.62345E-2 2.93726E-1
-9999 -9999 -9999 -9999 -9999 -9999 -9999 -9999 -9999 -9999 -9999 -9999 -9999 -9999 -9999 -9999 -9999 -9999 -9999 -9999 -9999 -9999 -9999 -9999 -9999 -9999 -9999 -9999 -9999 -9999 -9999 -9999 -9999 8.09591E-1 -9999 2.40948E-1 2.82373E-1 7.30529E-1 8.13649E-1 4.59041E-1 4.89667E-1 3.57348E-1 3.23604E-1 4.61769E-1 5.12809E-1 4.7671E-1 5.70244E-1 7.07056E-1 5.5782E-1 5.28689E-1 4.26989E-1 4.41998E-1 3.28847E-1 5.54741E-1 3.55556E-1 1.3348E-1 2.07556E-1 1.40777E-1 1.13353E-1 8.22115E-2 2.42493E-1 1.81061E-1 1.73943E-1 1.09811E-1 8.39239E-2 9.57421E-2 2.50316E-1
-9999 -9999 -9999 -9999 -9999 -9999 -9999 -9999 -9999 -9999 -9999 -9999 -9999 -9999 -9999 -9999 -9999 -9999 -9999 -9999 -9999 -9999 -9999 -9999 -9999 -9999 -9999 -9999 -9999 -9999 -9999 -9999 4.55705E-2 7.87592E-2 1.89727E-1 5.94483E-1 5.16251E-1 5.64929E-1 5.0749E-1 4.47585E-1 4.22348E-1 2.99736E-1 4.39197E-1 4.54018E-1 4.46018E-1 5.31626E-1 5.3726E-1 3.6415E-1 5.07695E-1 2.37349E-1 3.44367E-1 4.9377E-1 3.53113E-1 5.11326E-1 2.86418E-1 2.34117E-1 1.6883E-1 1.82833E-1 3.27885E-1 3.01217E-1 1.84834E-1 1.16458E-1 1.70686E-1 2.18163E-1 9.42649E-2 7.70032E-2 7.12655E-2
-9999 -9999 -9999 -9999 -9999 -9999 -9999 -9999 -9999 -9999 -9999 -9999 -9999 -9999 -9999 -9999 -9999 -9999 -9999 -9999 -9999 -9999 -9999 -9999 -9999 -9999 -9999 -9999 -9999 -9999 -9999 2.52894E-1 1.34305E-1 1.45494E-1 2.29703E-1 3.6813E-1 5.51688E-1 4.55915E-1 4.32051E-1 5.10463E-1 5.35534E-1 4.46342E-1 4.45685E-1 4.70751E-1 4.11334E-1 2.47875E-1 2.01022E-1 3.57113E-1 2.12925E-1 2.84465E-1 2.9207E-1 4.12937E-1 3.93327E-1 2.11573E-1 1.52043E-1 1.24408E-1 1.25448E-1 1.54429E-1 4.20572E-1 4.79165E-1 1.99057E-1 1.98488E-1 1.98057E-1 1.20862E-1 6.85945E-2 5.85802E-2 3.36567E-2
-9999 -9999 -9999 -9999 -9999 -9999 -9999 -9999 -9999 -9999 -9999 -9999 -9999 -9999 -9999 -9999 -9999 -9999 -9999 -9999 -9999 -9999 -9999 -9999 -9999 -9999 -9999 -9999 -9999 -9999 -9999 3.44999E-1 3.46015E-1 5.21732E-1 6.4674E-1 5.41851E-1 5.54366E-1 4.79612E-1 4.50866E-1 4.91288E-1 5.16965E-1 5.03325E-1 4.23438E-1 3.20785E-1 2.74655E-1 3.30342E-1 4.72757E-1 3.37152E-1 3.90489E-1 1.70939E-1 6.22632E-1 1.82563E-1 2.8374E-1 2.8904E-1 3.51968E-1 1.73122E-1 3.57485E-1 1.72589E-1 3.03331E-1 2.06069E-1 3.59348E-1 3.26558E-1 2.0867E-1 7.90614E-2 9.42051E-2 1.25326E-1 2.29458E-2
-9999 -9999 -9999 -9999 -9999 -9999 -9999 -9999 -9999 -9999 -9999 -9999 -9999 -9999 -9999 -9999 -9999 -9999 -9999 -9999 -9999 -9999 -9999 -9999 -9999 -9999 -9999 -9999 -9999 -9999 -9999 7.63831E-1 6.41621E-1 8.05636E-1 5.33587E-1 4.91149E-1 4.57817E-1 5.21843E-1 4.609E-1 5.58597E-1 5.72007E-1 5.19582E-1 4.40556E-1 4.75323E-1 3.71017E-1 3.1016E-1 3.78812E-1 3.71263E-1 3.62203E-1 4.08627E-1 2.6459E-1 1.87053E-1 1.54308E-1 2.83148E-1 3.30905E-1 2.60861E-1 2.1913E-1 1.93316E-1 2.25064E-1 3.02562E-1 3.13467E-1 2.5679E-1 2.28855E-1 5.37067E-2 1.87463E-1 5.96747E-2 3.06596E-2
-9999 -9999 -9999 -9999 -9999 -9999 -9999 -9999 -9999 -9999 -9999 -9999 -9999 -9999 -9999 -9999 -9999 -9999 -9999 -9999 -9999 -9999 -9999 -9999 -9999 -9999 -9999 -9999 -9999 -9999 -9999 4.82092E-1 4.62451E-1 5.25126E-1 6.26921E-1 5.29077E-1 4.54753E-1 3.9931E-1 5.61335E-1 4.90959E-1 3.565E-1 4.92771E-1 4.15404E-1 3.34619E-1 3.4769E-1 2.8271E-1 4.62259E-1 3.11967E-1 3.31802E-1 1.70449E-1 2.48478E-1 1.1494E-1 4.47842E-1 3.18924E-1 2.67688E-1 3.07698E-1 2.82124E-1 1.79224E-1 2.23121E-1 2.22908E-1 2.27325E-1 1.81723E-1 2.2131E-1 9.22578E-2 1.24545E-1 8.38615E-2 2.22389E-2
-9999 -9999 -9999 -9999 -9999 -9999 -9999 -9999 -9999 -9999 -9999 -9999 -9999 -9999 -9999 -9999 -9999 -9999 -9999 -9999 -9999 -9999 -9999 -9999 -9999 -9999 -9999 -9999 -9999 -9999 -9999 -9999 4.27067E-1 4.19551E-1 4.18342E-1 5.2249E-1 4.94788E-1 3.95382E-1 5.9482E-1 5.59274E-1 5.50442E-1 4.94348E-1 4.87407E-1 3.94428E-1 1.91134E-1 2.71454E-1 2.31877E-1 3.25537E-1 2.361E-1 1.50504E-1 1.06523E-1 2.94356E-1 3.42003E-1 3.41409E-1 3.60981E-1 4.21271E-1 2.01579E-1 1.99391E-1 1.15887E-1 1.79606E-1 1.55227E-1 1.62987E-1 3.39292E-1 2.85247E-1 1.69125E-1 7.23715E-2 8.32599E-2
-9999 -9999 -9999 -9999 -9999 -9999 -9999 -9999 -9999 -9999 -9999 -9999 -9999 -9999 -9999 -9999 -9999 -9999 -9999 -9999 -9999 -9999 -9999 -9999 -9999 -9999 -9999 -9999 -9999 -9999 -9999 -9999 -9999 -9999 4.59639E-1 4.22281E-1 3.93979E-1 3.89966E-1 5.28922E-1 4.88537E-1 4.94001E-1 4.90794E-1 5.34854E-1 3.31863E-1 2.9565E-1 1.83754E-1 2.02033E-1 1.77859E-1 9.61251E-2 1.6425E-1 1.61263E-1 2.68323E-1 5.62161E-1 2.53094E-1 3.33551E-1 3.07904E-1 2.29133E-1 3.14394E-1 2.79664E-1 2.55588E-1 2.5167E-1 1.59275E-1 2.29052E-1 2.3768E-1 1.68135E-1 2.09924E-1 1.06369E-1
-9999 -9999 -9999 -9999 -9999 -9999 -9999 -9999 -9999 -9999 -9999 -9999 -9999 -9999 -9999 -9999 -9999 -9999 -9999 -9999 -9999 -9999 -9999 -9999 -9999 -9999 -9999 -9999 -9999 -9999 -9999 -9999 -9999 -9999 4.98917E-1 4.55246E-1 4.27058E-1 4.67287E-1 3.85568E-1 3.83184E-1 4.15332E-1 4.44723E-1 8.52413E-1 6.39884E-1 2.44577E-1 3.23645E-1 1.65241E-1 1.50884E-1 9.56821E-2 7.51738E-2 1.04958E-1 2.34358E-1 1.94304E-1 1.58252E-1 1.8473E-1 1.856E-1 2.43296E-1 2.83878E-1 3.03957E-1 3.78255E-1 2.17081E-1 9.42863E-2 2.54558E-1 2.6593E-1 2.12151E-1 1.18422E-1 8.19037E-2
-9999 -9999 -9999 -9999 -9999 -9999 -9999 -9999 -9999 -9999 -9999 -9999 -9999 -9999 -9999 -9999 -9999 -9999 -9999 -9999 -9999 -9999 -9999 -9999 -9999 -9999 -9999 -9999 -9999 -9999 -9999 -9999 -9999 -9999 3.94355E-1 4.81431E-1 5.41689E-1 5.81073E-1 3.87663E-1 3.05812E-1 3.37753E-1 3.39686E-1 4.33965E-1 2.98855E-1 2.89653E-1 4.79888E-1 3.43037E-1 1.74525E-1 6.89001E-2 1.91558E-1 2.77865E-1 2.03322E-1 2.72092E-1 1.96557E-1 1.7924E-1 2.18187E-1 1.01469E-1 1.54965E-1 3.42315E-1 6.11279E-2 5.87784E-2 3.34944E-2 1.66589E-1 2.26815E-1 2.70126E-1 2.03444E-1 1.50767E-1
-9999 -9999 -9999 -9999 -9999 -9999 -9999 -9999 -9999 -9999 -9999 -9999 -9999 -9999 -9999 -9999 -9999 -9999 -9999 -9999 -9999 -9999 -9999 -9999 -9999 -9999 -9999 -9999 -9999 -9999 -9999 -9999 -9999 -9999 3.86411E-1 4.06735E-1 3.25991E-1 5.24563E-1 4.17807E-1 2.85E-1 3.28477E-1 2.06204E-1 3.24693E-1 1.59488E-1 2.0273E-1 3.12798E-1 3.24399E-1 3.18689E-1 1.21183E-1 1.41347E-1 2.8019E-1 2.19436E-1 3.14706E-1 2.58624E-1 2.4815E-1 1.04202E-1 6.69247E-2 1.20787E-1 3.48124E-1 1.79057E-2 1.15407E-2 7.69566E-2 2.56016E-1 1.78152E-1 2.02243E-1 2.78645E-1 1.47347E-1
-9999 -9999 -9999 -9999 -9999 -9999 -9999 -9999 -9999 -9999 -9999 -9999 -9999 -9999 -9999 -9999 -9999 -9999 -9999 -9999 -9999 -9999 -9999 -9999 -9999 -9999 -9999 -9999 -9999 -9999 -9999 -9999 -9999 -9999 4.4816E-1 5.00119E-1 3.20718E-1 3.97763E-1 3.75722E-1 2.92931E-1 1.54813E-1 1.5757E-1 2.27477E-1 1.31108E-1 2.68138E-1 1.7934E-1 7.34424E-2 3.73645E-2 1.11486E-1 1.85361E-1 2.16615E-1 3.43084E-1 3.83799E-1 3.53285E-1 1.66439E-1 6.83325E-2 1.05267E-1 5.34734E-1 3.20008E-1 1.01939E-1 1.01672E-1 9.85278E-2 2.48704E-1 5.46692E-2 4.96077E-2 8.98896E-2 5.99691E-2
-9999 -9999 -9999 -9999 -9999 -9999 -9999 -9999 -9999 -9999 -9999 -9999 -9999 -9999 -9999 -9999 -9999 -9999 -9999 -9999 -9999 -9999 -9999 -9999 -9999 -9999 -9999 -9999 -9999 -9999 -9999 -9999 -9999 4.29677E-1 4.14304E-1 3.39358E-1 4.23807E-1 3.94039E-1 3.92263E-1 2.56342E-1 2.3233E-1 2.48001E-1 3.59274E-1 1.91419E-1 2.94008E-1 1.34578E-1 1.57569E-1 1.31096E-1 4.61366E-2 2.69682E-1 1.11502E-1 1.13919E-1 3.30696E-1 2.89048E-1 2.29911E-1 1.81092E-1 4.98231E-2 1.88932E-1 1.3253E-1 2.25893E-1 3.37555E-1 1.1059E-1 9.48496E-2 6.86337E-2 5.0678E-2 5.51603E-2 4.25229E-2
-9999 -9999 -9999 -9999 -9999 -9999 -9999 -9999 -9999 -9999 -9999 -9999 -9999 -9999 -9999 -9999 -9999 -9999 -9999 -9999 -9999 -9999 -9999 -9999 -9999 -9999 -9999 -9999 -9999 -9999 -9999 -9999 6.1997E-1 5.64593E-1 4.04654E-1 5.02038E-1 4.69241E-1 4.56247E-1 2.57381E-1 2.73181E-1 2.43644E-1 2.69822E-1 2.22039E-1 1.60968E-1 1.92078E-1 2.2636E-1 1.35465E-1 7.73433E-2 1.82912E-1 2.58633E-1 1.46242E-1 1.3547E-1 3.54303E-1 2.66581E-1 1.55237E-1 1.91158E-1 8.5178E-2 8.55297E-2 3.91882E-2 1.55453E-1 3.23209E-1 7.92264E-2 1.37686E-1 1.10931E-1 7.65324E-2 6.6237E-2 8.321E-2
-9999 -9999 -9999 -9999 -9999 -9999 -9999 -9999 -9999 -9999 -9999 -9999 -9999 -9999 -9999 -9999 -9999 -9999 -9999 -9999 -9999 -9999 -9999 -9999 -9999 -9999 -9999 -9999 -9999 -9999 -9999 -9999 4.61619E-1 4.72498E-1 3.56445E-1 3.78329E-1 2.78315E-1 1.93953E-1 2.99531E-1 2.97903E-1 2.62236E-1 2.69245E-1 1.45328E-1 1.33689E-1 1.24015E-1 1.73841E-1 9.12818E-2 9.12108E-2 6.52641E-2 1.9023E-1 1.05686E-1 2.13992E-1 2.7104E-1 1.38186E-1 9.16189E-2 2.79054E-1 3.53202E-1 1.94652E-1 7.16138E-2 1.48171E-1 2.01047E-1 2.76314E-1 2.74245E-1 2.62442E-1 1.28483E-1 1.05605E-1 6.83307E-2
-9999 -9999 -9999 -9999 -9999 -9999 -9999 -9999 -9999 -9999 -9999 -9999 -9999 -9999 -9999 -9999 -9999 -9999 -9999 -9999 -9999 -9999 -9999 -9999 -9999 -9999 -9999 -9999 -9999 -9999 -9999 5.04875E-1 4.51003E-1 4.76414E-1 6.5674E-1 7.91269E-1 3.16574E-1 2.66671E-1 1.87017E-1 3.34296E-1 2.28584E-1 1.72622E-1 1.809E-1 1.77457E-1 3.56461E-1 3.99656E-1 5.66466E-2 4.94971E-2 7.36984E-2 1.12454E-1 3.19314E-1 2.50672E-1 2.08276E-1 2.87558E-1 3.16073E-1 2.94593E-1 2.89029E-1 2.12109E-1 8.83275E-2 1.24372E-1 1.92368E-1 1.84498E-1 1.75762E-1 2.06416E-1 1.95232E-1 2.04913E-1 1.79416E-1
-9999 -9999 -9999 -9999 -9999 -9999 -9999 -9999 -9999 -9999 -9999 -9999 -9999 -9999 -9999 -9999 -9999 -9999 -9999 -9999 -9999 -9999 -9999 -9999 -9999 -9999 -9999 -9999 -9999 -9999 6.42654E-1 6.33448E-1 5.04249E-1 5.27558E-1 6.10566E-1 4.30998E-1 6.16101E-1 1.97265E-1 5.48891E-1 5.89262E-1 2.3435E-1 2.11885E-1 3.11227E-1 1.65583E-1 3.20036E-1 2.58995E-1 6.98875E-2 1.03794E-1 6.56806E-2 5.58285E-2 1.38548E-1 1.69231E-1 1.26738E-1 1.46221E-1 2.7732E-1 3.31114E-1 3.55626E-1 2.07633E-1 1.05301E-1 1.33798E-1 2.85978E-1 3.51963E-1 1.61915E-1 1.43525E-1 1.26811E-1 1.21481E-1 9.3784E-2
-9999 -9999 -9999 -9999 -9999 -9999 -9999 -9999 -9999 -9999 -9999 -9999 -9999 -9999 -9999 -9999 -9999 -9999 -9999 -9999 -9999 -9999 -9999 -9999 -9999 -9999 -9999 -9999 -9999 -9999 6.31217E-1 4.90823E-1 5.64212E-1 5.01088E-1 5.57132E-1 4.2333E-1 5.54085E-1 2.97514E-1 3.50666E-1 6.96962E-1 3.396E-1 8.68615E-2 6.43744E-2 1.22091E-1 1.48179E-1 9.45643E-2 9.47499E-2 1.04422E-1 5.44253E-2 5.29333E-2 6.96081E-2 2.64317E-1 1.04293E-1 1.3206E-1 1.89583E-1 4.24344E-1 2.63094E-1 2.59914E-1 1.61541E-1 2.00007E-1 2.4649E-1 2.32331E-1 1.09222E-1 7.31639E-2 7.1758E-2 9.10331E-2 6.71048E-2
-9999 -9999 -9999 -9999 -9999 -9999 -9999 -9999 -9999 -9999 -9999 -9999 -9999 -9999 -9999 -9999 -9999 -9999 -9999 -9999 -9999 -9999 -9999 -9999 -9999 -9999 -9999 -9999 -9999 6.75837E-1 5.92551E-1 6.35888E-1 5.26273E-1 5.62005E-1 5.56353E-1 6.15296E-1 5.64149E-1 3.52642E-1 2.86434E-1 5.76217E-1 3.54071E-1 1.49236E-1 1.24439E-1 9.88112E-2 6.52276E-2 6.14116E-2 5.0964E-2 8.32096E-2 4.85015E-2 1.00512E-1 5.09353E-2 6.2453E-2 1.49298E-1 2.16173E-1 3.08894E-1 3.27758E-1 1.55658E-1 2.67246E-1 1.48078E-1 2.28865E-1 2.04382E-1 1.64188E-1 7.75597E-2 4.30201E-2 3.45525E-2 8.60099E-2 4.64744E-2
-9999 -9999 -9999 -9999 -9999 -9999 -9999 -9999 -9999 -9999 -9999 -9999 -9999 -9999 -9999 -9999 -9999 -9999 -9999 -9999 -9999 -9999 -9999 -9999 -9999 -9999 -9999 -9999 -9999 6.78005E-1 7.73507E-1 6.51016E-1 6.45919E-1 5.34202E-1 4.34799E-1 5.27293E-1 5.92163E-1 5.08607E-1 3.25932E-1 4.42832E-1 2.49687E-1 1.97941E-1 2.03555E-1 1.27691E-1 8.01447E-2 6.90738E-2 1.96804E-2 8.24413E-2 5.56172E-2 2.66937E-2 3.73273E-2 3.88953E-2 3.74685E-1 2.90285E-1 3.99424E-1 4.02757E-1 6.80733E-2 1.45122E-1 1.43129E-1 1.44757E-1 4.97198E-2 2.01908E-1 9.04796E-2 8.9021E-2 4.0008E-2 7.42829E-2 6.33045E-2
-9999 -9999 -9999 -9999 -9999 -9999 -9999 -9999 -9999 -9999 -9999 -9999 -9999 -9999 -9999 -9999 -9999 -9999 -9999 -9999 -9999 -9999 -9999 -9999 -9999 -9999 -9999 -9999 6.52726E-1 5.7125E-1 5.62613E-1 6.23116E-1 5.20477E-1 5.62399E-1 4.72357E-1 5.48031E-1 5.94935E-1 3.35324E-1 3.42873E-1 4.1053E-1 2.51787E-1 1.3752E-1 1.18612E-1 1.05246E-1 5.18657E-2 4.64378E-2 2.24477E-2 6.45441E-2 3.97387E-2 2.4895E-2 8.11459E-2 1.52593E-1 1.90228E-1 3.30501E-1 3.85463E-1 3.52989E-1 1.3129E-1 2.30395E-1 2.14501E-1 2.0925E-1 1.67737E-1 8.04721E-2 1.39759E-1 2.52709E-2 2.54055E-2 4.69773E-2 4.6248E-2
-9999 -9999 -9999 -9999 -9999 -9999 -9999 -9999 -9999 -9999 -9999 -9999 -9999 -9999 -9999 -9999 -9999 -9999 -9999 -9999 -9999 -9999 -9999 -9999 -9999 -9999 -9999 6.31036E-1 6.38878E-1 6.17786E-1 6.74845E-1 4.37055E-1 5.04899E-1 4.89204E-1 5.06868E-1 5.03707E-1 6.34581E-1 4.86779E-1 1.42479E-1 2.76123E-1 2.14505E-1 2.8718E-1 2.11956E-1 1.15625E-1 1.06009E-1 1.23669E-1 3.546E-2 6.84026E-2 4.99192E-2 1.71309E-1 1.90937E-1 1.91691E-1 2.29936E-1 4.44356E-1 4.28806E-1 2.9545E-1 1.42542E-1 1.90259E-1 1.91048E-1 1.5863E-1 1.14994E-1 9.61751E-2 4.32348E-2 3.94206E-2 1.37957E-2 1.28835E-2 1.49216E-2
