ENM/Final_Models/M_1_F_qp_Set_1_EC/Gustavia_santanderiensis_1_Choco_novel.asc
ncols         367
nrows         963
xllcorner     -78.6
yllcorner     0.65
cellsize      0.00833333333333323
NODATA_value  -9999
[rows 480 to 509 of 963, columns 204 to 271 of 367]
-1.47368E2 -1.52047E2 -1.52632E2 -1.21053E2 -1.20468E2 -1.4269E2 -1.52047E2 -1.52047E2 -1.52632E2 -1.52047E2 -1.5614E2 -1.45614E2 -1.4386E2 -1.18713E2 -1.57895E2 -1.57895E2 -1.44444E2 -1.19298E2 -1.07018E2 -1.19298E2 -9.4152E1 -9.18129E1 -8.94737E1 -1.04094E2 -9.00585E1 -8.94737E1 -9.53216E1 -9.47368E1 -1.06433E2 -1.04678E2 -7.66082E1 -7.36842E1 -3.527E1 -3.24282E1 -4.11746E1 -3.75118E1 -3.16704E1 -2.61446E1 -1.05263E1 -1.28197E1 -1.77771E1 -5.14683E0 9.97904E-2 2.19539E-1 2.59455E-1 2.79413E-1 2.19539E-1 4.78994E-1 3.99162E-1 1.29728E0 4.49057E0 4.13132E0 7.02525E0 5.34877E0 2.53468E0 1.95589E0 7.18491E-1 -1.92982E1 -4.91228E1 -2.04678E1 -1.16959E0 3.99162E-1 3.79204E-1 -1.81287E1 -2.45614E1 1.59665E-1 3.19329E-1 3.99162E-2
-9.94152E1 -1.06433E2 -1.51462E2 -1.4152E2 -1.33333E2 -1.32749E2 -1.4152E2 -1.51462E2 -1.51462E2 -1.54386E2 -1.54971E2 -1.4386E2 -1.28655E2 -1.44444E2 -1.5614E2 -1.56725E2 -1.4386E2 -1.19298E2 -1.07018E2 -1.06433E2 -9.4152E1 -9.4152E1 -1.1462E2 -8.88889E1 -1.03509E2 -9.59064E1 -9.59064E1 -9.53216E1 -8.65497E1 -1.09357E2 -7.77778E1 -7.36842E1 -6.95906E1 -6.66667E1 -2.84812E1 -3.97221E1 -3.13862E1 -2.81339E1 -9.59899E0 -5.96779E0 -1.13988E1 -2.55763E0 2.79413E-1 3.19329E-1 6.58617E-1 -1.16959E1 -6.43275E0 2.19539E-1 2.19539E-1 7.38449E-1 1.19749E0 1.63656E0 3.01367E0 4.90969E0 1.09769E0 1.79623E0 -1.75439E0 -8.18713E0 -3.21637E1 -3.50877E1 -2.33918E0 5.58826E-1 7.98324E-2 -4.09357E1 -3.21637E1 1.99581E-2 3.39287E-1 4.59036E-1
-1.09942E2 -1.53801E2 -1.53216E2 -1.39766E2 -1.31579E2 -1.32164E2 -1.53801E2 -1.53216E2 -1.40936E2 -1.65497E2 -1.53801E2 -1.32164E2 -1.31579E2 -1.15789E2 -1.16374E2 -1.17544E2 -1.45614E2 -1.4269E2 -1.06433E2 -1.05848E2 -1.16374E2 -1.16374E2 -1.15789E2 -1.1462E2 -9.64912E1 -9.64912E1 -8.24561E1 -8.18713E1 -8.65497E1 -8.59649E1 -8.07018E1 -3.85965E1 -7.36842E1 -7.60234E1 -3.52068E1 -2.67446E1 -3.33439E1 -3.41648E1 -2.12504E1 -3.18914E0 -1.16959E0 3.99162E-2 9.97904E-2 2.79413E-1 9.97904E-2 3.99162E-1 5.1891E-1 -4.09357E0 -1.75439E0 -1.52047E1 -7.60234E0 -3.56725E1 3.99162E-1 5.38868E-1 4.78994E-1 1.79623E0 -1.28655E1 -1.16959E1 -3.39181E1 -4.8538E1 -5.84795E-1 -1.87134E1 -3.21637E1 -2.2807E1 -1.34503E1 -3.50877E0 1.99581E-2 -6.43275E0
-1.45614E2 -1.45029E2 -1.38596E2 -1.30409E2 -1.2807E2 -1.30994E2 -1.39766E2 -1.43275E2 -1.4269E2 -1.52632E2 -1.4152E2 -1.40936E2 -1.49708E2 -1.39766E2 -1.15205E2 -1.4152E2 -1.18713E2 -1.19298E2 -1.18713E2 -1.05848E2 -1.05848E2 -1.05263E2 -1.15789E2 -6.10357E1 -8.30409E1 -9.64912E1 -9.64912E1 -9.06433E1 -1.09357E2 -5.4386E1 -7.89474E1 -7.77778E1 -4.13641E1 -7.36842E1 -2.6713E1 -1.24092E1 -1.44616E1 -2.78497E1 -1.26618E1 -1.46199E1 -2.05242E0 -8.77193E0 -1.16959E1 -2.98246E1 -5.32164E1 -2.51462E1 -2.80702E1 -5.38012E1 -5.26316E1 -6.08187E1 -4.5614E1 -1.81287E1 -3.50877E1 -8.18713E1 -5.67251E1 -1.75439E1 -3.50877E0 -7.60234E0 -4.26901E1 -2.45614E1 3.99162E-2 1.29728E0 1.09769E0 1.29728E0 2.11556E0 8.3824E-1 2.11556E0 3.39287E-1
-1.45614E2 -1.19298E2 -1.19298E2 -1.39181E2 -1.18713E2 -1.30409E2 -1E2 -1.5848E2 -1.59064E2 -1.52047E2 -1.17544E2 -1.52047E2 -1.68421E2 -1.39181E2 -1.40351E2 -1.39766E2 -1.18129E2 -1.18129E2 -1.16374E2 -9.4152E1 -9.35673E1 -1.18129E2 -1.05263E2 -9.76608E1 -1.04094E2 -8.65497E1 -5.90643E1 -5.73099E1 -1.05848E2 -6.49123E1 -6.37427E1 -7.7193E1 -8.77193E1 -7.07602E1 -3.7575E1 -2.5892E1 -2.93969E1 -2.22222E1 -5.55556E1 -1.05263E1 -7.60234E0 -6.14035E1 -2.69006E1 -7.83626E1 -7.60234E1 -8.88889E1 -1.11111E2 -1.07018E2 -6.54971E1 -9.23977E1 -3.09942E1 -1.57895E1 -3.62573E1 -7.36842E1 -5.1462E1 -1.92982E1 -5.84795E0 -1.16959E1 -2.39766E1 1.59665E-1 7.98324E-2 -2.5731E1 2.67438E0 2.67438E0 -9.35672E0 4.78994E-1 6.98533E-1 3.99162E-1
-1.45614E2 -1.36842E2 -1.19298E2 -1.52047E2 -1.37427E2 -1.37427E2 -1.4269E2 -1.43275E2 -1.15789E2 -1.5848E2 -1.4152E2 -1.51462E2 -1.67836E2 -1.38596E2 -1.38596E2 -1.1462E2 -1.51462E2 -1.38596E2 -1.1462E2 -1.15205E2 -1.15789E2 -9.29825E1 -9.29825E1 -9.76608E1 -9.7076E1 -8.30409E1 -5.84795E1 -5.61404E1 -5.55556E1 -6.49123E1 -5.61404E1 -7.89474E1 -7.7193E1 -9.4152E1 -1.02924E2 -6.25731E1 -3.72592E1 -5.55556E1 -5.55556E1 -1.83454E1 -1.88506E1 -6.60819E1 -6.84211E1 -3.21637E1 -7.7193E1 -5.4386E1 -7.95322E1 -7.48538E1 -8.53801E1 -1.32749E2 -6.84211E1 -1.46199E1 -1.46199E1 -3.56725E1 -8.42105E1 -4.09357E1 1.79623E-1 2.79413E-1 5.98743E-2 -8.18713E0 -2.63158E1 -4.83107E0 -1.57895E1 -2.17872E0 -1.75439E1 -1.16959E1 -1.40351E1 3.59246E-1
-1.19298E2 -1.36842E2 -1.36842E2 -7.59078E1 -1.04094E2 -1.37427E2 -1.14035E2 -1.15205E2 -9.7076E1 -1.50292E2 -1.17544E2 -1.16374E2 -1.59649E2 -1.39181E2 -1.67836E2 -1.14035E2 -1.1345E2 -9.7076E1 -1.14035E2 -9.23977E1 -9.64912E1 -1.1462E2 -1.1462E2 -9.64912E1 -1.14035E2 -9.64912E1 -5.96491E1 -3.69751E1 -5.4386E1 -7.7193E1 -7.36842E1 -7.1345E1 -1E2 -5.84795E1 -5.78947E1 -5.73099E1 -3.85223E1 -2.85759E1 -1.9198E1 -1.87875E1 -5.32164E1 -5.1462E1 -6.72515E1 -7.4269E1 -8.83041E1 -7.66082E1 -9.00585E1 -7.25146E1 -4.79532E1 -4.19324E1 -3.50877E1 -1.964E1 -3.27485E1 -1.34503E1 -1.16959E1 -3.15789E1 -4.38596E1 4.78994E-1 7.98324E-2 6.98533E-1 1.37711E0 1.79623E0 -4.61988E1 5.98743E-2 -2.92398E0 2.59455E-1 7.38449E-1 2.19539E-1
-1.35088E2 -1.20468E2 -1.36257E2 -1.51462E2 -1.44444E2 -1.51462E2 -1.51462E2 -1.19298E2 -1.15205E2 -1.15789E2 -1.18129E2 -1.16959E2 -1.16374E2 -1.59649E2 -1.17544E2 -9.4152E1 -1.1345E2 -6.72515E1 -6.72515E1 -9.53216E1 -9.53216E1 -1.03509E2 -1.12865E2 -1.1345E2 -1.12865E2 -9.59064E1 -9.53216E1 -1.12865E2 -1.09942E2 -7.54386E1 -3.87749E1 -6.78363E1 -9.29825E1 -7.89474E1 -7.36842E1 -3.33333E1 -2.44711E1 -1.85349E1 -1.4209E1 -2.74854E1 -2.74854E1 -2.69006E1 -6.60819E1 -6.49123E1 -8.12866E1 -1.19298E2 -1.11111E2 -9.18129E1 -1.01042E0 5.98743E-2 4.39078E-1 -2.68393E0 1.99581E-2 3.79204E-1 3.99162E-1 2.35505E0 2.19539E-1 -6.43275E0 3.19329E-1 1.09769E0 1.63656E0 2.35505E0 9.97904E-2 7.18491E-1 2.59455E-1 5.58826E-1 4.90969E0 5.34877E0
-1.34503E2 -1.05263E2 -1.19298E2 -1.19298E2 -1.50292E2 -1.4386E2 -1.19298E2 -1.19298E2 -1.01754E2 -1.0117E2 -1.18129E2 -1.19883E2 -1.38012E2 -1.39766E2 -1.15205E2 -9.4152E1 -9.29825E1 -9.23977E1 -6.72515E1 -9.12281E1 -1.02339E2 -1.10526E2 -1.10526E2 -1.12865E2 -1.12865E2 -1.12865E2 -9.53216E1 -1.01754E2 -1.11111E2 -7.77778E1 -5.49708E1 -2.87338E1 -1.00585E2 -5.96491E1 -5.84795E1 -6.31579E1 -3.21637E1 -1.63743E1 -2.14083E1 -2.33918E0 -3.27485E1 -3.09942E1 -3.27485E1 -6.14035E1 -6.78363E1 -1.08772E2 -1.27485E2 -9.12281E1 -2.92398E0 9.97904E-2 1.05778E0 2.11556E0 4.1912E-1 2.11556E0 1.19749E0 1.63656E0 -5.84795E-1 -1.05263E1 -1.92982E1 2.59455E-1 2.11556E0 1.29728E0 -3.33333E1 9.97904E-2 -1.16959E0 7.18491E-1 2.67438E0 5.6681E0
-1.19298E2 -1.05263E2 -1.19298E2 -1.18713E2 -1.48538E2 -1.49123E2 -1.19298E2 -1.18129E2 -1.18129E2 -1.18129E2 -1.18129E2 -1.17544E2 -1.17544E2 -1.16959E2 -9.94152E1 -9.35673E1 -9.29825E1 -1.12281E2 -1.16374E2 -1.16374E2 -1.11111E2 -1.09942E2 -1.09942E2 -1.10526E2 -1.11696E2 -1.11696E2 -1.11696E2 -1.0117E2 -1.11111E2 -7.89474E1 -5.67251E1 -3.42596E1 -2.15346E1 -6.14035E1 -4.38596E1 -5.67251E1 -3.56725E1 -2.53868E1 -2.10925E1 -2.92398E1 -2.88285E1 -7.07602E1 -6.90059E1 -6.84211E1 -7.25146E1 -7.77778E1 -1.21637E2 -9.76608E1 -8.24561E1 -4.32749E1 -1.08304E1 9.57988E-1 2.11556E0 4.90969E0 5.34877E0 5.6681E0 -5.84795E-1 -3.09942E1 -2.98246E1 3.99162E-2 2.19539E-1 3.99162E-1 3.59246E-1 2.79413E-1 3.79204E-1 4.49057E0 6.22692E0 3.83195E0
-1.02924E2 -1.19298E2 -1.32749E2 -1.32749E2 -1.32749E2 -1.47953E2 -1.18713E2 -1.48538E2 -1.19883E2 -1.17544E2 -1.00585E2 -1.16959E2 -1.16959E2 -1.15205E2 -1.16374E2 -1.15205E2 -1.14035E2 -9.29825E1 -1.10526E2 -1.47953E2 -1.15789E2 -1.15205E2 -1.1462E2 -1.30994E2 -1.32164E2 -1.11111E2 -1.01754E2 -1.09942E2 -1.09357E2 -1.07018E2 -7.60234E1 -2.75024E1 -2.44711E1 -1.9883E1 -1.69591E1 -3.50877E1 -3.62573E1 -6.14035E1 -2.4629E1 -8.0117E1 -7.95322E1 -7.54386E1 -1.04094E2 -1.22222E2 -1.07602E2 -9.59064E1 -1.05263E2 -1.18713E2 -1.12865E2 -1.14035E2 -1.0117E2 -3.39181E1 4.59036E-1 1.95589E0 1.79623E0 7.38449E-1 -1.05263E1 -3.39181E1 -2.63158E1 -1.81287E1 -8.18713E0 -7.01754E0 -3.50877E0 4.59036E-1 1.95589E0 4.78994E-1 9.89921E0 8.1429E0
-1.02924E2 -1.02924E2 -1.52632E2 -1.53216E2 -1.17544E2 -1.17544E2 -1.33333E2 -1.01754E2 -1.5614E2 -1.5614E2 -1.19298E2 -1.15789E2 -1.33918E2 -1.34503E2 -1.19298E2 -9.94152E1 -9.82456E1 -8.07018E1 -8.0117E1 -7.89474E1 -1.08187E2 -1.46199E2 -1.43275E2 -1.08187E2 -1.30409E2 -1.1462E2 -1.00585E2 -1.09942E2 -1.09942E2 -1.10526E2 -5.77518E1 -1.9883E1 -2.14714E1 -1.67351E1 -7.35712E0 -5.84795E-1 -2.70603E1 -5.1462E1 -2.92398E1 -7.01754E1 -7.60234E1 -7.25146E1 -9.23977E1 -3.38806E1 -6.19883E1 -4.50292E1 -2.00189E1 -2.1724E1 -1.16514E1 -4.70477E0 -9.15693E0 -1.57878E1 -4.26271E0 6.58617E-1 1.19749E0 4.78994E-1 -1.28655E1 -3.62573E1 -1.57895E1 -1.11111E1 -8.77193E0 2.19539E-1 8.3824E-1 3.99162E-1 9.97904E-2 9.89921E0 7.2847E0 7.2847E0
-1.18129E2 -1.02924E2 -1.18713E2 -1.18713E2 -1.25146E2 -1.17544E2 -1.01754E2 -1.0117E2 -1.0117E2 -1E2 -9.88304E1 -1.31579E2 -1.32164E2 -1.33333E2 -1.46784E2 -8.24561E1 -8.12866E1 -5.98674E1 -5.73099E1 -7.83626E1 -1.07602E2 -9.4152E1 -9.35673E1 -1.14035E2 -1.45614E2 -1.4386E2 -1.32749E2 -9.88304E1 -1.08187E2 -1.07018E2 -7.36842E1 -5.55556E1 -2.41238E1 -1.55668E1 -1.34503E1 -1.42722E1 -3.85965E1 -2.21345E1 -3.18282E1 -8.18713E1 -1.02339E2 -9.53216E1 -8.30409E1 -7.4269E1 -1.05848E2 -8.07018E1 -1.07989E1 1.99581E-2 1.07774E0 5.34877E0 6.22692E0 3.01367E0 2.35505E0 5.6681E0 6.38659E-1 3.19329E-1 3.99162E-2 -1.87134E1 -7.60234E0 1.59665E-1 7.38449E-1 1.95589E0 8.44227E0 2.79413E-1 4.90969E0 9.89921E0 7.80361E0 7.2847E0
-1.18129E2 -1.18713E2 -1.29825E2 -1.30409E2 -1.17544E2 -1.16959E2 -1.24561E2 -1.16959E2 -1.00585E2 -1E2 -1.14035E2 -1.1462E2 -1.31579E2 -1.44444E2 -1.36842E2 -1.14035E2 -1.12865E2 -8.07018E1 -8.0117E1 -8.0117E1 -1.11111E2 -1.09942E2 -1.1345E2 -1.07602E2 -1.44444E2 -1.22222E2 -1.20468E2 -1.12865E2 -1E2 -1E2 -7.7193E1 -6.95906E1 -6.31579E1 -1.87134E1 -2.10526E1 -1.98611E1 -2.2324E1 -2.01452E1 -7.66082E1 -8.77193E1 -1.33918E2 -1.23392E2 -1.21637E2 -1.0117E2 -9.88304E1 -9.64912E1 -5.38012E1 -1.81287E1 -1.75439E0 3.41283E0 5.6681E0 5.6681E0 4.49057E0 3.41283E0 2.67438E0 2.53468E0 2.67438E0 9.97904E-2 -4.09357E0 2.19539E-1 1.37711E0 4.13132E0 3.0935E0 2.19539E-1 8.96118E0 8.1429E0 5.20906E0 6.70592E0
-1.02339E2 -1.17544E2 -1.17544E2 -1.18129E2 -1.17544E2 -1.16959E2 -1.01754E2 -1.10526E2 -1.53801E2 -1.15205E2 -1.14035E2 -1.1345E2 -1.42105E2 -1.60234E2 -1.4386E2 -1.1345E2 -8.18713E1 -8.12866E1 -8.12866E1 -9.64912E1 -1.09942E2 -1.1462E2 -9.00585E1 -1.08187E2 -1.05848E2 -1.19883E2 -1.19883E2 -9.88304E1 -1.11111E2 -1.11111E2 -1.05263E2 -8.24561E1 -4.5614E1 -2.11241E1 -6.14035E1 -2.52921E1 -2.92075E1 -5.20468E1 -4.91228E1 -9.00585E1 -1.24561E2 -1.17544E2 -1.11111E2 -3.62573E1 5.98743E-2 -8.87275E0 -4.8538E1 -3.09942E1 5.98743E-2 8.3824E-1 2.81409E0 7.02525E0 6.22692E0 6.22692E0 3.41283E0 7.02525E0 6.22692E0 4.78994E-1 6.58617E-1 1.09769E0 4.49057E0 4.78994E-1 8.1429E0 8.96118E0 8.1429E0 8.1429E0 8.1429E0 4.23111E0
-1.16959E2 -1.40936E2 -1.27485E2 -1.17544E2 -1.17544E2 -1.0117E2 -1.0117E2 -1.09942E2 -1.38596E2 -1.38012E2 -1.2807E2 -1.11696E2 -1.4152E2 -1.54971E2 -1.43275E2 -1.12865E2 -8.12866E1 -1.12281E2 -8.07018E1 -9.47368E1 -1.10526E2 -1.14035E2 -9.06433E1 -1.1462E2 -1E2 -1.18713E2 -1.11111E2 -9.88304E1 -9.94152E1 -9.94152E1 -1.05263E2 -1.04678E2 -4.44444E1 -5.90643E1 -5.61404E1 -2.09346E1 -2.85444E1 -3.24282E1 -9.23977E1 -1.08772E2 -1.1462E2 -8.47953E1 -1.81287E1 5.1891E-1 3.19329E-1 -4.51531E0 -4.09357E1 2.59455E-1 4.59036E-1 7.38449E-1 3.83195E0 7.7637E0 3.01367E0 2.67438E0 1.63656E0 8.78156E-1 1.79623E0 4.49057E0 9.83934E0 3.83195E0 8.1429E0 7.2847E0 8.1429E0 6.96537E0 7.7637E0 7.7637E0 7.7637E0 9.26055E0
-1.02339E2 -1.42105E2 -1.16959E2 -1.16959E2 -1.40351E2 -1.39766E2 -1.39181E2 -1.15789E2 -1.52632E2 -1.1462E2 -1.1345E2 -1.34503E2 -1.21053E2 -1.42105E2 -1.34503E2 -1.42105E2 -1.4152E2 -1.59064E2 -1.47368E2 -1.11111E2 -1.08772E2 -1.07602E2 -1.09357E2 -1.1462E2 -1.0117E2 -1.05263E2 -1.26901E2 -1.12281E2 -1.12865E2 -1.12281E2 -1.06433E2 -8.07018E1 -4.21053E1 -5.49708E1 -3.04094E1 -6.60819E1 -6.95906E1 -5.67251E1 -8.30409E1 -9.12281E1 -1.08772E2 -3.68421E1 -7.60234E0 4.59036E-1 3.79204E-1 -5.84795E0 -3.80117E1 -1.81287E1 9.97904E-2 4.78994E-1 2.53468E0 4.90969E0 6.58617E-1 6.98533E-1 7.98324E-2 2.59455E-1 2.35505E0 6.22692E0 8.1429E0 6.52629E0 7.2847E0 8.96118E0 9.89921E0 9.26055E0 9.83934E0 1.06177E1 1.58667E1 9.26055E0
-1.02924E2 -1.21053E2 -1.17544E2 -1.16959E2 -1.16374E2 -1.39766E2 -1.15205E2 -1E2 -1.08772E2 -1.52047E2 -1.40351E2 -1.26316E2 -1.26901E2 -1.26316E2 -1.40351E2 -1.5848E2 -1.40936E2 -1.40351E2 -1.46784E2 -1.09942E2 -1.08772E2 -9.47368E1 -4.8658E1 -5.73729E1 -7.4269E1 -1E2 -1.05263E2 -9.76608E1 -9.82456E1 -9.82456E1 -9.88304E1 -1.03509E2 -8.36257E1 -5.90643E1 -8.07018E1 -6.78363E1 -6.66667E1 -9.23977E1 -7.83626E1 -7.30994E1 -8.12866E1 -7.1345E1 -7.77778E1 -6.43275E1 -8.94737E1 -1.02339E2 -7.66082E1 -9.29825E1 -9.47368E1 -3.15789E1 -6.31512E-1 -2.92398E0 -1.52047E1 7.98324E-2 1.19749E0 1.95589E0 5.34877E0 8.1429E0 7.2847E0 6.52629E0 7.2847E0 8.96118E0 9.83934E0 5.6681E0 1.58667E1 1.58667E1 1.84812E1 1.84812E1
-1.18129E2 -1.4152E2 -1.4152E2 -1.16959E2 -1.16959E2 -1.08187E2 -1.08187E2 -1.1462E2 -1.46784E2 -1.36842E2 -1.36257E2 -1.26316E2 -1.26316E2 -1.19883E2 -1.19883E2 -1.26901E2 -1.27485E2 -1.39181E2 -1.39766E2 -1.09942E2 -1.07602E2 -9.35673E1 -1.08772E2 -1.07602E2 -9.18129E1 -9.94152E1 -9.88304E1 -9.7076E1 -1.04678E2 -1.05848E2 -9.76608E1 -1.10526E2 -6.25731E1 -2.47869E1 -5.49708E1 -7.01754E1 -8.12866E1 -8.18713E1 -8.47953E1 -8.71345E1 -8.65497E1 -6.31579E1 -5.20468E1 -5.96491E1 -6.25731E1 -5.1462E1 -5.26316E1 -7.83626E1 -5.49708E1 -5.1462E1 3.99162E-1 2.81409E0 1.19749E0 3.99162E-1 3.83195E0 2.81409E0 3.39287E-1 8.96118E0 8.1429E0 8.1429E0 8.36244E0 9.89921E0 1.12963E1 1.58667E1 1.51881E1 1.84812E1 2.07365E1 2.36703E1
-1.03509E2 -1.17544E2 -1.23977E2 -1.49708E2 -1.40936E2 -1.40936E2 -1.40351E2 -1.51462E2 -1.5731E2 -1.36842E2 -1.35673E2 -1.35673E2 -1.25731E2 -1.25731E2 -1.25146E2 -1.25146E2 -1.39181E2 -1.38012E2 -1.38012E2 -1.45029E2 -1.08187E2 -1.06433E2 -1.05263E2 -1.05848E2 -9.94152E1 -9.88304E1 -9.12281E1 -9.7076E1 -1.07018E2 -1.07602E2 -1.03509E2 -9.47368E1 -3.44174E1 -2.27976E1 -6.02339E1 -5.90643E1 -7.66082E1 -8.18713E1 -1.0117E2 -1.00585E2 -9.06433E1 -8.42105E1 -8.53801E1 -8.30409E1 -1.06433E2 -8.71345E1 -3.15789E1 -3.80117E1 -4.15205E1 -2.8655E1 7.38449E-1 1.63656E0 9.3803E-1 2.35505E0 7.7637E0 8.1429E0 7.02525E0 2.79413E-1 6.22692E0 9.89921E0 8.44227E0 1.13562E1 1.13562E1 1.58667E1 1.84812E1 2.07365E1 2.64644E1 2.99172E1
-1.03509E2 -1.17544E2 -1.23392E2 -1.39766E2 -1.40351E2 -1.24561E2 -1.22222E2 -1.21637E2 -1.07602E2 -1.39181E2 -1.38596E2 -1.1345E2 -1.52632E2 -1.34503E2 -1.32749E2 -1.37427E2 -1.38012E2 -1.37427E2 -1.15205E2 -1.1462E2 -1.08772E2 -1.07018E2 -1.05263E2 -1.05263E2 -1.04094E2 -9.82456E1 -1.04678E2 -1.08187E2 -1E2 -1E2 -1.06433E2 -5.84795E1 -4.2185E1 -2.38396E1 -5.32164E1 -5.32164E1 -7.77778E1 -9.29825E1 -8.83041E1 -9.76608E1 -9.64912E1 -1.1345E2 -1.11111E2 -8.0117E1 -1.46199E1 1.99581E-2 4.78994E-1 6.58617E-1 4.78994E-1 2.81409E0 2.81409E0 8.78156E-1 8.3824E-1 4.90969E0 3.01367E0 9.89921E0 1.63656E0 7.98324E-2 -9.35672E0 1.3352E1 7.02525E0 1.51482E1 1.84812E1 2.07365E1 2.3331E1 1.79623E1 2.74224E1 2.18142E1
-1.11696E2 -1.22222E2 -1.22807E2 -1.39766E2 -1.16959E2 -1.22807E2 -1.22807E2 -1.38596E2 -1.37427E2 -1.38596E2 -1.38012E2 -1.38596E2 -1.38012E2 -1.54386E2 -1.37427E2 -1.36257E2 -1.15789E2 -1.15789E2 -1.02339E2 -1.08772E2 -1.08772E2 -1.07018E2 -1.00585E2 -1.12281E2 -1.05848E2 -6.78363E1 -9.76608E1 -9.64912E1 -1.06433E2 -9.88304E1 -1.05848E2 -6.19883E1 -3.70066E1 -2.87022E1 -5.61404E1 -5.96491E1 -8.77193E1 -8.53801E1 -1.0117E2 -9.76608E1 -9.18129E1 -3.04094E1 -3.21637E1 -1.46199E1 7.18491E-1 1.79623E0 4.13132E0 5.6681E0 4.49057E0 5.6681E0 1.06177E1 5.34877E0 5.34877E0 2.81409E0 2.67438E0 9.97904E-2 1.37711E0 7.98324E-2 -5.26316E0 1.12963E1 1.51482E1 2.07365E1 2.36703E1 1.66051E1 2.35705E1 2.28321E1 2.44087E1 2.64644E1
-1.11696E2 -1.21637E2 -1.38596E2 -1.21637E2 -1.21637E2 -1.54386E2 -1.19883E2 -1.38012E2 -1.45614E2 -1.45029E2 -1.18713E2 -1.38012E2 -1.22807E2 -1.37427E2 -1.44444E2 -1.04678E2 -1.15789E2 -1.15205E2 -1.1462E2 -1.02924E2 -1.01754E2 -1.0117E2 -1.0117E2 -1.00585E2 -7.07602E1 -9.88304E1 -1.02339E2 -9.64912E1 -1.0117E2 -1.0117E2 -9.47368E1 -6.49123E1 -2.99968E1 -2.34291E1 -2.6713E1 -8.0117E1 -6.66667E1 -4.8538E1 -6.54971E1 -9.53216E1 -8.71345E1 -3.91813E1 -9.63057E0 5.38868E-1 2.35505E0 9.3803E-1 4.90969E0 7.02525E0 6.22692E0 9.89921E0 5.58826E0 9.79942E0 4.90969E0 2.35505E0 2.35505E0 2.53468E0 -4.09357E0 3.99162E-1 -1.69591E1 1.29728E0 2.07365E1 2.44087E1 2.36703E1 2.64644E1 2.37701E1 2.66241E1 1.3332E1 2.44087E1
-1.16959E2 -1.10526E2 -1.16374E2 -1.19883E2 -1.16374E2 -1.37427E2 -1.37427E2 -1.19883E2 -1.36842E2 -1.35673E2 -1.14035E2 -1.14035E2 -1.1345E2 -1.12865E2 -1.12865E2 -1.16959E2 -1.04678E2 -1.03509E2 -1.02924E2 -1.15789E2 -1.1462E2 -1.1462E2 -1.14035E2 -1.10526E2 -1.12281E2 -1.05263E2 -9.76608E1 -6.54971E1 -6.43275E1 -4.61951E1 -5.29839E1 -4.39217E1 -2.52289E1 -2.6934E1 -9.12281E1 -1.03509E2 -1.02339E2 -6.60819E1 -8.71345E1 -7.54386E1 -7.07602E1 -6.19883E1 -2.53552E1 -3.74269E1 4.78994E-1 9.3803E-1 2.67438E0 3.41283E0 2.35505E0 2.11556E0 1.79623E0 1.79623E0 9.3803E-1 1.09769E0 1.63656E0 1.09769E0 4.78994E-1 6.22692E0 9.83934E0 2.36703E1 2.99172E1 2.56062E1 2.23331E1 2.36703E1 1.74434E1 1.40305E1 2.99172E1 2.99172E1
-9.06433E1 -1.21053E2 -1.16374E2 -1.15789E2 -1.16374E2 -1.09942E2 -1.20468E2 -1.08772E2 -1.19298E2 -1.18713E2 -1.19298E2 -1.45029E2 -1.12865E2 -9.88304E1 -9.82456E1 -9.76608E1 -8.24561E1 -8.53801E1 -1.07602E2 -1.08187E2 -1.01754E2 -1.19883E2 -1.19298E2 -7.4269E1 -7.19298E1 -6.95906E1 -1.15205E2 -1.02339E2 -9.64912E1 -6.60819E1 -6.54971E1 -6.14035E1 -7.77778E1 -8.71345E1 -9.88304E1 -1.18713E2 -1.07602E2 -8.07018E1 -9.53216E1 -9.29825E1 -1.0117E2 -9.64912E1 -4.67836E1 -3.04094E1 6.58617E-1 2.35505E0 2.53468E0 2.11556E0 3.99162E-1 2.79413E-1 3.19329E-1 6.98533E-1 2.79413E-1 4.78994E-1 2.35505E0 1.59665E-1 1.63656E0 7.02525E0 2.1415E1 1.44297E1 2.31115E1 1.19349E1 1.44097E1 2.36703E1 2.07365E1 2.07365E1 2.02575E1 2.36703E1
-1.03509E2 -1.16959E2 -1.16374E2 -1.21053E2 -1.09942E2 -9.4152E1 -1.19883E2 -1.08187E2 -1.1462E2 -1.07602E2 -1.19298E2 -1.18129E2 -1.07018E2 -1.1345E2 -8.36257E1 -1.05848E2 -1.15205E2 -1.34503E2 -1.03509E2 -1.15789E2 -1.15205E2 -1.1462E2 -1.1462E2 -7.36842E1 -5.63941E1 -4.55005E1 -3.35017E1 -4.36375E1 -4.43322E1 -4.43638E1 -6.08187E1 -8.07018E1 -8.83041E1 -8.18713E1 -9.59064E1 -1.1462E2 -9.94152E1 -1.15789E2 -9.88304E1 -9.53216E1 -9.76608E1 -4.91228E1 -1.24724E1 5.98743E-2 9.3803E-1 8.3824E-1 6.38659E-1 1.07774E0 -1.75439E0 -2.2807E1 2.19539E-1 3.99162E-1 5.58826E-1 8.3824E-1 -1.11111E1 1.79623E0 2.11556E0 2.36703E1 1.64055E1 1.15557E1 2.37302E1 2.35106E1 1.92596E1 2.36703E1 6.88554E0 1.58667E1 1.58667E1 4.13132E0
-1.16959E2 -1.10526E2 -1.10526E2 -1.21053E2 -9.53216E1 -9.4152E1 -9.23977E1 -1.1462E2 -1.05848E2 -1.00585E2 -1.06433E2 -1.06433E2 -1.07018E2 -8.53801E1 -5.45311E1 -1.12281E2 -1.11696E2 -1.12281E2 -1.11111E2 -1.02924E2 -7.66082E1 -1.19883E2 -1.1462E2 -1.1345E2 -9.94152E1 -6.78363E1 -8.88889E1 -6.31579E1 -3.22387E1 -3.14809E1 -3.43859E1 -8.65497E1 -7.1345E1 -8.47953E1 -8.0117E1 -1.02924E2 -1.01754E2 -1.01754E2 -9.94152E1 -1E2 -1.01754E2 -1.04094E2 -2.5892E1 -1.19987E1 3.19329E-1 1.59665E-1 7.18491E-1 6.38659E-1 -1.57895E1 -3.39181E1 3.79204E-1 -7.01754E0 1.79623E0 1.29728E0 4.90969E0 6.22692E0 2.1415E1 2.44087E1 2.26524E1 1.44696E1 1.92596E1 2.25526E1 2.84602E1 3.99162E-1 6.70592E0 1.47091E1 1.13562E1 9.26055E0
-1.21637E2 -1.16959E2 -6.56457E1 -1.10526E2 -9.47368E1 -9.29825E1 -9.23977E1 -1.15205E2 -1.05848E2 -8.83041E1 -1.06433E2 -1.06433E2 -8.94737E1 -8.59649E1 -4.86896E1 -1.11696E2 -9.76608E1 -8.24561E1 -1.11696E2 -1.03509E2 -7.7193E1 -1.14035E2 -1.14035E2 -1.1345E2 -9.88304E1 -1.11111E2 -1.03509E2 -7.54386E1 -2.94601E1 -3.81434E1 -3.39438E1 -5.90643E1 -7.89474E1 -7.83626E1 -8.12866E1 -9.06433E1 -8.77193E1 -9.88304E1 -8.36257E1 -8.77193E1 -8.88889E1 -8.07018E1 -1.05147E1 -7.32554E0 7.38449E-1 3.39287E-1 1.59665E-1 7.98324E-2 -3.80117E1 -3.27485E1 7.18491E-1 4.55044E0 9.34039E0 6.22692E0 2.02575E1 2.02575E1 2.36703E1 1.86608E1 1.98783E1 2.1415E1 2.25526E1 1.83215E1 2.00978E1 5.34877E0 7.7637E0 7.7637E0 8.96118E0 5.6681E0
-1.22222E2 -1.17544E2 -9.76608E1 -1.10526E2 -1.09942E2 -1.09357E2 -1.15789E2 -1.15789E2 -1.15789E2 -1.0117E2 -1.05848E2 -1.05848E2 -1.06433E2 -8.42105E1 -8.42105E1 -8.30409E1 -5.50995E1 -7.95322E1 -7.83626E1 -1.15789E2 -7.4269E1 -1.00585E2 -1.07018E2 -1E2 -9.94152E1 -9.82456E1 -1.09942E2 -6.37427E1 -6.02339E1 -2.99337E1 -5.96491E1 -5.4386E1 -8.18713E1 -8.18713E1 -7.7193E1 -9.88304E1 -9.64912E1 -7.30994E1 -9.00585E1 -7.54386E1 -8.94737E1 -6.95906E1 3.19329E-1 5.58826E-1 9.97904E-2 -2.92398E0 -9.94152E0 -1.92982E1 -4.03509E1 -1.28655E1 -6.43275E0 7.02525E0 3.83195E0 1.72238E1 1.83215E1 2.1415E1 1.45494E1 1.5707E1 1.62858E1 1.51482E1 1.83215E1 1.53278E1 9.08093E0 1.07774E0 9.89921E0 8.96118E0 8.1429E0 8.96118E0
-1.22222E2 -1.21637E2 -9.7076E1 -9.59064E1 -1.16374E2 -1.09942E2 -9.23977E1 -1.09357E2 -1.08772E2 -1.22807E2 -8.83041E1 -8.59649E1 -4.0101E1 -4.39848E1 -4.84686E1 -8.12866E1 -4.42374E1 -7.7193E1 -7.54386E1 -7.4269E1 -4.87212E1 -7.1345E1 -8.0117E1 -7.77778E1 -7.7193E1 -1.02339E2 -8.42105E1 -8.36257E1 -5.73099E1 -4.09357E1 -4.09357E1 -6.95906E1 -6.90059E1 -8.07018E1 -7.95322E1 -9.53216E1 -9.35673E1 -8.36257E1 -8.36257E1 -7.36842E1 -5.38012E1 -6.31579E1 -5.61404E1 -3.74269E1 -5.84795E0 2.79413E-1 -3.39181E1 -8.36754E0 -5.26316E0 1.63656E0 1.29728E0 2.02575E1 2.07365E1 2.36703E1 1.904E1 7.64395E0 2.26524E1 2.58856E1 8.44227E0 1.24339E1 6.72588E0 3.87187E0 5.26894E0 1.58667E1 9.89921E0 8.1429E0 9.89921E0 9.89921E0
