ENM/Final_Models/M_1_F_qp_Set_1_EC/Gustavia_santanderiensis_9_Choco_clamping.asc
ncols         367
nrows         963
xllcorner     -78.6
yllcorner     0.65
cellsize      0.00833333333333323
NODATA_value  -9999
[rows 186 to 216 of 963, columns 138 to 206 of 367]
0E0 0E0 0E0 0E0 0E0 0E0 0E0 0E0 0E0 0E0 0E0 0E0 0E0 0E0 0E0 0E0 0E0 0E0 0E0 0E0 0E0 0E0 0E0 0E0 0E0 0E0 1.10961E-4 9.51223E-5 0E0 3.08861E-4 1.05471E-3 9.56629E-4 2.31494E-4 8.5562E-5 1.03148E-3 1.67259E-3 2.68094E-3 1.76476E-3 1.32609E-4 0E0 0E0 0E0 0E0 0E0 0E0 0E0 0E0 0E0 0E0 0E0 0E0 0E0 0E0 0E0 0E0 9.37611E-5 0E0 0E0 0E0 0E0 0E0 0E0 0E0 0E0 5.92333E-4 5.95386E-4 4.28796E-6 0E0 0E0
0E0 0E0 0E0 0E0 0E0 0E0 0E0 0E0 0E0 0E0 0E0 0E0 0E0 0E0 0E0 0E0 0E0 0E0 0E0 0E0 0E0 0E0 0E0 0E0 0E0 0E0 0E0 9.2003E-4 2.33593E-4 0E0 2.61078E-4 0E0 0E0 0E0 6.06255E-4 7.95538E-4 2.14867E-3 1.68339E-3 1.97676E-4 0E0 0E0 0E0 0E0 0E0 0E0 0E0 0E0 9.20119E-5 0E0 0E0 0E0 0E0 0E0 7.43139E-5 0E0 0E0 1.85756E-5 0E0 0E0 0E0 0E0 0E0 2.40255E-5 0E0 1.08736E-8 1.54756E-11 2.71996E-10 0E0 9.15014E-11
0E0 0E0 0E0 0E0 0E0 0E0 0E0 0E0 0E0 0E0 0E0 0E0 0E0 0E0 0E0 0E0 0E0 0E0 0E0 0E0 0E0 0E0 0E0 0E0 0E0 0E0 0E0 0E0 0E0 0E0 0E0 3.1414E-4 0E0 0E0 0E0 5.52006E-4 5.80927E-4 1.22371E-3 4.06837E-4 5.92525E-4 3.30647E-4 0E0 0E0 0E0 0E0 0E0 0E0 0E0 1.24482E-5 0E0 0E0 0E0 0E0 0E0 0E0 3.98716E-6 0E0 0E0 0E0 0E0 0E0 0E0 4.1364E-11 0E0 6.8555E-9 0E0 1.38555E-7 1.32864E-6 2.629E-5
0E0 0E0 0E0 0E0 0E0 0E0 0E0 0E0 0E0 0E0 0E0 0E0 0E0 0E0 0E0 0E0 0E0 0E0 0E0 0E0 0E0 0E0 0E0 0E0 0E0 0E0 0E0 0E0 0E0 0E0 1.10132E-3 1.26522E-3 1.72343E-4 0E0 6.91616E-4 2.77001E-3 2.39944E-3 1.10615E-3 1.50372E-3 8.86389E-4 0E0 0E0 0E0 0E0 0E0 0E0 0E0 1.69868E-4 1.89928E-4 1.26256E-4 0E0 0E0 0E0 0E0 0E0 0E0 0E0 0E0 4.41393E-8 0E0 0E0 0E0 5.49727E-8 0E0 0E0 1.72534E-5 2.44859E-5 2.12706E-6 3.44053E-5
0E0 0E0 0E0 0E0 0E0 0E0 0E0 0E0 0E0 0E0 0E0 0E0 0E0 0E0 0E0 0E0 0E0 0E0 0E0 0E0 0E0 0E0 0E0 0E0 0E0 0E0 0E0 0E0 0E0 4.12156E-4 2.1397E-3 1.81513E-3 0E0 0E0 5.94763E-4 5.36358E-4 1.48514E-3 1.37899E-3 2.39685E-3 8.56274E-4 0E0 0E0 0E0 0E0 0E0 0E0 0E0 0E0 0E0 0E0 0E0 0E0 0E0 0E0 0E0 0E0 2.06381E-4 0E0 2.05003E-6 0E0 0E0 0E0 2.7318E-6 1.71574E-8 0E0 0E0 0E0 0E0 1.21585E-9
0E0 0E0 0E0 0E0 0E0 0E0 0E0 0E0 0E0 0E0 0E0 0E0 0E0 0E0 0E0 0E0 0E0 0E0 0E0 0E0 0E0 0E0 0E0 0E0 0E0 0E0 5.02159E-4 0E0 0E0 2.29822E-4 1.24826E-3 0E0 0E0 0E0 4.69659E-5 4.60187E-4 2.42455E-3 1.14747E-3 1.2198E-3 8.76366E-4 0E0 0E0 7.75924E-4 0E0 0E0 0E0 0E0 0E0 0E0 0E0 0E0 0E0 0E0 0E0 0E0 0E0 0E0 3.49935E-4 0E0 0E0 0E0 0E0 4.75486E-5 7.86924E-8 1.13467E-6 0E0 0E0 0E0 4.73478E-11
0E0 0E0 0E0 0E0 0E0 0E0 0E0 0E0 0E0 0E0 0E0 0E0 0E0 0E0 0E0 0E0 0E0 0E0 0E0 0E0 0E0 0E0 0E0 0E0 0E0 0E0 0E0 0E0 0E0 1.77929E-3 2.38901E-3 2.00812E-4 0E0 0E0 7.95632E-4 0E0 8.26029E-4 4.9751E-4 6.47968E-4 2.72021E-4 0E0 0E0 4.36126E-4 1.52266E-4 0E0 0E0 0E0 2.65534E-4 3.67385E-5 0E0 0E0 0E0 0E0 0E0 0E0 0E0 0E0 2.67106E-4 0E0 0E0 0E0 0E0 0E0 5.30653E-12 5.78611E-8 4.08402E-6 1.45222E-7 0E0 4.67182E-13
0E0 0E0 0E0 0E0 0E0 0E0 0E0 0E0 0E0 0E0 0E0 0E0 0E0 0E0 0E0 0E0 0E0 0E0 0E0 0E0 0E0 0E0 0E0 0E0 0E0 0E0 0E0 8.57453E-4 1.00145E-3 1.131E-3 6.34344E-4 2.27814E-3 1.81288E-4 0E0 0E0 1.41313E-3 7.54305E-4 3.63881E-4 0E0 0E0 0E0 0E0 0E0 5.09496E-4 1.82148E-4 0E0 0E0 0E0 4.49947E-4 3.75089E-5 8.05058E-5 0E0 8.27722E-9 0E0 0E0 0E0 0E0 1.17008E-6 8.86159E-6 0E0 1.00698E-4 9.85095E-5 0E0 0E0 5.78908E-5 2.14209E-5 8.35951E-8 0E0 2.26641E-12
0E0 0E0 0E0 0E0 0E0 0E0 0E0 0E0 0E0 0E0 0E0 0E0 0E0 0E0 0E0 0E0 0E0 0E0 0E0 0E0 0E0 0E0 0E0 0E0 0E0 5.63191E-5 1.23238E-4 1.47105E-3 1.17696E-3 3.89687E-3 9.08721E-4 1.69677E-3 0E0 0E0 0E0 4.04712E-4 9.37313E-4 2.01038E-4 1.89522E-3 0E0 0E0 0E0 0E0 1.91814E-4 0E0 0E0 0E0 0E0 0E0 3.74122E-5 4.17727E-4 7.08015E-6 5.02629E-6 0E0 0E0 0E0 7.84613E-7 4.48185E-4 6.02897E-5 0E0 0E0 3.75181E-5 0E0 0E0 6.37432E-5 4.74183E-11 2.54609E-11 2.26227E-9 1.36224E-13
0E0 0E0 0E0 0E0 0E0 0E0 0E0 0E0 0E0 0E0 0E0 0E0 0E0 0E0 0E0 0E0 0E0 0E0 0E0 0E0 0E0 0E0 0E0 0E0 0E0 1.34131E-4 1.05592E-3 1.20466E-3 1.83151E-3 9.93432E-4 1.38004E-3 4.08273E-4 0E0 0E0 0E0 2.0352E-4 1.49492E-3 2.44763E-3 1.03426E-3 2.1044E-3 0E0 0E0 0E0 0E0 0E0 1.37329E-3 5.68939E-4 4.62094E-4 0E0 7.17193E-7 2.81489E-6 4.02248E-5 6.02167E-8 2.9106E-8 0E0 0E0 3.72218E-5 3.83564E-9 6.67709E-10 2.22633E-12 1.61171E-12 3.66769E-8 2.53697E-6 1.13923E-5 6.09498E-4 3.51204E-5 2.90536E-10 9.34664E-10 7.36977E-12
0E0 0E0 0E0 0E0 0E0 0E0 0E0 0E0 0E0 0E0 0E0 0E0 0E0 0E0 0E0 0E0 0E0 0E0 0E0 0E0 0E0 0E0 0E0 3.65188E-4 1.04177E-3 1.89818E-3 9.47496E-4 1.25916E-3 2.05132E-3 1.41313E-3 3.22504E-3 6.87465E-4 0E0 0E0 0E0 1.18361E-3 2.65712E-3 3.09081E-3 6.1267E-4 7.67006E-4 5.2754E-4 2.31701E-4 0E0 0E0 0E0 1.10603E-4 0E0 0E0 2.83176E-4 7.09873E-5 6.02023E-5 3.61516E-5 0E0 0E0 0E0 3.92391E-5 3.24349E-8 8.72348E-10 4.54596E-11 1.98228E-10 6.30524E-10 8.20796E-9 8.42448E-5 3.22372E-4 1.03278E-6 1.724E-6 3.04113E-11 1.50856E-11 9.21818E-13
0E0 0E0 0E0 0E0 0E0 0E0 0E0 0E0 0E0 0E0 0E0 0E0 0E0 0E0 0E0 0E0 0E0 2.34368E-4 2.86498E-4 5.99844E-4 1.03407E-4 0E0 6.99698E-4 1.21846E-3 1.51556E-3 1.86556E-3 8.35232E-4 1.12381E-3 1.91487E-3 1.84505E-3 2.15057E-3 2.69459E-3 0E0 5.36813E-4 0E0 5.36744E-4 1.95659E-3 5.7153E-4 1.14273E-3 1.99084E-3 6.84733E-5 1.10031E-3 3.37401E-4 1.91405E-4 5.82658E-4 2.23023E-4 6.11059E-4 9.03563E-5 4.88845E-5 4.07201E-7 5.94622E-7 5.4588E-5 0E0 0E0 0E0 9.21074E-4 7.49293E-11 1.93742E-11 2.75607E-11 1.20034E-8 1.72516E-8 0E0 2.36874E-4 2.3084E-4 4.77516E-8 2.5595E-8 6.16203E-11 3.8791E-11 0E0
0E0 0E0 0E0 0E0 0E0 0E0 0E0 0E0 0E0 0E0 0E0 0E0 0E0 0E0 0E0 0E0 0E0 6.69085E-4 5.32187E-4 4.508E-4 0E0 0E0 0E0 0E0 2.1442E-3 1.11579E-3 7.72984E-4 8.09537E-4 3.4077E-3 3.57643E-3 2.9361E-3 1.37038E-3 7.68998E-4 1.58879E-4 3.81203E-4 7.90313E-4 1.17271E-3 4.13834E-3 1.65942E-3 1.37946E-3 5.93518E-4 9.82285E-4 1.05911E-3 3.03533E-5 6.02961E-4 1.08749E-4 6.67373E-4 9.57651E-5 1.00033E-4 2.78373E-7 9.59822E-6 3.3783E-4 0E0 4.20712E-5 0E0 0E0 9.29641E-10 5.21037E-10 2.83238E-8 9.19789E-10 3.24478E-9 2.5485E-10 2.62849E-4 2.09025E-5 9.91245E-6 9.91715E-7 1.34328E-10 1.46572E-12 2.66454E-15
0E0 0E0 0E0 0E0 0E0 0E0 0E0 0E0 0E0 0E0 0E0 0E0 0E0 0E0 0E0 0E0 0E0 9.25454E-4 1.7796E-3 9.13627E-4 7.31939E-4 6.37522E-4 9.82897E-4 1.25581E-4 1.21842E-3 2.28034E-3 2.04614E-3 3.06422E-3 3.72498E-3 3.4272E-3 1.14988E-3 3.67614E-4 5.08946E-4 2.9857E-4 3.43004E-4 3.66625E-4 8.30364E-4 4.5381E-3 2.76826E-3 2.92854E-3 1.20129E-3 1.25231E-3 5.88687E-4 3.82035E-4 5.56034E-5 0E0 6.68441E-4 1.67791E-4 3.00828E-5 1.47503E-4 5.89183E-4 5.47061E-6 2.77049E-4 1.73302E-4 3.45075E-5 2.5831E-6 1.2722E-12 1.13687E-13 8.77076E-15 1.21186E-9 1.15648E-9 4.76222E-11 2.68842E-7 5.15912E-9 1.15759E-6 1.03806E-13 1.93111E-9 6.08347E-10 1.34929E-9
0E0 0E0 0E0 0E0 0E0 0E0 0E0 0E0 0E0 0E0 0E0 0E0 0E0 0E0 0E0 0E0 0E0 0E0 4.41084E-4 1.16544E-3 2.99661E-4 1.11533E-3 1.23205E-3 4.86754E-4 1.24281E-3 1.22381E-3 2.93802E-3 3.37012E-3 2.62709E-3 1.67656E-3 1.77939E-3 1.2375E-5 1.1749E-4 4.03334E-4 5.65478E-4 2.84232E-3 4.32716E-4 5.43481E-4 2.8971E-3 7.87313E-4 1.40902E-3 1.40924E-3 1.75291E-4 2.58033E-5 1.45746E-5 4.1054E-4 0E0 3.67302E-5 1.18244E-4 3.40829E-6 0E0 6.6383E-7 0E0 0E0 0E0 5.43376E-9 7.06324E-13 6.10623E-15 4.44089E-16 1.29773E-11 5.55112E-16 8.01059E-12 1.1382E-12 1.21265E-8 1.706E-9 4.66072E-9 3.36644E-11 5.91461E-10 3.9968E-15
0E0 0E0 0E0 0E0 0E0 0E0 0E0 0E0 0E0 0E0 0E0 0E0 0E0 0E0 1.05613E-3 7.26576E-4 7.87345E-4 1.52041E-3 1.64913E-3 2.53927E-3 1.78662E-3 1.77105E-3 1.55366E-3 1.58146E-3 1.13316E-3 2.10905E-3 1.09323E-3 1.67116E-3 3.36062E-3 1.43546E-3 2.14612E-3 2.45662E-3 3.80713E-7 4.48137E-5 1.32572E-3 3.01589E-3 1.83721E-3 2.37255E-3 3.85888E-3 4.58087E-4 7.61988E-5 1.78264E-4 2.64595E-4 1.36414E-4 3.11552E-9 1.04205E-6 6.39554E-5 2.92245E-5 1.29071E-4 6.33845E-5 4.62132E-5 9.25491E-8 1.65864E-9 1.76747E-6 1.22747E-6 4.76427E-7 5.03159E-8 2.23129E-11 5.97827E-11 1.33338E-13 2.87582E-11 1.06151E-9 4.17785E-6 2.69933E-7 7.32747E-15 1.0152E-8 3.57959E-11 5.43565E-13 7.77156E-15
0E0 0E0 0E0 0E0 0E0 0E0 0E0 0E0 0E0 0E0 0E0 0E0 0E0 0E0 2.79433E-4 5.73334E-4 1.66421E-3 4.46839E-3 4.01249E-3 2.91212E-3 2.66108E-3 2.96456E-3 2.81433E-3 2.81557E-3 3.70794E-3 1.70432E-3 2.85722E-3 2.8034E-3 1.95636E-3 1.12042E-3 5.47351E-4 4.5223E-5 2.99758E-5 2.03372E-5 1.63451E-3 1.59308E-3 1.54197E-3 4.72611E-5 2.06145E-3 1.89942E-4 1.32268E-3 1.28612E-4 1.99475E-4 1.21276E-4 4.74633E-5 5.18616E-5 1.8431E-4 4.40972E-5 4.69955E-4 4.00497E-4 4.11698E-4 1.62642E-6 4.89714E-8 1.16096E-5 1.13957E-7 3.0488E-7 7.22463E-8 8.13961E-10 1.43831E-8 3.917E-8 5.46682E-9 2.09224E-9 5.38323E-11 1.25895E-8 1.07476E-10 0E0 1.34559E-13 1.38556E-13 3.40505E-13
0E0 0E0 0E0 0E0 0E0 0E0 0E0 0E0 0E0 0E0 0E0 0E0 0E0 0E0 9.2844E-4 1.54264E-3 7.80917E-4 1.75931E-3 3.4511E-3 2.51386E-3 2.24879E-3 2.16708E-3 3.34648E-3 3.99768E-3 3.5063E-3 1.96355E-3 2.45489E-3 3.2484E-3 1.06956E-3 1.74174E-3 4.82724E-5 4.33509E-5 1.13396E-7 1.46538E-7 3.4037E-4 1.56211E-3 1.86366E-3 1.89024E-4 8.87974E-4 7.00672E-4 1.20283E-3 5.12087E-5 1.32646E-3 9.41363E-4 4.79047E-4 2.48746E-5 1.78729E-5 3.32875E-4 4.48582E-5 4.18956E-5 1.4198E-4 1.86119E-9 7.41448E-6 5.41315E-6 8.16928E-5 2.90692E-5 8.76319E-8 1.84751E-7 2.23083E-10 1.70286E-12 1.30076E-9 7.07142E-7 2.93626E-11 7.51088E-12 1.80966E-14 0E0 8.02717E-10 5.63682E-12 3.308E-10
0E0 0E0 0E0 0E0 0E0 0E0 0E0 0E0 0E0 0E0 0E0 0E0 0E0 2.03995E-4 9.96198E-4 1.6944E-3 1.50589E-3 1.71872E-3 2.11579E-3 3.74206E-3 2.55512E-3 2.86021E-3 2.24817E-3 3.36186E-3 2.72955E-3 1.44417E-3 2.88125E-3 3.43597E-3 1.52157E-3 1.85339E-4 7.444E-5 2.8878E-6 1.16423E-6 2.68297E-6 8.09049E-4 2.03583E-3 1.85002E-3 1.66378E-3 2.45757E-3 2.46999E-3 3.28429E-3 1.33636E-3 7.45498E-4 1.85331E-4 2.40597E-4 7.97377E-6 1.04282E-5 2.97808E-5 2.58329E-5 5.70147E-5 9.26225E-5 7.48878E-6 1.0306E-5 1.08146E-7 9.93799E-8 2.96201E-7 1.47323E-11 5.97682E-8 2.06396E-8 2.36676E-8 2.7227E-10 1.07746E-5 5.75058E-8 2.63978E-12 5.55112E-16 0E0 0E0 3.97238E-13 7.81042E-13
0E0 0E0 0E0 0E0 0E0 0E0 0E0 0E0 0E0 0E0 0E0 0E0 0E0 0E0 0E0 1.56684E-3 1.94016E-3 2.13215E-3 3.8742E-3 3.24002E-3 3.7526E-3 3.77722E-3 2.61924E-3 1.65012E-3 1.52604E-3 3.95137E-3 5.30341E-3 3.43651E-3 2.23529E-4 2.57684E-4 2.66106E-4 2.96667E-5 9.71171E-7 4.07634E-6 4.35534E-4 1.774E-3 1.01531E-3 1.98419E-3 1.36213E-3 2.92827E-3 2.99039E-3 2.84322E-4 3.77113E-4 6.34735E-4 1.46231E-4 1.18889E-6 8.73694E-5 3.10887E-6 1.1746E-5 2.3529E-5 8.58429E-4 7.67295E-7 4.53723E-7 3.70656E-11 8.48777E-8 2.31648E-9 7.98871E-7 1.6679E-6 3.45722E-7 3.33067E-16 1.57652E-14 1.51312E-12 1.95915E-8 8.88178E-16 2.22045E-16 3.77476E-15 0E0 2.81686E-12 3.66374E-15
0E0 0E0 0E0 0E0 0E0 0E0 0E0 0E0 0E0 0E0 0E0 0E0 0E0 0E0 0E0 0E0 1.34163E-3 1.93161E-3 2.05651E-3 4.39615E-3 3.65272E-3 2.36855E-3 3.26829E-3 3.74559E-3 3.90308E-3 3.79967E-3 3.90126E-3 4.68969E-3 7.07982E-4 1.67231E-4 4.7212E-4 3.90218E-6 2.66854E-6 1.50327E-4 4.50645E-3 1.94721E-3 1.60289E-3 3.62415E-3 2.99508E-3 3.35824E-3 1.43073E-3 7.60595E-4 1.08071E-3 1.02547E-3 5.73736E-4 4.46105E-4 4.1438E-5 7.99433E-4 8.39924E-6 9.2994E-5 8.20389E-6 1.90061E-7 6.22665E-9 2.89684E-8 5.13623E-7 1.2098E-6 6.89602E-7 1.26916E-9 6.09957E-13 2.56976E-7 5.64132E-10 1.24436E-9 4.88645E-10 1.9984E-15 3.10862E-15 7.43849E-15 3.22645E-10 3.21232E-12 0E0
0E0 0E0 0E0 0E0 0E0 0E0 0E0 0E0 0E0 0E0 0E0 0E0 0E0 0E0 0E0 0E0 4.2388E-4 1.43528E-3 2.77374E-3 4.16623E-3 3.50299E-3 5.08986E-3 3.55055E-3 3.87616E-3 4.47667E-3 4.60017E-3 3.81459E-3 1.31797E-4 1.64255E-4 1.00018E-6 1.60812E-6 2.28533E-7 1.46969E-7 3.46216E-7 3.46234E-3 2.12713E-3 3.14106E-3 1.16419E-3 3.73137E-4 1.6521E-3 7.34918E-4 7.02513E-6 1.09993E-3 2.49504E-3 1.50256E-3 8.87963E-5 1.17118E-5 3.25053E-3 2.29456E-3 7.07763E-4 1.60073E-6 5.91745E-9 2.60011E-8 4.53304E-12 2.77267E-8 2.10116E-6 7.46468E-10 4.74418E-11 9.88654E-13 2.59792E-14 1.39888E-13 2.96237E-10 1.3501E-9 1.7587E-10 6.17284E-14 0E0 0E0 2.02119E-9 2.44249E-15
0E0 0E0 0E0 0E0 0E0 0E0 0E0 0E0 0E0 0E0 0E0 0E0 0E0 0E0 0E0 0E0 0E0 2.13482E-4 1.09154E-3 2.93292E-3 4.84997E-3 5.06124E-3 4.68137E-3 4.74458E-3 3.14572E-3 4.05078E-3 1.13674E-3 1.20058E-5 9.40894E-7 1.59138E-11 8.2494E-9 8.31446E-13 2.04762E-11 6.79819E-4 4.35016E-3 2.30159E-3 1.01238E-3 1.0564E-3 5.52312E-4 2.02875E-3 1.22052E-4 7.06108E-8 3.06512E-4 3.23871E-4 5.00548E-5 1.41834E-6 1.32226E-8 1.51949E-7 2.48748E-4 9.86285E-6 3.1571E-6 4.68398E-7 3.32323E-12 7.14984E-14 9.88321E-13 1.06613E-9 6.14021E-9 1.14353E-14 7.88258E-15 4.73954E-13 9.99201E-16 0E0 0E0 0E0 9.37694E-13 7.97754E-11 6.03789E-10 1.41351E-11 1.11022E-16
0E0 0E0 0E0 0E0 0E0 0E0 0E0 0E0 0E0 0E0 0E0 0E0 0E0 0E0 0E0 0E0 0E0 5.55445E-4 4.04484E-4 2.60259E-3 3.75861E-3 3.6396E-3 2.58788E-3 4.64496E-3 1.85551E-3 1.22027E-3 8.3986E-4 8.88493E-5 1.4479E-10 0E0 1.11022E-15 0E0 5.81505E-9 1.76524E-7 1.31535E-3 2.61108E-3 2.09567E-3 1.93128E-3 6.06073E-4 1.38497E-5 5.36715E-5 3.60157E-5 1.9836E-3 1.315E-3 1.30849E-3 1.66514E-5 2.37373E-9 1.81485E-5 2.50658E-5 3.69766E-11 1.30099E-9 3.8475E-7 1.02263E-12 8.20455E-13 3.38618E-13 1.22125E-15 4.61853E-14 2.22045E-16 2.91891E-11 7.21645E-15 0E0 0E0 0E0 1.11022E-16 2.04852E-11 1.11022E-16 4.55201E-11 2.44249E-15 1.47307E-11
0E0 0E0 0E0 0E0 0E0 0E0 0E0 0E0 0E0 0E0 0E0 0E0 0E0 0E0 0E0 0E0 0E0 1.9835E-3 1.92316E-3 1.65469E-3 2.11768E-3 2.87084E-3 2.71103E-3 3.04166E-3 2.31406E-3 1.54684E-3 1.23532E-4 2.61387E-4 7.66054E-14 0E0 0E0 0E0 3.11142E-8 1.06522E-6 9.41336E-5 3.77673E-3 2.74515E-3 3.30605E-3 2.56849E-4 4.42892E-6 1.68241E-5 2.93921E-6 2.67213E-4 2.27974E-3 2.1118E-4 4.71842E-7 3.12028E-5 5.62843E-5 4.32741E-4 6.66134E-16 3.41083E-12 3.80324E-9 4.64928E-12 1.69309E-13 9.21485E-15 0E0 0E0 2.22045E-16 8.71414E-13 6.34737E-12 5.006E-13 1.11022E-16 0E0 0E0 2.10942E-15 0E0 9.26936E-12 4.06342E-14 1.09481E-10
0E0 0E0 0E0 0E0 0E0 0E0 0E0 0E0 0E0 0E0 0E0 0E0 0E0 0E0 0E0 0E0 0E0 0E0 0E0 3.06627E-3 3.5796E-3 3.81749E-3 4.96612E-3 3.04427E-3 2.20644E-3 7.92029E-4 9.88186E-6 1.26964E-5 3.44169E-15 0E0 0E0 0E0 1.04702E-7 1.7071E-5 1.54778E-3 1.86852E-3 7.38337E-4 1.06981E-3 1.46174E-3 6.57958E-5 1.25199E-5 1.00199E-5 1.65767E-4 9.2128E-5 7.03124E-6 1.46674E-7 1.71898E-5 1.34945E-6 3.01246E-7 3.13914E-8 1.36159E-10 1.48881E-12 1.52101E-13 6.9722E-14 3.31957E-14 1.3417E-12 0E0 2.22045E-16 1.11022E-16 0E0 1.90736E-13 1.88738E-15 3.21965E-15 0E0 0E0 0E0 3.44169E-15 5.31379E-10 3.27173E-9
0E0 0E0 0E0 0E0 0E0 0E0 0E0 0E0 0E0 0E0 0E0 0E0 0E0 0E0 0E0 0E0 5.95776E-4 3.94647E-4 1.31252E-3 2.7935E-3 3.47413E-3 1.20269E-3 1.69629E-3 1.77819E-3 6.10969E-5 4.02762E-6 5.11726E-6 4.7801E-6 0E0 0E0 2.69562E-13 2.55573E-13 7.52058E-8 5.63047E-4 8.41869E-4 1.71982E-3 1.67432E-3 1.69418E-4 6.3456E-5 3.23956E-4 3.47103E-5 1.27586E-6 5.91344E-7 9.28099E-8 5.20689E-8 1.85785E-7 2.12729E-6 5.88167E-6 3.44222E-4 1.82637E-6 7.08109E-6 1.47753E-7 6.70122E-8 1.34025E-7 4.43368E-12 5.88418E-15 4.12115E-13 1.70541E-10 5.50671E-14 0E0 0E0 5.72875E-14 0E0 0E0 0E0 2.44249E-15 9.54792E-15 1.33626E-12 5.55763E-11
0E0 0E0 0E0 0E0 0E0 0E0 0E0 0E0 0E0 0E0 0E0 0E0 0E0 0E0 0E0 7.52886E-4 6.18112E-4 2.2604E-3 2.57573E-3 3.8611E-3 3.33203E-3 2.03632E-3 1.4886E-4 0E0 1.94215E-4 1.65007E-3 1.1612E-5 8.99464E-5 1.13309E-12 0E0 2.90101E-13 2.17537E-7 5.68069E-9 2.19258E-7 2.47689E-3 8.00327E-4 3.60052E-4 1.84835E-9 6.68819E-6 1.24555E-5 1.34545E-10 1.06432E-8 3.83623E-5 1.5379E-8 7.85564E-9 1.84172E-10 1.66217E-9 2.00118E-5 1.34548E-11 1.82188E-13 2.90058E-10 2.73413E-10 1.2404E-10 3.15805E-11 1.41909E-12 5.60663E-14 1.28993E-11 2.7954E-10 8.90876E-12 2.20287E-8 4.61959E-10 0E0 5.04041E-14 0E0 0E0 0E0 3.07512E-11 1.41331E-13 6.65668E-12
0E0 0E0 0E0 0E0 0E0 0E0 0E0 0E0 0E0 0E0 0E0 0E0 0E0 0E0 0E0 0E0 2.26331E-3 2.45854E-3 1.99068E-3 2.94915E-3 3.88526E-3 1.37837E-3 0E0 0E0 3.50486E-4 0E0 2.41498E-5 1.29975E-9 1.07692E-14 0E0 1.88738E-15 2.08989E-9 1.44429E-9 9.24587E-5 2.12233E-3 3.02517E-5 4.79503E-8 2.48027E-6 1.74606E-8 2.60863E-6 9.16187E-11 1.28255E-10 3.91494E-6 3.66491E-6 2.027E-9 3.07411E-7 6.63618E-11 2.48786E-8 2.38989E-10 8.24603E-5 1.81899E-5 1.21257E-8 1.22125E-15 1.63414E-12 2.7926E-8 9.99201E-14 2.82321E-11 4.02476E-11 4.79535E-10 5.53307E-10 1.01263E-12 5.55112E-16 0E0 0E0 0E0 0E0 5.55112E-16 4.78043E-11 1.10889E-8
0E0 0E0 0E0 0E0 0E0 0E0 0E0 0E0 0E0 0E0 0E0 0E0 0E0 0E0 0E0 1.17145E-4 2.29635E-3 3.27801E-3 1.98508E-3 2.21549E-3 1.45624E-3 3.90375E-4 0E0 0E0 3.50632E-5 5.55214E-7 3.54766E-6 1.7113E-12 0E0 2.19824E-14 1.4284E-6 2.5789E-9 3.37035E-8 4.36307E-4 1.33559E-3 1.32309E-5 1.39216E-6 2.55081E-9 6.89215E-9 3.6978E-7 1.02822E-6 1.99611E-8 3.59651E-8 2.83951E-10 6.54851E-7 5.53589E-8 2.29625E-6 5.62134E-9 4.50223E-11 2.8604E-7 2.01334E-6 2.56423E-7 1.20621E-9 1.22125E-15 5.92393E-12 3.32525E-11 2.36478E-14 4.07452E-14 8.88178E-16 5.1225E-8 1.43548E-8 2.5373E-12 0E0 0E0 0E0 0E0 1.88738E-15 3.93499E-10 0E0
0E0 0E0 0E0 0E0 0E0 0E0 0E0 0E0 0E0 0E0 0E0 0E0 0E0 0E0 0E0 1.78713E-4 0E0 1.00912E-3 1.68608E-3 2.36109E-3 0E0 0E0 0E0 0E0 0E0 3.1346E-7 3.20689E-8 1.16117E-11 0E0 1.11022E-16 5.22955E-10 4.33342E-6 4.73778E-6 2.43244E-3 7.24784E-4 3.44673E-4 4.59174E-8 1.09905E-7 7.10897E-8 9.65034E-6 2.46936E-8 2.13603E-8 4.95662E-9 1.53757E-9 2.3639E-11 2.86487E-10 1.73313E-9 1.04353E-8 3.12813E-9 1.89378E-7 1.16953E-11 4.01383E-10 3.44169E-15 7.78266E-13 1.75415E-14 4.21763E-10 3.89688E-14 1.55542E-13 2.85327E-14 2.32999E-11 3.54176E-11 0E0 0E0 0E0 0E0 0E0 0E0 9.42257E-12 0E0
