ENM/Final_Models/M_1_F_qp_Set_1_EC/Gustavia_santanderiensis_8_Choco.asc
ncols         367
nrows         963
xllcorner     -78.6
yllcorner     0.65
cellsize      0.00833333333333323
NODATA_value  -9999
[rows 270 to 299 of 963, columns 268 to 334 of 367]
1.73008E-1 1.09712E-1 1.20334E-1 1.75879E-1 1.43202E-1 7.59832E-2 1.74517E-1 6.76661E-2 8.88369E-2 5.85173E-2 2.97343E-2 3.82542E-2 2.31672E-2 2.46334E-2 9.79353E-3 3.7718E-3 1.87481E-2 1.84672E-2 1.1088E-2 4.78844E-3 3.3866E-3 1.06754E-3 4.02614E-4 6.17901E-4 2.82002E-4 1.01472E-4 2.79719E-4 2.72205E-5 -9999 -9999 -9999 -9999 -9999 -9999 -9999 -9999 -9999 -9999 -9999 -9999 -9999 -9999 -9999 -9999 -9999 -9999 -9999 -9999 -9999 -9999 -9999 -9999 -9999 -9999 -9999 -9999 -9999 -9999 -9999 -9999 -9999 -9999 -9999 -9999 -9999 -9999 -9999
2.12412E-1 1.6398E-1 1.65021E-1 6.47737E-2 5.99188E-2 7.77716E-2 9.27726E-2 5.21146E-2 9.64282E-2 1.06446E-1 3.79912E-3 9.99295E-3 1.37554E-2 1.25662E-2 3.91784E-3 1.13299E-2 2.05146E-2 1.74282E-2 6.0825E-3 2.74232E-3 2.48605E-3 2.79882E-3 2.16802E-3 6.58328E-4 5.39594E-4 7.35998E-5 9.23632E-5 6.67388E-6 2.72847E-6 -9999 -9999 -9999 -9999 -9999 -9999 -9999 -9999 -9999 -9999 -9999 -9999 -9999 -9999 -9999 -9999 -9999 -9999 -9999 -9999 -9999 -9999 -9999 -9999 -9999 -9999 -9999 -9999 -9999 -9999 -9999 -9999 -9999 -9999 -9999 -9999 -9999 -9999
2.73965E-1 2.20716E-1 1.21016E-1 1.14828E-1 1.5253E-1 9.41859E-2 3.80045E-2 5.88943E-2 4.78447E-2 7.52691E-2 2.15711E-3 2.3056E-3 1.12294E-2 5.78543E-3 1.30893E-2 2.44263E-2 2.02482E-2 1.58356E-2 1.2025E-2 7.23943E-3 4.11016E-3 5.90558E-3 1.91546E-3 1.20238E-3 7.30296E-4 2.98584E-4 8.41016E-4 1.00891E-4 3.83266E-6 -9999 -9999 -9999 -9999 -9999 -9999 -9999 -9999 -9999 -9999 -9999 -9999 -9999 -9999 -9999 -9999 -9999 -9999 -9999 -9999 -9999 -9999 -9999 -9999 -9999 -9999 -9999 -9999 -9999 -9999 -9999 -9999 -9999 -9999 -9999 -9999 -9999 -9999
3.0924E-1 3.29665E-1 1.71261E-1 1.12968E-1 1.23905E-1 6.15938E-2 6.1865E-2 4.4716E-2 2.29709E-2 3.51764E-2 1.54291E-3 1.47209E-3 5.28936E-3 1.30531E-2 1.60802E-2 1.07789E-2 1.03671E-2 4.46843E-3 6.0717E-3 9.99385E-3 7.83425E-3 5.47887E-3 1.80636E-3 7.80089E-4 4.77139E-4 5.3444E-4 9.52223E-4 4.91805E-4 4.27546E-5 -9999 -9999 -9999 -9999 -9999 -9999 -9999 -9999 -9999 -9999 -9999 -9999 -9999 -9999 -9999 -9999 -9999 -9999 -9999 -9999 -9999 -9999 -9999 -9999 -9999 -9999 -9999 -9999 -9999 -9999 -9999 -9999 -9999 -9999 -9999 -9999 -9999 -9999
3.128E-1 1.95701E-1 2.26669E-1 1.06096E-1 1.26289E-1 7.41663E-2 3.60019E-2 2.54471E-2 2.16979E-2 2.79334E-2 8.78669E-4 3.05097E-4 2.99585E-3 1.07376E-2 1.83271E-2 2.65775E-2 9.86891E-3 3.71283E-3 3.26072E-3 5.16061E-3 3.2061E-3 1.86968E-3 2.95736E-3 2.73971E-3 6.74925E-4 1.53369E-3 2.45265E-3 1.37383E-3 3.42401E-4 6.02008E-4 -9999 -9999 -9999 -9999 -9999 -9999 -9999 -9999 -9999 -9999 -9999 -9999 -9999 -9999 -9999 -9999 -9999 -9999 -9999 -9999 -9999 -9999 -9999 -9999 -9999 -9999 -9999 -9999 -9999 -9999 -9999 -9999 -9999 -9999 -9999 -9999 -9999
1.35208E-1 1.5369E-1 2.08513E-1 1.2811E-1 9.45368E-2 7.37404E-2 5.34099E-2 3.63936E-2 2.98843E-2 2.41265E-2 1.42815E-3 2.77166E-4 1.80383E-3 2.29889E-3 7.8813E-3 1.28558E-2 3.29098E-3 8.1482E-3 4.9357E-3 3.11487E-3 1.06373E-3 2.76934E-3 1.43961E-3 2.99429E-3 8.6196E-4 1.76939E-3 1.28107E-3 1.73399E-4 1.7693E-4 1.94127E-4 -9999 -9999 -9999 -9999 -9999 -9999 -9999 -9999 -9999 -9999 -9999 -9999 -9999 -9999 -9999 -9999 -9999 -9999 -9999 -9999 -9999 -9999 -9999 -9999 -9999 -9999 -9999 -9999 -9999 -9999 -9999 -9999 -9999 -9999 -9999 -9999 -9999
1.32548E-1 1.39034E-1 1.71079E-1 6.36759E-2 1.47104E-1 1.0092E-1 3.4701E-2 2.14997E-2 1.57425E-2 1.24425E-2 1.31115E-4 1.57497E-4 9.98345E-4 1.02835E-3 4.36732E-3 4.60219E-3 1.85873E-2 4.64117E-3 1.71458E-3 3.83111E-3 2.13878E-3 6.3462E-3 2.97458E-3 1.35878E-3 2.3337E-3 2.06887E-3 1.9672E-3 1.49954E-4 2.07339E-4 6.65933E-4 4.49345E-4 -9999 -9999 -9999 -9999 -9999 -9999 -9999 -9999 -9999 -9999 -9999 -9999 -9999 -9999 -9999 -9999 -9999 -9999 -9999 -9999 -9999 -9999 -9999 -9999 -9999 -9999 -9999 -9999 -9999 -9999 -9999 -9999 -9999 -9999 -9999 -9999
1.2899E-1 8.8743E-2 8.35604E-2 4.92896E-2 4.7517E-2 1.64844E-2 4.6087E-2 2.81981E-2 1.48967E-2 5.80502E-4 4.23135E-3 1.51004E-3 4.88574E-4 7.96525E-4 2.28728E-3 1.23022E-3 1.60522E-2 4.3196E-3 2.73364E-3 1.8455E-3 3.44652E-3 9.35085E-4 4.09599E-3 6.17539E-3 2.53903E-3 6.5176E-4 8.49534E-4 8.39439E-4 4.53158E-4 2.36721E-4 3.85459E-4 3.30512E-4 -9999 -9999 -9999 -9999 -9999 -9999 -9999 -9999 -9999 -9999 -9999 -9999 -9999 -9999 -9999 -9999 -9999 -9999 -9999 -9999 -9999 -9999 -9999 -9999 -9999 -9999 -9999 -9999 -9999 -9999 -9999 -9999 -9999 -9999 -9999
7.24792E-2 6.03092E-2 8.03043E-2 9.47588E-2 9.81402E-2 3.27391E-2 4.06278E-2 3.18766E-2 1.09006E-2 8.45834E-4 2.42897E-3 3.34146E-3 3.24474E-3 7.47832E-4 1.29109E-3 5.87098E-4 7.46266E-3 9.95518E-3 4.5217E-3 3.09442E-3 4.2486E-3 1.39781E-3 3.05685E-3 2.1895E-3 2.64462E-3 2.4135E-3 1.67756E-3 1.86914E-3 4.5766E-4 7.46226E-4 4.73244E-4 6.17904E-4 4.03186E-4 -9999 -9999 -9999 -9999 -9999 -9999 -9999 -9999 -9999 -9999 -9999 -9999 -9999 -9999 -9999 -9999 -9999 -9999 -9999 -9999 -9999 -9999 -9999 -9999 -9999 -9999 -9999 -9999 -9999 -9999 -9999 -9999 -9999 -9999
3.01037E-2 3.42129E-2 5.53062E-2 1.07327E-1 7.02347E-2 6.07406E-2 2.23133E-2 1.26104E-2 1.20836E-2 2.7721E-3 7.0709E-3 7.59316E-4 4.77421E-3 2.68271E-3 4.28023E-4 3.16025E-4 2.91385E-3 8.02525E-3 6.84637E-3 5.45212E-3 3.69989E-3 1.95695E-3 1.38957E-3 2.19038E-3 2.00334E-3 1.87427E-3 1.47907E-3 1.28911E-3 5.0478E-4 6.00578E-4 7.11692E-4 1.14065E-3 4.55217E-4 3.17911E-4 -9999 -9999 -9999 -9999 -9999 -9999 -9999 -9999 -9999 -9999 -9999 -9999 -9999 -9999 -9999 -9999 -9999 -9999 -9999 -9999 -9999 -9999 -9999 -9999 -9999 -9999 -9999 -9999 -9999 -9999 -9999 -9999 -9999
8.46079E-2 6.10004E-2 4.91921E-2 8.43501E-2 2.24288E-2 5.22547E-2 2.08147E-2 1.23917E-2 4.58794E-3 2.41556E-3 1.87116E-3 5.25625E-4 1.82443E-3 8.94018E-4 3.37082E-3 3.45496E-3 1.18504E-2 1.15361E-2 7.46393E-3 8.45287E-4 1.48088E-3 1.40943E-3 1.2337E-3 9.73884E-4 4.69646E-4 3.97558E-3 1.70513E-3 1.47133E-3 1.1839E-3 1.82005E-3 5.20059E-4 2.74932E-4 7.20461E-4 1.10636E-3 -9999 -9999 -9999 -9999 -9999 -9999 -9999 -9999 -9999 -9999 -9999 -9999 -9999 -9999 -9999 -9999 -9999 -9999 -9999 -9999 -9999 -9999 -9999 -9999 -9999 -9999 -9999 -9999 -9999 -9999 -9999 -9999 -9999
9.65385E-2 1.25424E-1 5.29534E-2 5.40074E-2 6.44327E-2 9.35392E-3 1.92817E-2 1.62447E-2 1.00526E-2 5.44443E-3 2.08059E-3 1.29061E-3 3.91592E-4 1.52013E-3 2.54326E-3 1.56214E-2 2.11208E-2 6.86481E-3 3.19399E-3 1.50643E-3 1.13814E-3 1.96207E-4 5.92013E-4 1.74786E-4 5.67122E-4 6.1341E-4 3.11451E-3 2.03447E-3 1.38689E-3 1.15216E-3 9.1722E-4 4.88649E-4 1.01298E-3 6.8718E-4 9.6676E-4 -9999 -9999 -9999 -9999 -9999 -9999 -9999 -9999 -9999 -9999 -9999 -9999 -9999 -9999 -9999 -9999 -9999 -9999 -9999 -9999 -9999 -9999 -9999 -9999 -9999 -9999 -9999 -9999 -9999 -9999 -9999 -9999
1.18248E-1 1.39849E-1 1.19155E-1 9.59178E-2 1.0873E-1 9.35406E-2 3.81789E-2 2.31556E-2 1.25659E-2 1.09507E-3 2.5813E-4 3.81421E-3 1.70213E-3 2.20878E-3 3.69431E-3 2.58584E-3 3.36428E-3 2.42984E-3 1.20178E-3 2.03127E-3 7.75329E-4 3.4719E-4 4.22016E-4 2.93738E-4 4.73134E-4 6.91629E-4 1.48898E-3 1.58086E-3 1.54091E-3 8.84587E-4 2.99602E-4 1.15098E-3 3.03242E-4 2.91979E-4 -9999 -9999 -9999 -9999 -9999 -9999 -9999 -9999 -9999 -9999 -9999 -9999 -9999 -9999 -9999 -9999 -9999 -9999 -9999 -9999 -9999 -9999 -9999 -9999 -9999 -9999 -9999 -9999 -9999 -9999 -9999 -9999 -9999
1.01425E-1 8.46352E-2 5.04468E-2 3.8855E-2 5.13694E-2 1.22636E-2 5.3334E-3 1.17094E-2 7.32615E-3 3.79794E-3 5.61277E-3 7.17196E-4 8.36258E-4 4.99261E-4 1.08638E-3 2.47452E-3 1.27198E-3 4.10343E-3 3.06838E-3 2.46983E-3 2.23584E-3 7.7025E-4 2.2113E-4 6.33752E-4 1.94751E-4 7.4513E-4 3.8736E-3 5.88409E-3 7.7169E-4 8.14097E-4 9.20542E-4 1.09297E-3 2.04625E-3 1.21247E-3 -9999 -9999 -9999 -9999 -9999 -9999 -9999 -9999 -9999 -9999 -9999 -9999 -9999 -9999 -9999 -9999 -9999 -9999 -9999 -9999 -9999 -9999 -9999 -9999 -9999 -9999 -9999 -9999 -9999 -9999 -9999 -9999 -9999
5.50065E-2 4.23939E-2 4.15567E-2 2.1932E-2 2.42149E-2 1.77315E-2 9.9678E-3 1.61947E-3 1.56553E-3 5.94806E-3 1.43056E-3 8.47281E-4 7.3627E-4 6.96266E-4 1.19869E-3 9.69177E-4 1.09617E-3 7.9311E-3 2.44475E-3 1.52772E-3 8.61198E-4 1.07417E-3 4.4489E-4 1.52055E-4 5.77599E-4 3.11277E-4 1.94037E-3 3.92633E-3 2.21853E-3 2.04691E-3 6.51797E-4 3.93515E-4 3.88358E-4 1.76952E-4 -9999 -9999 -9999 -9999 -9999 -9999 -9999 -9999 -9999 -9999 -9999 -9999 -9999 -9999 -9999 -9999 -9999 -9999 -9999 -9999 -9999 -9999 -9999 -9999 -9999 -9999 -9999 -9999 -9999 -9999 -9999 -9999 -9999
9.49756E-2 7.71371E-2 6.30104E-2 7.10762E-2 9.80112E-3 1.96334E-2 5.25895E-3 5.79083E-3 3.40531E-3 4.84938E-4 2.18203E-4 1.36101E-4 4.94743E-4 9.84943E-4 1.17461E-3 1.5203E-3 7.15777E-4 1.83845E-3 2.70448E-3 6.53921E-4 1.5846E-3 5.21389E-4 2.6729E-4 4.26839E-4 3.02017E-4 4.06382E-4 1.56699E-3 1.08196E-3 1.21062E-3 1.54296E-3 7.90924E-4 5.96489E-4 1.02307E-3 4.0451E-4 -9999 -9999 -9999 -9999 -9999 -9999 -9999 -9999 -9999 -9999 -9999 -9999 -9999 -9999 -9999 -9999 -9999 -9999 -9999 -9999 -9999 -9999 -9999 -9999 -9999 -9999 -9999 -9999 -9999 -9999 -9999 -9999 -9999
3.38849E-2 8.82416E-2 6.67615E-2 1.01385E-2 5.02114E-2 1.9168E-2 1.84398E-2 4.24526E-4 4.86268E-3 3.80809E-4 2.29725E-4 1.22695E-4 2.72774E-4 8.0147E-4 1.28906E-3 1.29994E-3 8.37036E-4 9.81202E-4 1.37007E-3 1.69578E-3 1.80601E-3 4.22446E-4 3.52409E-4 2.14845E-4 3.31464E-4 6.33479E-4 1.35957E-3 1.5938E-3 1.25437E-3 9.51006E-4 4.72187E-4 4.24818E-4 9.80405E-4 9.24171E-4 1.06893E-3 -9999 -9999 -9999 -9999 -9999 -9999 -9999 -9999 -9999 -9999 -9999 -9999 -9999 -9999 -9999 -9999 -9999 -9999 -9999 -9999 -9999 -9999 -9999 -9999 -9999 -9999 -9999 -9999 -9999 -9999 -9999 -9999
8.73505E-2 5.30494E-2 3.95366E-2 1.05266E-2 2.09359E-2 2.14736E-2 1.61066E-2 7.89121E-3 3.76028E-3 1.52371E-3 1.65908E-3 1.20022E-3 2.31449E-4 6.8671E-4 1.60524E-3 1.1679E-3 6.49387E-4 5.23432E-4 7.50526E-4 4.95281E-4 4.39673E-4 2.82341E-4 7.40535E-4 8.46649E-4 6.3146E-4 2.43055E-4 1.47488E-3 2.0691E-3 1.02728E-3 2.27191E-3 1.01114E-3 1.09616E-3 2.76754E-3 6.40079E-4 -9999 -9999 -9999 -9999 -9999 -9999 -9999 -9999 -9999 -9999 -9999 -9999 -9999 -9999 -9999 -9999 -9999 -9999 -9999 -9999 -9999 -9999 -9999 -9999 -9999 -9999 -9999 -9999 -9999 -9999 -9999 -9999 -9999
2.26393E-1 2.84106E-1 1.48809E-1 6.01405E-2 4.95774E-2 2.46398E-2 3.23616E-2 4.06498E-2 1.67924E-3 3.51084E-3 1.44237E-3 2.53523E-3 1.89585E-4 5.6806E-4 1.03319E-3 5.82845E-4 5.22511E-4 7.27972E-4 7.00167E-4 2.89428E-4 7.15181E-4 1.13264E-3 1.14387E-3 6.80836E-4 2.09988E-4 5.34882E-4 1.12981E-3 2.2664E-3 2.65322E-3 2.65124E-3 2.35695E-3 1.05976E-3 1.49455E-3 2.10139E-3 -9999 -9999 -9999 -9999 -9999 -9999 -9999 -9999 -9999 -9999 -9999 -9999 -9999 -9999 -9999 -9999 -9999 -9999 -9999 -9999 -9999 -9999 -9999 -9999 -9999 -9999 -9999 -9999 -9999 -9999 -9999 -9999 -9999
3.32351E-1 3.96704E-1 2.6779E-1 1.69296E-1 9.99744E-2 5.14755E-2 2.40318E-2 4.42095E-3 4.99825E-3 1.44805E-3 1.63041E-3 2.96652E-3 1.88011E-3 6.76631E-4 2.28762E-4 3.45644E-4 4.49533E-4 5.76832E-4 1.05554E-3 3.66206E-4 7.80502E-4 1.33126E-3 7.85971E-4 4.0918E-4 1.41453E-4 1.16831E-3 1.17357E-3 1.06338E-3 1.11605E-3 1.98223E-3 4.20848E-3 1.48413E-3 1.4551E-3 1.33016E-3 -9999 -9999 -9999 -9999 -9999 -9999 -9999 -9999 -9999 -9999 -9999 -9999 -9999 -9999 -9999 -9999 -9999 -9999 -9999 -9999 -9999 -9999 -9999 -9999 -9999 -9999 -9999 -9999 -9999 -9999 -9999 -9999 -9999
1.40234E-1 3.62331E-1 3.04793E-1 1.98064E-1 1.61526E-1 6.6972E-2 2.6428E-2 9.1505E-3 6.84813E-3 8.32881E-3 3.59113E-3 6.58241E-3 1.77321E-3 2.51343E-3 9.05473E-4 2.1254E-4 3.84566E-4 4.24383E-4 3.22543E-4 2.2216E-4 3.2035E-4 3.39668E-4 6.01823E-4 5.02789E-4 5.17933E-4 9.03878E-4 2.02086E-3 3.18067E-3 3.64609E-3 3.76495E-3 3.2192E-3 2.3244E-3 3.08268E-3 6.91828E-4 -9999 -9999 -9999 -9999 -9999 -9999 -9999 -9999 -9999 -9999 -9999 -9999 -9999 -9999 -9999 -9999 -9999 -9999 -9999 -9999 -9999 -9999 -9999 -9999 -9999 -9999 -9999 -9999 -9999 -9999 -9999 -9999 -9999
3.21147E-1 2.62419E-1 1.66209E-1 8.31502E-2 7.77789E-2 5.95711E-2 5.52436E-2 1.44448E-2 6.63174E-3 1.15544E-2 7.08931E-3 2.79439E-3 4.82201E-3 3.38872E-3 6.59087E-4 3.10193E-4 3.74422E-4 2.21061E-4 1.68434E-4 2.9666E-4 4.13035E-4 5.92568E-4 7.02773E-4 5.3877E-4 1.35925E-3 7.34744E-4 1.08721E-3 2.80317E-3 4.15567E-3 4.10717E-3 2.42496E-3 2.18636E-3 1.15297E-3 1.23552E-3 6.77323E-4 -9999 -9999 -9999 -9999 -9999 -9999 -9999 -9999 -9999 -9999 -9999 -9999 -9999 -9999 -9999 -9999 -9999 -9999 -9999 -9999 -9999 -9999 -9999 -9999 -9999 -9999 -9999 -9999 -9999 -9999 -9999 -9999
4.67322E-1 2.02632E-1 2.98202E-1 1.09234E-1 6.5596E-2 5.01594E-2 6.96352E-2 4.27288E-2 2.5369E-2 2.4967E-2 2.23503E-3 1.41521E-3 9.14031E-4 3.87383E-3 6.26703E-4 2.17136E-4 1.537E-4 1.64397E-4 2.52721E-5 1.46646E-4 5.29007E-4 6.58192E-4 2.7352E-4 5.51781E-4 5.07266E-4 1.10965E-3 1.90864E-3 3.0989E-3 2.47416E-3 3.26521E-3 5.69352E-3 1.82654E-3 8.12457E-4 1.62918E-4 5.34399E-4 1.01628E-3 -9999 -9999 -9999 -9999 -9999 -9999 -9999 -9999 -9999 -9999 -9999 -9999 -9999 -9999 -9999 -9999 -9999 -9999 -9999 -9999 -9999 -9999 -9999 -9999 -9999 -9999 -9999 -9999 -9999 -9999 -9999
2.58226E-1 1.64054E-1 8.06704E-2 1.72504E-1 1.1827E-1 4.585E-2 6.2782E-2 1.06282E-1 2.97974E-2 2.07632E-3 8.77954E-3 6.14627E-4 2.92934E-4 2.69913E-4 1.70921E-4 5.88361E-5 5.45073E-5 6.00443E-5 7.42994E-5 8.88202E-4 1.2961E-3 6.60805E-4 1.65311E-3 5.48412E-4 4.65338E-4 1.08485E-3 1.86358E-3 1.55632E-3 6.22435E-4 2.01883E-3 6.16594E-3 1.1806E-3 7.87856E-4 3.95953E-4 5.85741E-4 8.63148E-4 2.50305E-3 -9999 -9999 -9999 -9999 -9999 -9999 -9999 -9999 -9999 -9999 -9999 -9999 -9999 -9999 -9999 -9999 -9999 -9999 -9999 -9999 -9999 -9999 -9999 -9999 -9999 -9999 -9999 -9999 -9999 -9999
4.50711E-1 2.57475E-1 1.68045E-1 1.07635E-1 1.83024E-1 1.11289E-1 1.34246E-1 8.28845E-2 2.84362E-2 1.59455E-2 8.16138E-4 2.15745E-3 1.19151E-3 3.14016E-4 7.8325E-5 1.5736E-4 1.4718E-4 1.82751E-4 1.29433E-4 3.5357E-4 1.07224E-3 8.39043E-4 1.2363E-3 7.45137E-4 8.4282E-4 7.34134E-4 5.29005E-4 4.6318E-4 3.51907E-4 6.63221E-4 7.48082E-4 1.16155E-3 4.19404E-4 6.89194E-4 1.59746E-3 1.12829E-3 -9999 -9999 -9999 -9999 -9999 -9999 -9999 -9999 -9999 -9999 -9999 -9999 -9999 -9999 -9999 -9999 -9999 -9999 -9999 -9999 -9999 -9999 -9999 -9999 -9999 -9999 -9999 -9999 -9999 -9999 -9999
2.5224E-1 2.07323E-1 3.70932E-1 1.51467E-1 7.31427E-2 9.71146E-2 1.36765E-1 6.03567E-2 4.97303E-2 1.59718E-2 2.36032E-3 2.42361E-3 1.24578E-3 2.23335E-4 1.41068E-4 4.88846E-5 7.07581E-5 5.83822E-4 5.65037E-4 3.61262E-4 3.89546E-4 1.10713E-3 1.76477E-3 2.00824E-3 1.12323E-3 7.82227E-4 5.89405E-4 2.84443E-4 2.79788E-4 2.92679E-4 4.52874E-4 1.73265E-4 7.21215E-5 3.60347E-4 8.85851E-4 7.31268E-4 5.85838E-4 -9999 -9999 -9999 -9999 -9999 -9999 -9999 -9999 -9999 -9999 -9999 -9999 -9999 -9999 -9999 -9999 -9999 -9999 -9999 -9999 -9999 -9999 -9999 -9999 -9999 -9999 -9999 -9999 -9999 -9999
8.08743E-2 6.64749E-2 7.15335E-2 1.33651E-1 2.81087E-2 2.02731E-2 1.89191E-2 1.42779E-2 3.2827E-2 5.11642E-4 6.01876E-4 7.80006E-4 1.80338E-4 5.79988E-5 4.13747E-5 9.79493E-5 1.29236E-4 4.74439E-4 6.19688E-4 1.21364E-3 1.89002E-3 6.92615E-4 3.40221E-4 1.05843E-3 2.28993E-3 1.23872E-3 1.31699E-3 1.04735E-3 2.56795E-4 2.97997E-4 3.19965E-4 2.31465E-4 1.51997E-4 3.23817E-4 5.6536E-4 1.27784E-3 1.73124E-3 1.26232E-3 -9999 -9999 -9999 -9999 -9999 -9999 -9999 -9999 -9999 -9999 -9999 -9999 -9999 -9999 -9999 -9999 -9999 -9999 -9999 -9999 -9999 -9999 -9999 -9999 -9999 -9999 -9999 -9999 -9999
3.73783E-1 7.51135E-2 1.01996E-1 1.17932E-1 4.72858E-2 2.49421E-2 1.42921E-2 1.13188E-2 1.1666E-2 6.38456E-3 4.92102E-3 7.15526E-4 7.47184E-4 9.54036E-5 9.91734E-5 6.49715E-4 7.54032E-5 7.75092E-5 2.1481E-4 3.32321E-4 1.28795E-3 1.78113E-4 1.63288E-4 1.65879E-3 1.50367E-3 2.04844E-3 1.96354E-3 1.37212E-3 7.67059E-4 1.917E-3 1.5164E-3 1.38305E-3 7.17578E-4 8.79771E-4 7.84422E-4 4.69781E-4 1.67096E-3 1.07157E-3 1.78518E-4 -9999 -9999 -9999 -9999 -9999 -9999 -9999 -9999 -9999 -9999 -9999 -9999 -9999 -9999 -9999 -9999 -9999 -9999 -9999 -9999 -9999 -9999 -9999 -9999 -9999 -9999 -9999 -9999
1.5573E-1 1.38214E-1 1.01453E-1 8.60959E-2 7.85907E-2 5.87497E-2 1.62461E-2 2.1357E-2 3.73493E-4 8.55269E-3 2.23026E-3 2.27712E-3 9.18439E-4 9.83071E-4 3.45412E-4 2.28686E-3 3.15605E-4 4.02764E-4 5.24532E-4 8.44793E-4 1.18635E-3 7.26534E-4 6.45523E-4 7.36983E-4 1.77727E-3 3.5366E-3 1.8471E-3 1.81082E-3 6.07449E-4 2.05695E-3 1.19521E-3 1.11083E-3 4.39297E-4 2.12801E-3 1.42188E-3 2.25928E-4 6.43687E-4 1.29286E-3 -9999 -9999 -9999 -9999 -9999 -9999 -9999 -9999 -9999 -9999 -9999 -9999 -9999 -9999 -9999 -9999 -9999 -9999 -9999 -9999 -9999 -9999 -9999 -9999 -9999 -9999 -9999 -9999 -9999
2.70702E-1 2.33415E-1 2.02584E-1 1.45949E-1 8.58507E-2 2.19284E-2 2.2006E-2 1.78258E-2 9.88665E-3 1.1138E-2 4.19773E-3 1.62205E-3 7.62823E-4 1.70985E-4 6.08831E-4 1.64965E-3 6.28319E-4 7.90985E-4 4.16376E-4 1.02643E-3 4.02586E-4 1.00973E-3 7.14045E-4 1.07203E-3 3.6591E-3 4.15022E-3 3.23805E-3 2.1837E-3 1.17445E-3 1.9351E-3 1.83245E-3 1.04778E-3 1.4678E-3 1.97595E-3 2.13391E-3 1.03095E-3 8.29786E-4 2.56486E-3 -9999 -9999 -9999 -9999 -9999 -9999 -9999 -9999 -9999 -9999 -9999 -9999 -9999 -9999 -9999 -9999 -9999 -9999 -9999 -9999 -9999 -9999 -9999 -9999 -9999 -9999 -9999 -9999 -9999
