ENM/Final_Models/M_1_F_qp_Set_1_EC/Gustavia_santanderiensis_Choco_stddev.asc
ncols         367
nrows         963
xllcorner     -78.6
yllcorner     0.65
cellsize      0.00833333333333323
NODATA_value  -9999
[rows 780 to 809 of 963, columns 0 to 66 of 367]
-9999 2.69992E-1 2.51847E-1 2.88452E-1 2.71881E-1 2.52994E-1 2.73238E-1 2.76965E-1 2.76168E-1 2.62516E-1 2.55357E-1 2.71886E-1 2.54107E-1 2.21716E-1 1.83829E-1 2.02724E-1 2.32414E-1 2.2848E-1 2.18792E-1 1.83099E-1 1.98065E-1 1.64382E-1 1.4385E-1 1.42535E-1 1.26718E-1 1.02975E-1 7.7615E-2 8.37641E-2 8.24044E-2 8.88564E-2 6.09609E-2 9.67963E-2 9.36241E-2 1.40071E-1 1.18048E-1 8.96007E-2 9.83399E-2 1.05413E-1 1.11225E-1 5.2397E-2 6.31413E-2 6.29527E-2 8.16934E-2 5.67105E-2 4.56492E-2 3.15869E-2 4.11926E-2 4.23892E-2 3.46938E-2 3.86357E-2 3.14318E-2 2.87144E-2 2.63393E-2 2.28814E-2 2.21942E-2 3.10536E-2 3.77706E-2 2.95501E-2 2.84435E-2 2.59716E-2 2.87167E-2 4.1222E-2 3.52761E-2 2.43519E-2 3.10265E-2 3.28913E-2 2.79128E-2
-9999 2.49426E-1 2.47074E-1 2.36115E-1 2.26952E-1 2.42426E-1 2.6477E-1 2.72518E-1 2.29825E-1 2.47845E-1 2.83959E-1 2.85655E-1 2.47274E-1 2.70585E-1 2.42852E-1 2.54619E-1 2.79341E-1 2.30724E-1 2.26962E-1 2.13868E-1 1.84626E-1 1.83514E-1 1.27243E-1 1.29915E-1 1.01258E-1 9.64609E-2 8.95379E-2 1.05108E-1 8.61253E-2 8.73416E-2 8.09708E-2 1.16005E-1 1.19475E-1 8.36418E-2 8.63301E-2 7.18E-2 7.4224E-2 1.21536E-1 1.2816E-1 1.07858E-1 9.76988E-2 6.52783E-2 6.73188E-2 6.51688E-2 4.77197E-2 3.08903E-2 3.66753E-2 5.5721E-2 4.62029E-2 5.09559E-2 3.88138E-2 3.08657E-2 3.88415E-2 2.92646E-2 1.8278E-2 2.30885E-2 2.61174E-2 1.96059E-2 2.28765E-2 2.22809E-2 1.90268E-2 2.04115E-2 4.53158E-2 4.29019E-2 5.38533E-2 3.97268E-2 3.82698E-2
-9999 1.99746E-1 2.19866E-1 2.41269E-1 2.37459E-1 2.53137E-1 2.67507E-1 2.71601E-1 2.51804E-1 2.58552E-1 2.74125E-1 2.82866E-1 2.65594E-1 2.58961E-1 2.6891E-1 2.67943E-1 2.71704E-1 2.35669E-1 1.91062E-1 1.63377E-1 1.41454E-1 1.46408E-1 1.43449E-1 1.09266E-1 8.60563E-2 1.17575E-1 9.03837E-2 7.66929E-2 7.85016E-2 7.80828E-2 8.00608E-2 8.25744E-2 9.8692E-2 7.72452E-2 8.8545E-2 9.16917E-2 1.22823E-1 1.10849E-1 9.13049E-2 1.23877E-1 1.21149E-1 8.36034E-2 7.08673E-2 5.58478E-2 6.29372E-2 5.27318E-2 5.88589E-2 6.56482E-2 3.43139E-2 3.73031E-2 3.71402E-2 3.13745E-2 4.92022E-2 5.74781E-2 3.38249E-2 2.89674E-2 4.05759E-2 3.50137E-2 4.07989E-2 3.0471E-2 1.88882E-2 2.44684E-2 2.30779E-2 4.91613E-2 4.16748E-2 3.74615E-2 3.83575E-2
-9999 2.32604E-1 2.37967E-1 2.2212E-1 2.39416E-1 2.52079E-1 2.46361E-1 2.58571E-1 2.37333E-1 2.33638E-1 2.6663E-1 2.69602E-1 2.25405E-1 2.39782E-1 2.43449E-1 2.35163E-1 2.35606E-1 2.26543E-1 2.08001E-1 1.25827E-1 1.28024E-1 1.36672E-1 1.67053E-1 1.55236E-1 1.36628E-1 1.28884E-1 1.28309E-1 1.05208E-1 8.25187E-2 1.10076E-1 8.21464E-2 9.01149E-2 1.03379E-1 8.20088E-2 8.59293E-2 8.56574E-2 1.05469E-1 9.1503E-2 1.18335E-1 8.3228E-2 8.06249E-2 6.8108E-2 7.11158E-2 5.52534E-2 6.40891E-2 4.86618E-2 4.22457E-2 4.33126E-2 4.25938E-2 4.43188E-2 4.01464E-2 4.51071E-2 4.08986E-2 4.64556E-2 4.39096E-2 2.97435E-2 3.64398E-2 3.96662E-2 2.8569E-2 2.95589E-2 3.34783E-2 4.52722E-2 4.32563E-2 3.94406E-2 3.8947E-2 3.55193E-2 2.9719E-2
-9999 1.57118E-1 1.78958E-1 2.08767E-1 2.09803E-1 2.66241E-1 2.59418E-1 2.56704E-1 2.7121E-1 2.83969E-1 2.85107E-1 2.67234E-1 2.1517E-1 2.26599E-1 2.22844E-1 2.33549E-1 2.18255E-1 2.33108E-1 1.61673E-1 1.56834E-1 1.35163E-1 1.54238E-1 1.55133E-1 1.73415E-1 1.42423E-1 1.20424E-1 1.39585E-1 1.71852E-1 1.39161E-1 1.3795E-1 1.1617E-1 1.01488E-1 8.40973E-2 8.00515E-2 7.74499E-2 5.61211E-2 8.20554E-2 1.01214E-1 1.17547E-1 8.59324E-2 9.73417E-2 7.08031E-2 7.05844E-2 7.26815E-2 6.69369E-2 4.07051E-2 3.1127E-2 4.25166E-2 3.93323E-2 3.63517E-2 3.41535E-2 3.74247E-2 3.73629E-2 3.76772E-2 3.85268E-2 4.67451E-2 3.61951E-2 4.6745E-2 4.61366E-2 3.61743E-2 4.00203E-2 3.501E-2 3.5411E-2 3.6959E-2 4.54515E-2 5.28582E-2 4.26234E-2
-9999 1.79545E-1 2.02311E-1 2.20975E-1 2.2853E-1 2.51742E-1 2.56944E-1 2.64824E-1 2.76266E-1 2.75088E-1 2.84627E-1 2.47178E-1 2.34082E-1 2.53407E-1 2.55008E-1 2.4262E-1 2.13904E-1 2.37573E-1 1.43389E-1 1.31826E-1 1.55274E-1 1.3979E-1 1.52104E-1 1.77988E-1 2.00957E-1 1.69911E-1 1.79671E-1 1.82806E-1 1.72786E-1 1.58572E-1 1.93588E-1 1.32797E-1 1.54833E-1 9.8337E-2 1.10467E-1 7.73414E-2 6.85176E-2 7.86811E-2 7.47698E-2 9.78862E-2 1.0307E-1 9.46146E-2 7.48497E-2 7.59816E-2 5.89759E-2 4.30361E-2 3.19304E-2 3.39085E-2 3.43336E-2 2.84809E-2 3.5832E-2 2.85667E-2 3.8535E-2 3.59564E-2 4.11779E-2 5.45951E-2 4.09369E-2 5.58504E-2 5.45803E-2 5.00624E-2 3.32285E-2 4.05921E-2 3.99584E-2 4.90449E-2 5.06776E-2 4.25204E-2 6.57757E-2
-9999 2.01803E-1 2.18986E-1 2.1955E-1 2.4978E-1 1.94021E-1 2.49644E-1 2.44578E-1 2.73574E-1 2.67715E-1 2.69563E-1 2.70859E-1 2.75476E-1 2.39847E-1 2.61998E-1 2.4724E-1 2.28074E-1 2.28504E-1 2.07112E-1 1.41882E-1 1.3819E-1 1.46468E-1 1.8798E-1 2.1202E-1 2.11663E-1 1.88651E-1 1.52582E-1 1.8133E-1 1.87281E-1 1.66674E-1 1.41338E-1 1.18668E-1 1.23339E-1 1.09391E-1 7.4683E-2 7.05971E-2 6.83638E-2 6.64928E-2 6.76692E-2 7.44997E-2 8.14532E-2 8.39685E-2 7.04277E-2 8.18655E-2 7.49209E-2 4.72943E-2 4.27931E-2 4.38126E-2 1.84136E-2 2.25494E-2 2.02083E-2 3.07593E-2 3.32265E-2 4.11936E-2 5.51085E-2 2.52644E-2 4.91022E-2 4.99471E-2 4.44783E-2 4.61544E-2 3.39445E-2 4.0682E-2 5.16811E-2 4.26823E-2 4.13833E-2 3.21985E-2 3.37012E-2
2.2214E-1 2.07755E-1 2.13237E-1 2.2282E-1 2.06078E-1 2.48554E-1 2.66124E-1 2.44945E-1 2.61576E-1 2.66484E-1 2.54886E-1 2.3437E-1 2.1261E-1 1.71565E-1 1.53088E-1 1.80411E-1 2.18337E-1 2.49887E-1 2.51625E-1 2.02316E-1 1.52574E-1 1.40034E-1 1.70943E-1 1.95246E-1 2.08168E-1 2.046E-1 2.08162E-1 1.90211E-1 1.79009E-1 1.63531E-1 1.26952E-1 7.44033E-2 1.38818E-1 1.34541E-1 1.16535E-1 9.43244E-2 6.60986E-2 7.19979E-2 5.76075E-2 6.66696E-2 6.90534E-2 8.07978E-2 7.85601E-2 7.10324E-2 5.68414E-2 4.95806E-2 4.20592E-2 4.21112E-2 3.22351E-2 2.90219E-2 3.05926E-2 3.59372E-2 2.34461E-2 2.42657E-2 1.89972E-2 2.07055E-2 3.69936E-2 4.35099E-2 3.21038E-2 3.44273E-2 3.27094E-2 3.15796E-2 4.14933E-2 2.88497E-2 4.93086E-2 4.54637E-2 4.99023E-2
2.02122E-1 1.92525E-1 1.94034E-1 2.15167E-1 1.64073E-1 1.75224E-1 2.25919E-1 2.81983E-1 2.7295E-1 2.76542E-1 2.70311E-1 2.5871E-1 2.26261E-1 1.72576E-1 1.55634E-1 1.51787E-1 1.97395E-1 2.41666E-1 2.47091E-1 2.04548E-1 2.06548E-1 2.14788E-1 2.19807E-1 1.53152E-1 1.78834E-1 1.9375E-1 1.7962E-1 1.67011E-1 1.48092E-1 1.55861E-1 1.44009E-1 9.1333E-2 8.52644E-2 9.16203E-2 1.30629E-1 1.09242E-1 6.83259E-2 6.66709E-2 7.4989E-2 4.75592E-2 5.50467E-2 4.70223E-2 6.27398E-2 5.98881E-2 5.35572E-2 4.15535E-2 3.96706E-2 3.85649E-2 3.26228E-2 4.13344E-2 5.02158E-2 8.95402E-2 6.77979E-2 4.76126E-2 3.3754E-2 3.4838E-2 3.10141E-2 3.77719E-2 4.85819E-2 5.10148E-2 3.1786E-2 2.64559E-2 3.79902E-2 3.01457E-2 3.22789E-2 3.69335E-2 3.45287E-2
1.79431E-1 1.90398E-1 1.81829E-1 2.04755E-1 2.13292E-1 2.07273E-1 2.49265E-1 2.6179E-1 2.5611E-1 2.57418E-1 2.51268E-1 2.33715E-1 2.08647E-1 1.78955E-1 2.07011E-1 2.0465E-1 2.30994E-1 2.45087E-1 2.01762E-1 2.06357E-1 2.3247E-1 2.12614E-1 2.13594E-1 1.99389E-1 1.63523E-1 1.70452E-1 1.37197E-1 1.28388E-1 1.24472E-1 1.27039E-1 9.47544E-2 1.04275E-1 1.37716E-1 1.10961E-1 8.7282E-2 9.48481E-2 8.91641E-2 8.71669E-2 7.2302E-2 6.30917E-2 7.76354E-2 4.82776E-2 5.63855E-2 5.50521E-2 5.44041E-2 4.96837E-2 4.53515E-2 4.56427E-2 3.05596E-2 3.50734E-2 4.89738E-2 4.8531E-2 4.09817E-2 3.73027E-2 5.66324E-2 2.84068E-2 2.97707E-2 2.99155E-2 3.45801E-2 3.93086E-2 2.81098E-2 2.72998E-2 2.79146E-2 3.24947E-2 3.26203E-2 2.29773E-2 2.69979E-2
1.81336E-1 1.62919E-1 1.76717E-1 2.21327E-1 2.28863E-1 2.29291E-1 2.43338E-1 2.52134E-1 2.84888E-1 2.81389E-1 2.71484E-1 2.38782E-1 1.82912E-1 1.99332E-1 2.25664E-1 2.0655E-1 2.19673E-1 2.01475E-1 1.51674E-1 1.87811E-1 1.95433E-1 2.12425E-1 2.00472E-1 1.94454E-1 1.75089E-1 1.26878E-1 1.13688E-1 1.13921E-1 1.224E-1 1.35953E-1 1.05646E-1 9.01365E-2 1.08979E-1 1.15743E-1 1.15846E-1 9.4273E-2 1.46282E-1 9.62696E-2 6.66866E-2 5.91732E-2 5.54087E-2 4.43817E-2 5.44695E-2 6.09648E-2 4.67492E-2 5.16665E-2 4.14331E-2 5.18235E-2 3.81184E-2 3.09649E-2 3.24348E-2 3.61954E-2 3.29281E-2 3.62356E-2 3.67695E-2 3.4144E-2 3.74881E-2 3.35285E-2 3.7204E-2 3.50056E-2 2.16806E-2 5.66517E-2 2.37916E-2 2.56914E-2 2.6267E-2 2.04236E-2 2.86423E-2
-9999 1.63209E-1 1.84886E-1 2.43095E-1 2.3179E-1 1.92098E-1 2.15042E-1 2.39573E-1 2.66842E-1 2.71279E-1 2.52994E-1 2.27351E-1 1.79907E-1 1.93035E-1 2.16843E-1 2.39862E-1 2.18558E-1 1.79523E-1 2.13499E-1 2.05463E-1 1.73366E-1 1.78682E-1 1.95625E-1 1.82481E-1 1.81014E-1 1.39077E-1 1.15936E-1 1.17644E-1 1.08516E-1 1.51058E-1 1.3191E-1 1.05717E-1 1.18757E-1 1.38349E-1 1.12993E-1 1.00804E-1 1.27037E-1 1.15129E-1 8.5131E-2 5.75625E-2 4.31673E-2 4.61628E-2 6.15104E-2 5.17009E-2 3.89479E-2 4.05346E-2 3.74599E-2 2.87172E-2 4.11113E-2 2.41666E-2 3.55656E-2 3.44102E-2 3.256E-2 4.18686E-2 5.31499E-2 4.10794E-2 3.52771E-2 3.0761E-2 3.40911E-2 3.43996E-2 3.43022E-2 5.42022E-2 2.42305E-2 3.54688E-2 2.54197E-2 1.62131E-2 2.97619E-2
-9999 1.61453E-1 1.78495E-1 2.26377E-1 2.2998E-1 2.01399E-1 2.31564E-1 2.1658E-1 2.59575E-1 2.45299E-1 2.1744E-1 2.05316E-1 1.94272E-1 2.07002E-1 2.33102E-1 2.29834E-1 2.24871E-1 2.29401E-1 1.97553E-1 2.12861E-1 1.93295E-1 1.91638E-1 1.67849E-1 1.89119E-1 1.87342E-1 1.51282E-1 1.3259E-1 1.37853E-1 1.24761E-1 1.39832E-1 1.37488E-1 1.44023E-1 1.27088E-1 9.36308E-2 9.28832E-2 1.10586E-1 1.00937E-1 9.7515E-2 9.01705E-2 8.32413E-2 5.37351E-2 4.60802E-2 6.55433E-2 5.82171E-2 6.11685E-2 4.64008E-2 4.70884E-2 3.66888E-2 3.42719E-2 3.4248E-2 3.19039E-2 3.40354E-2 3.57773E-2 4.43516E-2 5.26599E-2 3.96473E-2 3.12065E-2 3.90928E-2 4.48967E-2 3.98631E-2 2.86466E-2 3.00852E-2 2.42673E-2 2.65436E-2 2.0944E-2 1.85952E-2 2.73557E-2
-9999 1.86425E-1 1.82139E-1 1.83468E-1 2.33763E-1 2.13475E-1 2.63272E-1 2.16251E-1 2.20975E-1 2.52453E-1 1.91743E-1 2.43628E-1 2.39728E-1 2.28876E-1 2.33749E-1 2.188E-1 2.39104E-1 2.35762E-1 1.83611E-1 2.05506E-1 1.58813E-1 1.77307E-1 1.5366E-1 1.61311E-1 2.12611E-1 1.61235E-1 1.56718E-1 1.45616E-1 1.46541E-1 1.0305E-1 1.08058E-1 1.63057E-1 1.24533E-1 7.44932E-2 7.1006E-2 7.57563E-2 7.87506E-2 9.02744E-2 8.27607E-2 5.42047E-2 5.35123E-2 8.93501E-2 9.41791E-2 7.53482E-2 7.41722E-2 5.67681E-2 5.04458E-2 5.92551E-2 9.74962E-2 4.39872E-2 3.54715E-2 3.37094E-2 4.34844E-2 5.64475E-2 5.30676E-2 5.67309E-2 4.76794E-2 3.86047E-2 3.33305E-2 3.05212E-2 2.28842E-2 3.00327E-2 3.33206E-2 2.96719E-2 3.46686E-2 3.02719E-2 3.34434E-2
-9999 2.27057E-1 2.36998E-1 2.51127E-1 2.83391E-1 2.39831E-1 2.13751E-1 2.45073E-1 2.23829E-1 2.2314E-1 2.09873E-1 2.21785E-1 2.26274E-1 2.11042E-1 2.1957E-1 1.89266E-1 2.24079E-1 2.22753E-1 2.00854E-1 1.82783E-1 1.63188E-1 2.04859E-1 1.74898E-1 1.57072E-1 1.57252E-1 1.50545E-1 1.86368E-1 1.65731E-1 2.01128E-1 1.63873E-1 1.18652E-1 8.87329E-2 1.03626E-1 1.1329E-1 1.075E-1 6.06006E-2 6.52261E-2 6.23235E-2 7.49351E-2 8.94485E-2 7.35568E-2 6.72868E-2 9.14029E-2 8.24746E-2 8.80008E-2 8.55151E-2 6.24052E-2 5.62336E-2 5.53364E-2 4.32582E-2 3.59481E-2 4.58676E-2 4.42485E-2 4.35808E-2 3.48451E-2 3.60199E-2 4.19557E-2 3.84928E-2 4.05101E-2 2.58911E-2 3.08804E-2 2.57921E-2 2.98092E-2 6.92516E-2 7.32717E-2 4.44163E-2 5.46041E-2
-9999 -9999 2.53032E-1 2.62149E-1 2.57527E-1 2.82179E-1 2.44998E-1 2.60033E-1 2.48975E-1 2.48548E-1 2.17298E-1 1.93506E-1 2.17356E-1 2.56776E-1 2.2861E-1 2.27453E-1 2.18442E-1 2.32552E-1 1.79347E-1 1.92967E-1 1.64522E-1 1.98849E-1 1.86476E-1 1.85938E-1 1.45418E-1 1.63179E-1 1.82683E-1 1.74748E-1 1.65006E-1 1.28147E-1 9.48493E-2 9.57237E-2 1.12519E-1 1.21505E-1 1.03214E-1 7.84811E-2 8.83033E-2 8.57032E-2 8.70471E-2 8.16782E-2 6.1662E-2 6.6001E-2 7.52065E-2 8.26154E-2 6.39433E-2 5.01214E-2 4.18615E-2 4.26309E-2 5.90589E-2 5.38152E-2 4.44174E-2 4.48801E-2 4.96596E-2 4.19848E-2 4.03528E-2 3.83105E-2 2.15304E-2 3.40047E-2 4.36426E-2 7.56244E-2 3.68602E-2 2.95644E-2 3.13575E-2 4.17584E-2 8.75537E-2 4.77176E-2 5.0696E-2
-9999 -9999 2.4285E-1 2.23951E-1 2.34604E-1 2.11704E-1 2.22398E-1 2.67121E-1 2.78427E-1 2.61274E-1 2.41063E-1 1.91549E-1 2.10301E-1 2.29252E-1 2.07923E-1 2.21811E-1 2.28572E-1 2.26894E-1 2.1493E-1 1.90527E-1 1.88359E-1 2.21991E-1 2.14762E-1 2.03321E-1 1.87082E-1 1.6014E-1 1.31241E-1 1.60056E-1 1.8127E-1 1.51738E-1 1.12711E-1 1.62656E-1 1.42257E-1 1.21827E-1 9.8173E-2 7.89379E-2 7.85318E-2 9.97839E-2 9.73189E-2 8.09739E-2 6.86663E-2 6.88178E-2 4.56729E-2 6.53391E-2 5.30909E-2 5.2257E-2 5.53259E-2 5.61438E-2 5.81372E-2 7.41756E-2 6.22498E-2 4.30654E-2 5.02886E-2 3.87183E-2 3.87921E-2 3.66541E-2 3.86491E-2 4.00286E-2 4.39785E-2 9.57607E-2 3.72816E-2 3.78534E-2 3.57332E-2 5.15479E-2 1.0136E-1 4.3831E-2 4.58859E-2
-9999 -9999 -9999 2.21426E-1 1.72643E-1 1.64757E-1 2.15917E-1 2.51432E-1 2.72448E-1 2.69069E-1 2.50707E-1 2.37624E-1 2.36934E-1 2.16801E-1 2.56736E-1 2.60314E-1 2.45954E-1 2.21663E-1 2.08009E-1 1.68045E-1 1.86263E-1 2.18874E-1 2.27955E-1 2.10494E-1 2.08036E-1 1.66281E-1 1.266E-1 1.35185E-1 1.6145E-1 1.46928E-1 1.46472E-1 1.40807E-1 1.39682E-1 1.14762E-1 9.02476E-2 7.81228E-2 1.00027E-1 1.12669E-1 9.87685E-2 7.50207E-2 7.89894E-2 7.82465E-2 6.4067E-2 5.67649E-2 6.69372E-2 4.70519E-2 7.72686E-2 7.42831E-2 7.30552E-2 5.95696E-2 7.07677E-2 4.78443E-2 4.39753E-2 3.26557E-2 4.05427E-2 4.2893E-2 4.09403E-2 3.35496E-2 3.03994E-2 3.7232E-2 4.61042E-2 4.88484E-2 4.49741E-2 4.31682E-2 1.14282E-1 4.37364E-2 4.61837E-2
-9999 -9999 -9999 1.72526E-1 1.8291E-1 2.1449E-1 2.20645E-1 2.82914E-1 2.58031E-1 2.60375E-1 2.53428E-1 2.16809E-1 2.3541E-1 2.10265E-1 2.34162E-1 2.4091E-1 2.4941E-1 2.38578E-1 2.33162E-1 1.65689E-1 1.57393E-1 1.48941E-1 1.80052E-1 1.82824E-1 2.06046E-1 1.44931E-1 1.36667E-1 1.40909E-1 1.60687E-1 1.43288E-1 1.3777E-1 1.46477E-1 1.27538E-1 9.19309E-2 1.00037E-1 1.06228E-1 1.20207E-1 1.18835E-1 1.01839E-1 7.97945E-2 6.9656E-2 5.81629E-2 5.13209E-2 6.66467E-2 5.48325E-2 5.82581E-2 7.83062E-2 7.77505E-2 7.27338E-2 6.01982E-2 5.93538E-2 5.30645E-2 4.18697E-2 4.96951E-2 5.78355E-2 4.70617E-2 4.80744E-2 4.55709E-2 3.58082E-2 8.84096E-2 3.96762E-2 6.78418E-2 5.12695E-2 5.83269E-2 5.74126E-2 4.95952E-2 6.14582E-2
-9999 -9999 -9999 2.18542E-1 2.20139E-1 2.39864E-1 2.4305E-1 2.33541E-1 2.38077E-1 2.38908E-1 2.19854E-1 2.37922E-1 2.43052E-1 1.83691E-1 1.99199E-1 2.31396E-1 2.34831E-1 2.56263E-1 2.2147E-1 1.63152E-1 1.38942E-1 1.26578E-1 1.26888E-1 1.64645E-1 2.0578E-1 1.61896E-1 1.83676E-1 1.61674E-1 1.84938E-1 2.02824E-1 1.75183E-1 1.58346E-1 1.40978E-1 1.1246E-1 1.64434E-1 1.39178E-1 1.11815E-1 1.34184E-1 1.01564E-1 1.02427E-1 8.35311E-2 7.32005E-2 8.02958E-2 7.19801E-2 6.38397E-2 7.51074E-2 7.10303E-2 7.88577E-2 5.34995E-2 5.97151E-2 5.16842E-2 4.15071E-2 4.62051E-2 8.62594E-2 8.01368E-2 6.98602E-2 5.43716E-2 5.36215E-2 5.87254E-2 9.22726E-2 4.77763E-2 3.54862E-2 1.03898E-1 6.22376E-2 1.05468E-1 1.09964E-1 9.7085E-2
-9999 -9999 2.72062E-1 2.24678E-1 2.29862E-1 2.07196E-1 2.38609E-1 2.38054E-1 2.19632E-1 2.05005E-1 2.19062E-1 2.44222E-1 2.33075E-1 2.04606E-1 1.96505E-1 1.5516E-1 1.85944E-1 2.28179E-1 2.46291E-1 2.40033E-1 1.72221E-1 1.82921E-1 1.4832E-1 1.69046E-1 1.90147E-1 1.81455E-1 1.90312E-1 1.52889E-1 1.85055E-1 1.39336E-1 1.55952E-1 1.47642E-1 1.43029E-1 1.19768E-1 1.12132E-1 1.16432E-1 1.14234E-1 1.1815E-1 1.12347E-1 1.07433E-1 1.03982E-1 1.0857E-1 8.0739E-2 8.00207E-2 9.56738E-2 8.93767E-2 7.34561E-2 5.7627E-2 4.84949E-2 4.469E-2 3.83441E-2 8.04507E-2 5.80512E-2 1.23402E-1 6.35972E-2 7.03097E-2 5.93941E-2 6.81242E-2 6.60508E-2 5.40925E-2 4.24122E-2 3.69155E-2 9.45755E-2 1.16469E-1 1.14611E-1 1.20292E-1 1.27762E-1
-9999 -9999 -9999 1.79725E-1 1.96987E-1 2.42445E-1 2.29345E-1 2.17587E-1 2.18027E-1 1.84101E-1 1.87898E-1 2.3252E-1 2.01963E-1 1.93227E-1 1.8028E-1 2.35295E-1 2.42243E-1 2.677E-1 2.78135E-1 2.81793E-1 2.61062E-1 2.20166E-1 2.22204E-1 1.60102E-1 2.13962E-1 1.98707E-1 1.57543E-1 1.63295E-1 1.16197E-1 1.19702E-1 1.59838E-1 1.38126E-1 1.21416E-1 1.31247E-1 1.18178E-1 1.15358E-1 1.07497E-1 1.14897E-1 1.13915E-1 1.01397E-1 9.50311E-2 8.8128E-2 9.65147E-2 8.00936E-2 8.41566E-2 9.29666E-2 7.93714E-2 5.70111E-2 4.56502E-2 5.97795E-2 4.91915E-2 4.9214E-2 5.22166E-2 4.653E-2 4.51233E-2 6.0251E-2 6.86281E-2 5.49972E-2 5.49841E-2 5.36515E-2 4.32931E-2 3.62997E-2 5.00381E-2 4.6197E-2 4.51573E-2 8.86115E-2 9.16443E-2
-9999 -9999 -9999 1.89583E-1 1.70116E-1 2.25291E-1 1.93859E-1 2.09343E-1 2.14724E-1 2.12567E-1 1.93351E-1 2.30597E-1 2.2057E-1 2.47083E-1 2.27263E-1 2.51481E-1 2.68926E-1 2.6781E-1 2.69144E-1 2.8277E-1 2.70243E-1 2.33086E-1 2.39929E-1 2.39399E-1 2.20239E-1 2.49416E-1 1.98449E-1 1.93651E-1 1.74145E-1 1.58768E-1 1.60651E-1 1.54885E-1 1.24251E-1 1.16251E-1 1.62508E-1 1.49559E-1 1.24138E-1 9.4184E-2 1.05148E-1 1.10339E-1 8.70654E-2 8.64801E-2 1.12089E-1 9.2243E-2 9.47653E-2 7.58372E-2 9.00453E-2 5.37339E-2 5.65956E-2 5.49321E-2 4.3869E-2 4.69286E-2 3.83687E-2 5.35099E-2 5.48799E-2 5.56923E-2 5.78037E-2 5.86021E-2 4.40329E-2 5.30038E-2 5.12505E-2 4.56797E-2 4.65361E-2 4.61864E-2 4.22349E-2 1.20645E-1 5.40964E-2
-9999 -9999 -9999 2.01618E-1 1.52096E-1 2.60761E-1 2.05224E-1 2.18443E-1 2.25986E-1 2.27052E-1 2.35581E-1 2.11582E-1 2.63665E-1 2.83144E-1 2.88495E-1 2.76114E-1 2.82719E-1 2.8774E-1 2.68002E-1 2.60988E-1 2.50125E-1 2.59216E-1 2.56889E-1 2.39218E-1 2.25093E-1 2.49957E-1 2.26991E-1 1.91734E-1 2.32669E-1 2.27616E-1 1.92351E-1 1.9188E-1 1.79622E-1 1.65783E-1 1.51165E-1 1.50734E-1 1.31519E-1 9.24604E-2 9.52848E-2 9.20353E-2 8.95851E-2 8.91228E-2 1.08748E-1 1.21611E-1 1.09415E-1 1.08758E-1 8.88521E-2 7.10895E-2 6.45004E-2 5.64611E-2 5.78794E-2 5.47708E-2 4.87678E-2 4.36596E-2 4.26947E-2 5.56122E-2 6.01025E-2 5.33421E-2 5.59984E-2 5.93477E-2 5.38295E-2 4.60391E-2 5.46231E-2 1.0987E-1 6.07289E-2 1.16554E-1 1.2694E-1
-9999 -9999 -9999 1.93244E-1 1.82662E-1 2.42076E-1 2.06444E-1 2.26062E-1 2.51618E-1 2.53804E-1 2.32548E-1 2.40671E-1 2.55706E-1 2.78497E-1 2.58249E-1 2.70389E-1 2.80007E-1 2.82081E-1 2.78518E-1 2.61944E-1 2.54783E-1 2.63771E-1 2.66858E-1 2.47075E-1 2.50983E-1 2.51848E-1 2.30724E-1 2.19613E-1 2.10474E-1 2.13877E-1 1.7347E-1 1.5577E-1 1.79603E-1 1.9159E-1 1.47198E-1 1.44219E-1 1.24068E-1 8.98551E-2 1.29932E-1 9.85665E-2 9.20666E-2 9.61613E-2 1.12223E-1 1.10185E-1 1.05968E-1 1.01244E-1 8.10549E-2 8.27187E-2 8.05053E-2 5.62613E-2 5.91244E-2 6.16031E-2 6.19165E-2 3.8095E-2 3.82536E-2 5.58077E-2 5.79736E-2 6.71247E-2 6.16345E-2 5.27108E-2 6.23642E-2 6.06118E-2 4.7579E-2 6.36192E-2 1.44545E-1 1.3761E-1 1.29529E-1
-9999 -9999 1.86023E-1 1.82612E-1 2.24222E-1 2.59454E-1 2.17791E-1 2.18607E-1 2.57732E-1 2.43275E-1 2.423E-1 2.26501E-1 2.47031E-1 2.75011E-1 2.81746E-1 2.74823E-1 2.7429E-1 2.8071E-1 2.74521E-1 2.58143E-1 2.56988E-1 2.37287E-1 2.29043E-1 2.41042E-1 2.45156E-1 2.1705E-1 2.12268E-1 2.43886E-1 1.9486E-1 1.91777E-1 1.87268E-1 1.57693E-1 1.60717E-1 1.71894E-1 1.69745E-1 1.72801E-1 1.15728E-1 1.04496E-1 1.1817E-1 9.58506E-2 9.58524E-2 9.6503E-2 1.10026E-1 1.1872E-1 1.1317E-1 1.14789E-1 8.21452E-2 9.06684E-2 9.17801E-2 7.04424E-2 7.23388E-2 5.90254E-2 7.68374E-2 6.25837E-2 5.00371E-2 6.41425E-2 6.72669E-2 7.47671E-2 7.22577E-2 4.57204E-2 5.72004E-2 4.80018E-2 5.95654E-2 6.20475E-2 1.25486E-1 1.02973E-1 9.88077E-2
-9999 -9999 2.17104E-1 2.47397E-1 2.21981E-1 2.26524E-1 2.30091E-1 2.10345E-1 2.42263E-1 2.63474E-1 2.67552E-1 2.59047E-1 2.25663E-1 2.3335E-1 2.60404E-1 2.75159E-1 2.7057E-1 2.77874E-1 2.60706E-1 2.66069E-1 2.22255E-1 2.0039E-1 2.15142E-1 2.40638E-1 2.33937E-1 2.29266E-1 2.06155E-1 2.17715E-1 2.05342E-1 1.92282E-1 1.92512E-1 1.78999E-1 1.68555E-1 1.45878E-1 1.63561E-1 1.52869E-1 1.339E-1 1.1315E-1 1.13845E-1 9.82677E-2 1.15615E-1 1.08646E-1 1.12263E-1 9.29848E-2 9.18956E-2 9.74848E-2 8.30963E-2 1.06648E-1 9.76789E-2 6.75187E-2 7.10706E-2 6.81818E-2 7.30488E-2 8.1608E-2 8.4268E-2 5.81676E-2 5.18628E-2 6.4135E-2 6.053E-2 5.40786E-2 5.11637E-2 5.65798E-2 1.25746E-1 1.00547E-1 1.20133E-1 1.2718E-1 2.57508E-2
-9999 -9999 2.01112E-1 2.1809E-1 2.67229E-1 2.37587E-1 1.80831E-1 1.90703E-1 2.35701E-1 2.55462E-1 2.52247E-1 2.67854E-1 2.68084E-1 2.65035E-1 2.76099E-1 2.67947E-1 2.66201E-1 2.5228E-1 2.42749E-1 2.22972E-1 2.48951E-1 2.26919E-1 2.13122E-1 2.08375E-1 2.3732E-1 2.11002E-1 2.16096E-1 2.17557E-1 1.65479E-1 1.59639E-1 1.94509E-1 1.81309E-1 1.77575E-1 1.70708E-1 1.52505E-1 1.69871E-1 1.1011E-1 1.62532E-1 1.69462E-1 1.59286E-1 1.07089E-1 9.68056E-2 1.07628E-1 1.01033E-1 1.06764E-1 1.02622E-1 8.66536E-2 8.44929E-2 7.03495E-2 7.8058E-2 5.69666E-2 6.50932E-2 5.12235E-2 1.17283E-1 8.47178E-2 1.12972E-1 6.34402E-2 6.62178E-2 6.92683E-2 4.9435E-2 4.49987E-2 4.23166E-2 1.11545E-1 5.15978E-2 7.75092E-2 1.51401E-1 3.05457E-2
-9999 -9999 1.57031E-1 2.32257E-1 2.67362E-1 2.3188E-1 2.31634E-1 1.94459E-1 2.36317E-1 2.48155E-1 2.44883E-1 2.49398E-1 2.57531E-1 2.61995E-1 2.60714E-1 2.79494E-1 2.70515E-1 2.39037E-1 2.44028E-1 2.44173E-1 2.50292E-1 2.53934E-1 2.54234E-1 2.27971E-1 2.19197E-1 2.14922E-1 2.42286E-1 2.17675E-1 1.74701E-1 1.63308E-1 1.68648E-1 1.37392E-1 1.66245E-1 1.85493E-1 1.50392E-1 1.39514E-1 1.22172E-1 1.41273E-1 1.48022E-1 1.26634E-1 1.4075E-1 1.76154E-1 1.27406E-1 1.08633E-1 1.02739E-1 1.01882E-1 1.05578E-1 8.66372E-2 7.18843E-2 6.77603E-2 7.07748E-2 6.31041E-2 6.89744E-2 5.95521E-2 5.44611E-2 6.13515E-2 8.09258E-2 6.6402E-2 6.34405E-2 6.70292E-2 4.54041E-2 5.37033E-2 1.2709E-1 5.61312E-2 7.00874E-2 1.24738E-1 1.1836E-1
-9999 -9999 1.68159E-1 1.67868E-1 2.5223E-1 2.23258E-1 2.49292E-1 2.56327E-1 2.63612E-1 2.34341E-1 2.39813E-1 2.30697E-1 2.49142E-1 2.59711E-1 2.73253E-1 2.71937E-1 2.67521E-1 2.46871E-1 2.44207E-1 2.48147E-1 2.48296E-1 2.38029E-1 2.38736E-1 2.09358E-1 2.21495E-1 1.96967E-1 2.29344E-1 2.38405E-1 1.98766E-1 2.01244E-1 1.55958E-1 1.69977E-1 1.72612E-1 1.75838E-1 1.39212E-1 1.30165E-1 1.19994E-1 1.45204E-1 1.66046E-1 1.44803E-1 1.44563E-1 1.63973E-1 1.39128E-1 1.34945E-1 1.32364E-1 1.21352E-1 1.15988E-1 1.10853E-1 9.3245E-2 6.97671E-2 9.52197E-2 8.84408E-2 7.46179E-2 6.96385E-2 8.33439E-2 6.45907E-2 5.60518E-2 6.73242E-2 6.72932E-2 5.338E-2 5.63916E-2 4.31212E-2 5.25786E-2 1.13917E-1 7.72489E-2 1.4259E-1 1.06546E-1
