ENM/Final_Models/M_1_F_qp_Set_1_EC/Gustavia_santanderiensis_4_Choco_clamping.asc
ncols         367
nrows         963
xllcorner     -78.6
yllcorner     0.65
cellsize      0.00833333333333323
NODATA_value  -9999
[rows 744 to 774 of 963, columns 0 to 69 of 367]
-9999 -9999 -9999 -9999 -9999 -9999 -9999 -9999 -9999 -9999 -9999 -9999 -9999 -9999 -9999 -9999 -9999 -9999 -9999 -9999 -9999 -9999 -9999 -9999 -9999 -9999 -9999 -9999 -9999 -9999 -9999 -9999 -9999 -9999 -9999 -9999 -9999 -9999 -9999 -9999 -9999 -9999 -9999 -9999 -9999 -9999 -9999 -9999 -9999 -9999 -9999 -9999 -9999 -9999 -9999 -9999 -9999 6.34042E-1 8.47726E-1 9.1129E-1 9.5029E-1 9.19495E-1 8.66362E-1 8.37323E-1 8.54975E-1 8.25781E-1 8.60434E-1 9.1489E-1 9.53512E-1 9.573E-1
-9999 -9999 -9999 -9999 -9999 -9999 -9999 -9999 -9999 -9999 -9999 -9999 -9999 -9999 -9999 -9999 -9999 -9999 -9999 -9999 -9999 -9999 -9999 -9999 -9999 -9999 -9999 -9999 -9999 -9999 -9999 -9999 -9999 -9999 -9999 -9999 -9999 -9999 -9999 -9999 -9999 -9999 -9999 -9999 -9999 -9999 -9999 -9999 -9999 -9999 -9999 -9999 -9999 -9999 -9999 -9999 4.57604E-1 6.1177E-1 7.51565E-1 -9999 8.18101E-1 8.83275E-1 9.09325E-1 8.43701E-1 8.54967E-1 -9999 9.03416E-1 9.75274E-1 9.76675E-1 9.39829E-1
-9999 -9999 -9999 -9999 -9999 -9999 -9999 -9999 -9999 -9999 -9999 -9999 -9999 -9999 -9999 -9999 -9999 -9999 -9999 -9999 -9999 -9999 -9999 -9999 -9999 -9999 -9999 -9999 -9999 -9999 -9999 -9999 -9999 -9999 -9999 -9999 -9999 -9999 -9999 -9999 -9999 -9999 -9999 -9999 -9999 -9999 -9999 -9999 -9999 -9999 -9999 -9999 -9999 -9999 -9999 7.22068E-1 8.54039E-1 8.40643E-1 7.70737E-1 8.653E-1 9.25853E-1 8.91052E-1 9.049E-1 8.98087E-1 8.90361E-1 8.61943E-1 9.13276E-1 9.62521E-1 9.29342E-1 9.2933E-1
-9999 -9999 -9999 -9999 -9999 -9999 -9999 -9999 -9999 -9999 -9999 -9999 -9999 -9999 -9999 -9999 -9999 -9999 -9999 -9999 -9999 -9999 -9999 -9999 -9999 -9999 -9999 -9999 -9999 -9999 -9999 -9999 -9999 -9999 -9999 -9999 -9999 -9999 -9999 -9999 -9999 -9999 -9999 -9999 -9999 -9999 -9999 -9999 -9999 -9999 -9999 -9999 -9999 -9999 8.24649E-1 8.60898E-1 7.46875E-1 7.54769E-1 8.31722E-1 8.89399E-1 -9999 8.90738E-1 9.13486E-1 9.10466E-1 8.96624E-1 9.11896E-1 9.17293E-1 9.68187E-1 8.8643E-1 8.03926E-1
-9999 -9999 -9999 -9999 -9999 -9999 -9999 -9999 -9999 -9999 -9999 -9999 -9999 -9999 -9999 -9999 -9999 -9999 -9999 -9999 -9999 -9999 -9999 -9999 -9999 -9999 -9999 -9999 -9999 -9999 -9999 -9999 -9999 -9999 -9999 -9999 -9999 -9999 -9999 -9999 -9999 -9999 -9999 -9999 -9999 -9999 -9999 -9999 -9999 -9999 -9999 -9999 -9999 7.89904E-1 7.02879E-1 7.86956E-1 8.26275E-1 8.27332E-1 8.45077E-1 8.80747E-1 9.30303E-1 9.11018E-1 9.11772E-1 8.86368E-1 8.93059E-1 9.0919E-1 9.04779E-1 9.57142E-1 8.89276E-1 8.20417E-1
-9999 -9999 -9999 -9999 -9999 -9999 -9999 -9999 -9999 -9999 -9999 -9999 -9999 -9999 -9999 -9999 -9999 -9999 -9999 3.66303E-1 2.28545E-1 2.07279E-1 -9999 -9999 -9999 -9999 -9999 -9999 -9999 -9999 5.98151E-1 -9999 -9999 -9999 -9999 -9999 -9999 -9999 -9999 -9999 -9999 -9999 -9999 -9999 -9999 -9999 -9999 -9999 -9999 -9999 -9999 -9999 -9999 8.55337E-1 7.88145E-1 8.45625E-1 7.47416E-1 7.74125E-1 -9999 9.10732E-1 8.84299E-1 8.92865E-1 8.68875E-1 9.03245E-1 8.9853E-1 9.05074E-1 8.90701E-1 9.13485E-1 9.36132E-1 9.51566E-1
-9999 -9999 -9999 -9999 -9999 -9999 -9999 -9999 -9999 -9999 -9999 -9999 -9999 -9999 -9999 -9999 -9999 3.26167E-1 4.4139E-1 4.31147E-1 2.29999E-1 2.0315E-1 1.72409E-1 2.08898E-1 -9999 -9999 -9999 -9999 2.18445E-1 2.7357E-1 4.77053E-1 6.58585E-1 -9999 -9999 -9999 -9999 -9999 -9999 -9999 -9999 -9999 -9999 -9999 -9999 -9999 -9999 -9999 -9999 -9999 -9999 -9999 -9999 7.16633E-1 7.99593E-1 8.90114E-1 8.96418E-1 9.21218E-1 9.28099E-1 8.66355E-1 9.25219E-1 9.10182E-1 9.10753E-1 9.06251E-1 9.55159E-1 9.49267E-1 9.52561E-1 9.62332E-1 9.47423E-1 9.48261E-1 9.18904E-1
-9999 -9999 -9999 -9999 -9999 -9999 -9999 -9999 -9999 -9999 -9999 -9999 -9999 -9999 -9999 1.48214E-1 -9999 1.65856E-1 1.8638E-1 2.13201E-1 2.30557E-1 3.36919E-1 3.40793E-1 2.31222E-1 2.75647E-1 3.07374E-1 2.47213E-1 3.48183E-1 2.65711E-1 3.00316E-1 4.44303E-1 6.26084E-1 6.39818E-1 -9999 -9999 -9999 -9999 -9999 -9999 -9999 -9999 -9999 -9999 -9999 -9999 -9999 -9999 -9999 -9999 -9999 8.33811E-1 8.48988E-1 8.49838E-1 8.95292E-1 9.17424E-1 9.04622E-1 8.5504E-1 9.02663E-1 -9999 8.75395E-1 9.25298E-1 9.24801E-1 9.04376E-1 9.60998E-1 9.60657E-1 9.80468E-1 9.47424E-1 9.18546E-1 9.66269E-1 9.26236E-1
-9999 -9999 -9999 -9999 -9999 -9999 -9999 -9999 -9999 -9999 -9999 -9999 -9999 -9999 1.34559E-1 9.36885E-2 1.07223E-1 1.74469E-1 1.85656E-1 1.8769E-1 2.0722E-1 2.37026E-1 2.98306E-1 3.91137E-1 3.66569E-1 2.90531E-1 3.86752E-1 2.58704E-1 2.67719E-1 2.78627E-1 3.98965E-1 5.01964E-1 5.43521E-1 -9999 -9999 -9999 -9999 -9999 9.00829E-1 -9999 -9999 -9999 -9999 -9999 -9999 -9999 -9999 -9999 -9999 8.29768E-1 8.63984E-1 8.98658E-1 9.37147E-1 9.04282E-1 9.09796E-1 9.05666E-1 9.09742E-1 8.92549E-1 9.05723E-1 9.03026E-1 9.14412E-1 9.02159E-1 9.38488E-1 9.56683E-1 9.86891E-1 9.78611E-1 9.53541E-1 9.10006E-1 9.5588E-1 9.08199E-1
-9999 -9999 -9999 -9999 -9999 -9999 -9999 -9999 -9999 -9999 -9999 -9999 -9999 1.20358E-1 6.52612E-2 8.01239E-2 1.60304E-1 1.2076E-1 1.76017E-1 1.37048E-1 0E0 1.94368E-1 3.79414E-1 4.47632E-1 4.16787E-1 4.14242E-1 3.40463E-1 3.00052E-1 3.01701E-1 2.91803E-1 2.89726E-1 -9999 -9999 -9999 -9999 8.19588E-1 8.22133E-1 8.9066E-1 8.93019E-1 8.8345E-1 8.45883E-1 7.35595E-1 8.56074E-1 -9999 -9999 -9999 -9999 -9999 8.86792E-1 8.9491E-1 8.99631E-1 8.87464E-1 8.90572E-1 9.23236E-1 8.82962E-1 8.37939E-1 8.79825E-1 -9999 8.502E-1 8.75528E-1 9.07166E-1 9.46116E-1 9.57179E-1 9.5458E-1 9.7548E-1 9.69329E-1 9.26001E-1 9.48075E-1 9.57106E-1 9.69597E-1
-9999 -9999 -9999 -9999 -9999 -9999 -9999 -9999 -9999 -9999 -9999 -9999 -9999 1.17406E-1 6.64546E-2 7.74052E-2 1.47934E-1 1.60613E-1 1.74393E-1 1.97641E-1 0E0 1.98082E-1 2.75569E-1 3.89309E-1 3.08611E-1 4.20268E-1 4.36687E-1 4.89291E-1 3.93979E-1 2.90136E-1 3.68644E-1 6.05104E-1 -9999 -9999 8.03074E-1 8.60453E-1 8.42898E-1 8.11679E-1 7.77106E-1 8.03023E-1 7.24273E-1 8.06401E-1 7.82223E-1 8.10384E-1 8.64288E-1 8.73963E-1 8.16313E-1 7.93828E-1 8.55085E-1 8.59195E-1 8.90546E-1 9.08074E-1 9.06969E-1 8.67504E-1 8.86808E-1 8.91603E-1 9.09104E-1 9.1347E-1 8.74634E-1 8.66503E-1 8.85841E-1 8.58027E-1 9.43573E-1 9.75526E-1 9.72348E-1 9.86134E-1 9.54447E-1 9.66004E-1 9.37284E-1 9.59471E-1
-9999 -9999 -9999 -9999 -9999 -9999 -9999 -9999 -9999 -9999 -9999 -9999 2.61952E-2 3.96799E-2 6.49623E-2 7.9561E-2 0E0 0E0 0E0 1.44588E-1 1.61146E-1 2.36285E-1 1.86795E-1 2.34859E-1 2.34221E-1 4.00912E-1 3.2751E-1 4.49178E-1 4.48633E-1 5.07185E-1 4.60301E-1 6.08697E-1 6.21222E-1 -9999 8.35264E-1 7.94989E-1 8.39489E-1 7.6114E-1 6.30521E-1 5.47577E-1 6.05769E-1 7.80616E-1 7.84639E-1 8.54549E-1 8.20788E-1 8.6075E-1 8.09044E-1 7.50482E-1 8.73464E-1 8.47316E-1 8.98311E-1 8.76283E-1 9.0509E-1 9.08056E-1 8.73239E-1 9.51537E-1 9.38022E-1 9.49031E-1 8.99017E-1 8.64016E-1 8.87754E-1 9.00366E-1 9.58175E-1 9.82088E-1 9.7698E-1 9.70498E-1 9.12506E-1 8.8292E-1 9.4451E-1 9.38994E-1
-9999 -9999 -9999 -9999 -9999 -9999 -9999 -9999 -9999 -9999 -9999 1.51047E-1 1.74833E-1 3.39522E-1 2.16934E-1 3.81136E-2 1.33371E-1 1.75396E-1 1.1753E-1 9.36777E-2 1.61583E-1 1.75637E-1 2.34661E-1 2.45852E-1 3.60519E-1 3.43142E-1 3.24628E-1 2.91582E-1 7.25773E-2 2.65704E-1 6.26344E-1 6.46579E-1 7.30464E-1 7.36183E-1 7.99395E-1 7.57005E-1 7.28712E-1 5.65208E-1 4.87507E-1 6.56373E-1 4.88274E-1 6.00528E-1 8.1748E-1 8.60352E-1 8.39893E-1 8.72084E-1 9.12856E-1 8.74566E-1 8.21772E-1 8.50224E-1 8.6731E-1 8.70782E-1 9.3702E-1 9.33028E-1 9.52805E-1 9.52476E-1 9.68027E-1 9.07641E-1 8.93894E-1 8.53189E-1 8.86973E-1 8.91456E-1 9.18038E-1 9.29456E-1 8.81897E-1 9.58307E-1 9.0215E-1 8.72206E-1 8.24557E-1 9.32521E-1
-9999 -9999 -9999 -9999 -9999 -9999 -9999 -9999 -9999 -9999 -9999 1.47797E-1 1.7517E-1 9.36741E-2 2.15651E-1 1.20654E-1 1.48267E-1 2.66008E-1 1.79349E-1 1.8117E-1 2.16209E-1 1.71465E-1 2.37211E-1 2.55515E-1 3.13283E-1 4.04687E-1 3.91456E-1 4.12835E-1 7.23959E-2 2.47899E-1 6.1037E-1 7.56527E-1 7.88032E-1 7.71901E-1 7.30995E-1 8.33127E-1 7.53503E-1 7.46452E-1 7.31849E-1 8.02849E-1 7.97865E-1 8.16746E-1 8.74232E-1 7.93599E-1 7.23125E-1 7.73273E-1 9.19456E-1 8.65885E-1 8.74192E-1 9.16602E-1 9.51661E-1 9.15134E-1 9.21301E-1 9.36441E-1 9.35077E-1 9.19654E-1 9.70964E-1 9.655E-1 9.05185E-1 9.13592E-1 8.71537E-1 8.98583E-1 8.53523E-1 8.85452E-1 9.30601E-1 9.2919E-1 8.55156E-1 8.78327E-1 9.37501E-1 9.26873E-1
-9999 -9999 -9999 -9999 -9999 -9999 -9999 -9999 -9999 -9999 1.19445E-1 2.57072E-1 1.60469E-1 3.25673E-1 2.03095E-1 3.65727E-1 2.30288E-1 1.57643E-1 1.86666E-1 1.74373E-1 2.85401E-1 3.07274E-1 3.56092E-1 3.09402E-1 2.98791E-1 4.20514E-1 4.0424E-1 4.57364E-1 2.62382E-1 6.30375E-1 6.66642E-1 7.14619E-1 8.242E-1 8.20551E-1 8.01503E-1 7.82516E-1 6.84712E-1 8.28409E-1 8.37593E-1 8.57739E-1 8.88996E-1 8.74273E-1 8.31717E-1 8.70631E-1 8.52123E-1 8.50365E-1 8.982E-1 9.18108E-1 8.23254E-1 8.79638E-1 9.11204E-1 9.40653E-1 9.02801E-1 9.28896E-1 9.41478E-1 9.45728E-1 9.44172E-1 9.44394E-1 9.15314E-1 9.11481E-1 8.82287E-1 9.32791E-1 9.35874E-1 9.27321E-1 9.09052E-1 9.35102E-1 8.33586E-1 9.08204E-1 9.0427E-1 9.51152E-1
-9999 -9999 -9999 -9999 -9999 -9999 -9999 -9999 -9999 -9999 1.19551E-1 1.15737E-1 1.55636E-1 1.74994E-1 3.37327E-1 3.73877E-1 2.28451E-1 3.89116E-1 1.75384E-1 3.51868E-1 2.36805E-1 2.03473E-1 2.59583E-1 2.12377E-1 2.90194E-1 3.69918E-1 3.90688E-1 4.36852E-1 3.96161E-1 4.97197E-1 7.22449E-1 6.9751E-1 6.21551E-1 6.02004E-1 7.69911E-1 8.17558E-1 8.46892E-1 8.39009E-1 8.39135E-1 8.44971E-1 8.85135E-1 8.08106E-1 8.09747E-1 8.09819E-1 9.2474E-1 9.09021E-1 8.48001E-1 9.27004E-1 9.00698E-1 8.72488E-1 9.24177E-1 9.18579E-1 9.354E-1 9.28444E-1 8.9725E-1 9.06063E-1 9.53376E-1 9.14449E-1 9.18312E-1 9.31529E-1 9.46116E-1 9.49733E-1 9.34989E-1 9.45908E-1 9.19158E-1 9.62938E-1 9.01346E-1 9.58491E-1 8.94394E-1 9.28595E-1
-9999 -9999 -9999 -9999 -9999 -9999 -9999 -9999 -9999 2.24511E-1 1.19759E-1 1.29756E-1 1.46245E-1 1.73655E-1 3.12062E-1 5.14295E-1 2.2727E-1 3.53912E-1 3.51229E-1 3.63008E-1 2.69948E-1 2.88641E-1 1.82682E-1 2.19228E-1 2.84722E-1 4.04286E-1 4.24321E-1 4.43917E-1 2.67884E-1 5.11954E-1 7.69728E-1 8.12684E-1 7.95753E-1 8.29751E-1 8.13141E-1 7.62821E-1 8.14583E-1 8.47435E-1 9.16126E-1 8.41526E-1 8.55927E-1 8.50273E-1 8.47719E-1 8.69964E-1 8.61389E-1 9.07849E-1 8.96457E-1 8.7619E-1 8.64196E-1 8.85406E-1 8.9952E-1 9.31158E-1 9.18964E-1 9.12427E-1 8.92145E-1 9.34641E-1 9.40299E-1 9.26954E-1 9.29177E-1 9.74473E-1 9.38279E-1 9.25403E-1 9.52346E-1 9.46527E-1 9.35374E-1 9.61739E-1 9.50617E-1 9.43124E-1 9.29767E-1 9.05116E-1
-9999 -9999 -9999 -9999 -9999 -9999 -9999 -9999 4.08835E-1 2.18854E-1 9.10775E-2 3.78142E-2 1.34456E-1 2.63031E-1 2.83884E-1 4.37204E-1 3.21867E-1 3.53544E-1 5.13572E-1 3.65303E-1 3.75215E-1 3.60741E-1 2.25039E-1 2.46704E-1 1.99893E-1 1.98823E-1 3.67973E-1 3.922E-1 2.69015E-1 5.03865E-1 7.70458E-1 7.27403E-1 7.75094E-1 8.00198E-1 8.13288E-1 7.98236E-1 7.82354E-1 8.62584E-1 9.17174E-1 8.95917E-1 8.39357E-1 8.75391E-1 8.78479E-1 8.46566E-1 8.91795E-1 8.35608E-1 8.49739E-1 8.35874E-1 8.61997E-1 9.27732E-1 8.88522E-1 8.84104E-1 9.03548E-1 9.02828E-1 9.50975E-1 9.38625E-1 9.18366E-1 8.98145E-1 9.62437E-1 9.54989E-1 9.31767E-1 9.31172E-1 9.3564E-1 9.29567E-1 9.61093E-1 9.52116E-1 9.52036E-1 9.52363E-1 9.1902E-1 9.02896E-1
-9999 -9999 -9999 -9999 -9999 -9999 -9999 -9999 3.45396E-1 3.97045E-1 8.47646E-2 3.84738E-2 2.42419E-1 2.73866E-1 2.51944E-1 2.66892E-1 5.42026E-1 5.2244E-1 4.98283E-1 3.10943E-1 3.39488E-1 4.29404E-1 2.17042E-1 2.16514E-1 3.01293E-1 2.8215E-1 3.63643E-1 3.75475E-1 3.81721E-1 5.27502E-1 7.36202E-1 6.45435E-1 8.1371E-1 7.92151E-1 7.89409E-1 8.04875E-1 8.47391E-1 8.83129E-1 7.47373E-1 7.24763E-1 7.66548E-1 8.55125E-1 8.29244E-1 8.67755E-1 9.0616E-1 9.17261E-1 9.12099E-1 8.37227E-1 8.51592E-1 8.71658E-1 9.12347E-1 9.09478E-1 9.11954E-1 9.11751E-1 9.07498E-1 9.21698E-1 9.49373E-1 9.33976E-1 9.57136E-1 9.82849E-1 9.55035E-1 9.54175E-1 8.24101E-1 8.74014E-1 9.37888E-1 9.24059E-1 9.36985E-1 9.3533E-1 9.47787E-1 9.7492E-1
-9999 -9999 -9999 -9999 -9999 -9999 -9999 -9999 1.94339E-1 7.94386E-2 0E0 1.19669E-1 3.74593E-1 1.58352E-1 1.58249E-1 1.80255E-1 1.68812E-1 2.80922E-1 3.45119E-1 5.1084E-1 4.65564E-1 3.76462E-1 3.83314E-1 2.325E-1 2.29745E-1 2.02748E-1 3.28977E-1 4.40997E-1 5.35027E-1 5.76079E-1 7.73541E-1 7.71275E-1 7.5384E-1 8.03567E-1 7.87755E-1 7.75645E-1 8.12991E-1 8.7286E-1 8.09163E-1 7.88657E-1 8.15011E-1 7.43987E-1 7.23579E-1 8.32957E-1 8.45814E-1 8.26135E-1 8.38577E-1 8.4816E-1 8.16314E-1 8.90705E-1 8.87346E-1 9.41119E-1 9.13342E-1 9.19745E-1 9.14578E-1 9.04745E-1 9.49957E-1 9.10788E-1 9.05943E-1 9.14317E-1 9.21023E-1 9.52979E-1 9.33043E-1 9.33748E-1 9.0668E-1 9.19159E-1 9.02366E-1 9.47352E-1 9.57709E-1 8.87608E-1
-9999 -9999 -9999 -9999 -9999 -9999 -9999 2.87995E-2 4.97509E-2 7.04482E-2 8.75923E-2 1.10619E-1 9.35503E-2 2.09865E-1 2.46991E-1 1.66383E-1 1.82458E-1 1.90137E-1 1.86685E-1 5.21732E-1 5.34002E-1 4.15873E-1 1.5876E-1 3.64117E-1 2.54382E-1 3.12174E-1 4.75097E-1 4.96106E-1 4.88363E-1 7.32302E-1 8.63467E-1 8.59259E-1 8.21308E-1 7.77857E-1 7.8192E-1 6.68559E-1 6.71723E-1 7.89247E-1 8.10639E-1 8.08078E-1 7.14275E-1 6.48608E-1 7.11419E-1 8.16136E-1 8.73604E-1 8.98787E-1 9.01454E-1 8.9209E-1 8.75499E-1 8.72229E-1 9.20337E-1 9.34074E-1 9.25107E-1 9.28262E-1 9.20577E-1 9.11134E-1 9.36189E-1 9.09191E-1 9.20181E-1 9.14541E-1 9.18275E-1 9.35162E-1 9.1126E-1 9.4568E-1 9.21372E-1 9.21376E-1 9.48042E-1 9.4445E-1 9.22681E-1 8.94413E-1
-9999 -9999 -9999 -9999 -9999 -9999 -9999 1.1466E-1 1.23355E-1 4.70062E-2 7.49495E-2 8.69472E-2 1.06297E-1 4.61558E-2 7.65378E-2 8.87992E-2 1.78239E-1 2.05685E-1 2.1439E-1 2.10001E-1 3.58109E-1 4.88034E-1 3.16034E-1 3.56376E-1 4.24266E-1 3.67001E-1 5.09596E-1 5.34761E-1 4.50552E-1 6.35651E-1 7.76894E-1 7.69892E-1 7.06032E-1 6.80475E-1 7.0189E-1 7.20304E-1 8.05679E-1 5.74853E-1 7.87578E-1 7.74074E-1 6.01988E-1 7.47842E-1 8.50585E-1 7.67176E-1 8.87813E-1 8.94272E-1 8.91764E-1 8.81952E-1 8.46764E-1 8.71353E-1 8.73414E-1 9.42925E-1 9.20425E-1 9.22809E-1 9.20557E-1 8.81838E-1 9.27321E-1 9.29909E-1 9.44831E-1 9.24797E-1 9.14744E-1 9.07871E-1 9.21296E-1 9.53004E-1 9.55542E-1 9.42331E-1 9.62378E-1 9.67369E-1 9.37906E-1 8.78798E-1
-9999 -9999 -9999 -9999 -9999 -9999 2.19282E-2 3.30173E-2 4.22731E-2 6.43174E-2 1.03475E-2 1.81219E-2 3.45945E-2 4.90459E-2 7.28511E-2 1.67103E-1 3.32985E-1 3.16696E-1 1.85631E-1 1.3297E-1 1.67104E-1 3.96116E-1 4.4508E-1 4.47504E-1 3.72622E-1 2.71051E-1 4.24387E-1 4.1749E-1 4.63519E-1 6.71735E-1 7.91784E-1 7.42737E-1 6.43892E-1 6.78046E-1 6.95127E-1 7.38728E-1 8.00281E-1 7.03816E-1 7.36761E-1 8.01271E-1 6.03077E-1 7.72143E-1 7.92103E-1 8.00591E-1 9.04234E-1 8.80546E-1 8.81828E-1 8.746E-1 8.52806E-1 8.4702E-1 8.47234E-1 9.02975E-1 9.11964E-1 9.19331E-1 9.01186E-1 9.02518E-1 9.34678E-1 9.53222E-1 9.45754E-1 9.44038E-1 9.36722E-1 9.09435E-1 9.3015E-1 9.59521E-1 9.03622E-1 8.89902E-1 9.28536E-1 9.22706E-1 9.54448E-1 9.14057E-1
-9999 -9999 -9999 -9999 -9999 -9999 9.21859E-3 2.87902E-2 3.98821E-2 9.00104E-4 8.97099E-4 2.26426E-2 3.06466E-2 1.13632E-1 1.36359E-1 7.18648E-2 1.90827E-1 1.71774E-1 1.93263E-1 2.15984E-1 1.75503E-1 2.89411E-1 3.87602E-1 4.93344E-1 3.60702E-1 3.50847E-1 4.04258E-1 4.34444E-1 4.45955E-1 6.80954E-1 7.61976E-1 7.61838E-1 8.78227E-1 8.32231E-1 8.08652E-1 7.05511E-1 7.90148E-1 7.07413E-1 6.3471E-1 5.23266E-1 6.3546E-1 7.09698E-1 8.23502E-1 7.38507E-1 8.34454E-1 8.81376E-1 8.83388E-1 8.17577E-1 8.36816E-1 7.44242E-1 8.41436E-1 8.81743E-1 8.9575E-1 8.99227E-1 9.32681E-1 9.34821E-1 9.36596E-1 9.399E-1 9.55009E-1 9.24148E-1 9.36596E-1 9.31845E-1 9.16996E-1 9.68917E-1 9.17926E-1 9.20598E-1 9.16892E-1 9.26464E-1 9.30854E-1 8.53342E-1
-9999 -9999 -9999 -9999 -9999 1.80191E-3 6.47153E-3 1.51819E-2 1.54478E-3 1.53896E-3 8.65369E-4 7.65622E-2 9.54718E-2 1.0017E-1 1.18797E-1 6.41883E-2 9.52969E-2 1.67087E-1 1.85074E-1 3.25599E-1 3.06846E-1 3.37808E-1 5.09288E-1 7.11711E-1 5.70888E-1 3.73524E-1 3.58028E-1 4.00595E-1 5.93689E-1 6.68204E-1 7.07348E-1 6.93125E-1 7.91965E-1 7.85122E-1 8.09762E-1 8.00927E-1 6.76497E-1 7.50005E-1 6.19429E-1 6.07548E-1 7.34438E-1 6.24716E-1 7.60532E-1 7.62707E-1 6.77092E-1 7.28916E-1 7.39691E-1 8.30266E-1 6.74866E-1 5.98978E-1 8.49414E-1 8.79646E-1 8.3083E-1 9.31907E-1 9.20711E-1 9.00418E-1 9.25907E-1 9.22365E-1 9.04682E-1 8.94974E-1 9.53978E-1 9.31743E-1 9.28035E-1 8.89607E-1 9.65326E-1 9.66986E-1 8.82116E-1 9.28398E-1 9.22163E-1 8.8258E-1
-9999 -9999 -9999 -9999 -9999 1.88366E-3 1.68633E-3 1.51054E-3 8.83857E-4 4.29725E-2 4.20583E-2 2.61737E-1 1.83708E-1 1.68287E-1 1.80786E-1 2.27386E-1 2.95818E-1 2.51038E-1 2.78155E-1 4.84789E-1 4.66363E-1 4.83313E-1 4.96313E-1 6.7685E-1 7.08992E-1 5.36908E-1 5.5793E-1 5.69646E-1 7.86567E-1 7.74701E-1 6.74056E-1 7.01187E-1 6.20698E-1 6.19881E-1 7.85395E-1 8.08722E-1 7.91811E-1 5.75679E-1 7.32307E-1 7.50415E-1 8.4718E-1 7.57194E-1 6.46792E-1 7.89107E-1 7.63393E-1 7.15925E-1 7.27742E-1 8.05802E-1 6.43684E-1 5.86831E-1 7.85245E-1 8.38963E-1 8.50435E-1 9.12558E-1 9.20503E-1 9.04473E-1 9.39948E-1 9.25874E-1 8.88918E-1 9.48994E-1 9.45005E-1 9.6434E-1 9.45669E-1 9.45129E-1 8.95187E-1 9.49774E-1 9.00388E-1 8.62844E-1 9.61904E-1 9.13111E-1
-9999 -9999 -9999 -9999 -9999 1.84555E-3 1.44544E-3 1.22472E-3 6.596E-4 5.28938E-2 2.15838E-1 2.98653E-1 5.62949E-1 4.60183E-1 3.96836E-1 3.52544E-1 3.79835E-1 3.79307E-1 4.64352E-1 2.3745E-1 1.94872E-1 2.32799E-1 3.12214E-1 5.44302E-1 6.41497E-1 6.71087E-1 7.05963E-1 7.26746E-1 7.70438E-1 7.95428E-1 7.40512E-1 6.86549E-1 7.39097E-1 7.44038E-1 6.23384E-1 6.46207E-1 6.2485E-1 6.92846E-1 6.70589E-1 7.02193E-1 8.52846E-1 8.6456E-1 7.37379E-1 7.19371E-1 7.99317E-1 7.92002E-1 7.89438E-1 8.75991E-1 8.69239E-1 8.23775E-1 8.33294E-1 9.28702E-1 9.36371E-1 9.04573E-1 9.28918E-1 8.98789E-1 9.16542E-1 8.904E-1 9.03314E-1 9.10874E-1 9.52076E-1 9.48148E-1 9.06385E-1 9.11546E-1 9.00778E-1 9.24677E-1 8.97533E-1 9.09563E-1 8.82141E-1 9.08573E-1
-9999 -9999 -9999 -9999 -9999 1.74779E-3 1.48068E-3 1.48299E-3 1.45659E-3 1.14253E-1 1.48475E-1 2.46672E-1 4.98879E-1 4.97185E-1 3.59512E-1 3.78015E-1 4.34657E-1 4.49961E-1 3.89588E-1 3.38997E-1 3.43646E-1 2.79866E-1 4.33592E-1 5.11527E-1 5.60032E-1 5.66586E-1 7.33205E-1 7.67069E-1 8.79885E-1 8.43247E-1 8.15804E-1 7.21733E-1 7.65304E-1 8.03572E-1 7.93345E-1 7.32094E-1 5.35069E-1 6.62776E-1 7.41008E-1 7.69053E-1 8.36639E-1 8.53696E-1 7.06656E-1 7.06587E-1 8.14726E-1 8.69958E-1 8.59016E-1 7.87463E-1 8.60989E-1 8.50522E-1 8.53281E-1 9.09707E-1 9.00808E-1 8.86881E-1 8.19592E-1 9.2017E-1 9.34429E-1 9.30058E-1 9.25755E-1 9.55708E-1 9.67267E-1 9.57172E-1 9.32528E-1 8.91972E-1 9.21743E-1 9.18447E-1 9.34115E-1 9.02034E-1 9.17262E-1 8.75727E-1
-9999 -9999 -9999 -9999 1.90472E-3 1.58253E-3 1.8495E-3 6.87408E-3 1.44133E-2 1.30858E-1 1.50936E-1 2.40588E-1 4.1031E-1 3.49098E-1 3.24174E-1 3.36802E-1 2.20449E-1 2.97855E-1 3.99127E-1 3.45128E-1 3.85928E-1 4.07173E-1 4.03087E-1 3.50985E-1 4.54663E-1 4.47391E-1 5.96042E-1 7.64053E-1 8.45925E-1 8.7449E-1 8.1908E-1 8.6907E-1 8.09282E-1 7.56122E-1 7.28971E-1 7.19213E-1 5.76436E-1 5.64232E-1 6.59928E-1 7.38625E-1 7.68108E-1 7.9923E-1 7.10233E-1 6.7721E-1 8.30752E-1 8.56512E-1 8.57244E-1 9.06764E-1 8.33195E-1 8.45938E-1 8.50505E-1 9.00665E-1 8.73449E-1 8.57968E-1 8.35598E-1 8.86544E-1 9.19583E-1 9.37821E-1 8.99994E-1 9.58787E-1 9.62131E-1 9.08447E-1 8.44766E-1 8.80258E-1 8.69254E-1 9.11923E-1 9.14269E-1 9.09967E-1 9.10129E-1 8.68231E-1
-9999 -9999 -9999 -9999 2.19306E-3 1.03173E-3 7.06722E-2 5.51027E-2 5.87031E-2 7.40208E-2 1.44797E-1 2.49534E-1 2.05434E-1 2.40019E-1 3.14187E-1 2.89714E-1 4.76484E-1 2.60356E-1 4.05715E-1 2.75157E-1 3.53515E-1 3.33417E-1 3.35069E-1 4.91505E-1 4.06953E-1 5.56324E-1 6.4739E-1 7.42418E-1 8.07682E-1 8.11888E-1 8.30054E-1 8.7287E-1 8.5709E-1 7.69134E-1 7.24602E-1 6.93975E-1 6.9982E-1 6.28582E-1 6.85995E-1 6.72394E-1 7.59611E-1 8.04211E-1 7.77722E-1 7.36109E-1 7.92496E-1 8.43135E-1 8.34452E-1 8.5776E-1 8.78538E-1 8.87336E-1 8.74777E-1 8.82542E-1 8.94453E-1 8.72475E-1 9.06233E-1 9.30991E-1 9.52779E-1 9.39147E-1 9.2473E-1 9.62491E-1 9.59433E-1 9.22829E-1 9.32527E-1 9.01195E-1 9.13622E-1 9.08273E-1 9.10935E-1 9.06876E-1 9.11149E-1 9.04753E-1
-9999 -9999 -9999 -9999 1.97409E-3 1.52554E-3 1.90528E-3 8.87248E-2 1.83542E-1 8.82938E-2 2.13303E-1 1.94531E-1 2.96957E-1 3.57281E-1 2.92654E-1 2.00832E-1 3.16424E-1 3.63161E-1 4.12828E-1 3.70587E-1 3.66531E-1 4.58849E-1 3.8386E-1 3.645E-1 4.07974E-1 5.66261E-1 7.66509E-1 7.81211E-1 8.48534E-1 8.01476E-1 7.43958E-1 7.5238E-1 8.40428E-1 7.98033E-1 6.44375E-1 6.7377E-1 7.77805E-1 7.5067E-1 7.47514E-1 6.2724E-1 7.83153E-1 8.43535E-1 6.45433E-1 6.46331E-1 8.33259E-1 8.37579E-1 8.82233E-1 8.40104E-1 8.67576E-1 8.66112E-1 9.02298E-1 8.80787E-1 8.64465E-1 8.59414E-1 8.8421E-1 8.99006E-1 9.19174E-1 9.49142E-1 9.24186E-1 9.57861E-1 9.58604E-1 9.02932E-1 9.28437E-1 8.95697E-1 9.1363E-1 9.42845E-1 8.89427E-1 9.33641E-1 9.28248E-1 9.123E-1
