ENM/Final_Models/M_1_F_qp_Set_1_EC/Gustavia_santanderiensis_6_Choco.asc
ncols         367
nrows         963
xllcorner     -78.6
yllcorner     0.65
cellsize      0.00833333333333323
NODATA_value  -9999
[rows 750 to 779 of 963, columns 204 to 271 of 367]
1.76643E-3 3.3172E-3 1.00363E-2 2.79936E-2 1.59246E-2 1.50962E-2 6.34544E-3 5.66489E-3 1.08447E-2 3.9832E-3 2.31007E-3 8.97177E-3 1.05002E-2 3.85966E-3 2.3065E-3 2.19918E-3 1.836E-3 5.55346E-4 3.23234E-4 4.42057E-4 1.21631E-3 1.49225E-3 9.41594E-4 7.38719E-4 9.05233E-4 8.61207E-4 5.42946E-4 7.09801E-4 6.05046E-4 6.22174E-4 4.63874E-4 4.75595E-4 4.01122E-4 1.12113E-3 -9999 -9999 -9999 -9999 -9999 -9999 -9999 -9999 -9999 -9999 -9999 -9999 -9999 -9999 -9999 -9999 -9999 -9999 -9999 -9999 -9999 -9999 -9999 -9999 -9999 -9999 -9999 -9999 -9999 -9999 -9999 -9999 -9999 -9999
2.63002E-3 1.20341E-2 2.47881E-2 3.45875E-2 4.50914E-2 3.67748E-2 2.48997E-2 2.44965E-2 2.00068E-2 1.67437E-2 5.35436E-3 1.84321E-2 2.09171E-2 1.30484E-2 2.58863E-3 1.24173E-3 6.7688E-4 5.65544E-4 5.28654E-4 1.07888E-3 1.56651E-3 4.91714E-4 1.02813E-3 1.10814E-3 7.58724E-4 1.32677E-3 1.03186E-3 8.12301E-4 4.82224E-4 2.32182E-4 3.61766E-4 3.69439E-4 5.42886E-4 4.73364E-4 7.63686E-4 -9999 -9999 -9999 -9999 -9999 -9999 -9999 -9999 -9999 -9999 -9999 -9999 -9999 -9999 -9999 -9999 -9999 -9999 -9999 -9999 -9999 -9999 -9999 -9999 -9999 -9999 -9999 -9999 -9999 -9999 -9999 -9999 -9999
4.62948E-3 3.5272E-3 2.81688E-2 5.73624E-2 5.86337E-2 4.33384E-2 2.60831E-2 2.36501E-2 4.17433E-2 2.73305E-2 2.16754E-2 3.72901E-2 1.79039E-2 4.10567E-3 1.53384E-3 4.08497E-4 5.8092E-4 4.19508E-4 4.26688E-4 7.6284E-4 5.94705E-4 3.52473E-4 4.23028E-4 5.89727E-4 5.87065E-4 4.06496E-4 3.48877E-4 5.94813E-4 7.877E-4 2.46035E-4 2.9637E-4 1.72922E-4 2.70543E-4 3.28104E-4 9.01626E-4 7.08634E-4 -9999 -9999 -9999 -9999 -9999 -9999 -9999 -9999 -9999 -9999 -9999 -9999 -9999 -9999 -9999 -9999 -9999 -9999 -9999 -9999 -9999 -9999 -9999 -9999 -9999 -9999 -9999 -9999 -9999 -9999 -9999 -9999
3.87868E-3 7.38661E-3 4.42108E-2 5.02285E-2 7.13644E-2 3.67826E-2 2.345E-2 2.36877E-2 6.13113E-2 5.15946E-2 5.14919E-2 4.94308E-2 1.97836E-2 2.84556E-3 5.85657E-4 5.28898E-4 7.78322E-4 4.81726E-4 3.08924E-4 6.47411E-4 6.12461E-4 3.25571E-4 3.31225E-4 4.36271E-4 3.20233E-4 1.0582E-3 1.96253E-4 2.19505E-4 7.40573E-4 9.39976E-4 3.92443E-4 7.87036E-4 6.08968E-4 3.58751E-4 6.36997E-4 5.09534E-4 5.71557E-4 4.26889E-4 -9999 -9999 -9999 -9999 -9999 -9999 -9999 -9999 -9999 -9999 -9999 -9999 -9999 -9999 -9999 -9999 -9999 -9999 -9999 -9999 -9999 -9999 -9999 -9999 -9999 -9999 -9999 -9999 -9999 -9999
3.46767E-3 1.54565E-2 3.77853E-2 5.60972E-2 6.36987E-2 3.5555E-2 2.80129E-2 5.29339E-2 8.40785E-2 8.4119E-2 7.02921E-2 3.8455E-2 1.66378E-2 1.36332E-2 9.92498E-3 2.92279E-3 1.02244E-3 5.75939E-4 4.04902E-4 3.0065E-4 1.82127E-4 4.38877E-4 1.86411E-4 3.2887E-4 5.65197E-4 4.80209E-4 5.81255E-4 4.92639E-4 3.00291E-4 3.01423E-4 6.96747E-4 7.70407E-4 3.24508E-4 3.37802E-4 4.24564E-4 5.39904E-4 3.39245E-4 5.21158E-4 6.92327E-4 -9999 -9999 -9999 -9999 -9999 -9999 -9999 -9999 -9999 -9999 -9999 -9999 -9999 -9999 -9999 -9999 -9999 -9999 -9999 -9999 -9999 -9999 -9999 -9999 -9999 -9999 -9999 -9999 -9999
1.10167E-2 2.60364E-2 4.19361E-2 7.20734E-2 5.31909E-2 3.8989E-2 3.86462E-2 8.50423E-2 1.03765E-1 8.34312E-2 4.50044E-2 5.1147E-2 4.15117E-2 2.49668E-2 6.05757E-3 7.55181E-3 8.92906E-4 4.145E-4 3.5552E-4 3.16589E-4 3.17314E-4 1.43016E-4 2.15549E-4 3.33119E-4 7.13452E-4 8.34028E-4 4.64526E-4 7.00934E-4 4.40575E-4 8.07834E-4 4.12298E-4 2.11805E-4 4.54791E-4 7.3555E-4 5.34772E-4 3.0903E-4 6.95341E-4 9.23965E-4 5.96245E-4 4.24919E-4 -9999 -9999 -9999 -9999 -9999 -9999 -9999 -9999 -9999 -9999 -9999 -9999 -9999 -9999 -9999 -9999 -9999 -9999 -9999 -9999 -9999 -9999 -9999 -9999 -9999 -9999 -9999 -9999
3.03621E-2 3.93328E-2 -9999 -9999 6E-2 6.83106E-2 3.74388E-2 -9999 -9999 -9999 6.0003E-2 3.67097E-2 2.35248E-2 9.19141E-3 5.31756E-3 4.12366E-3 1.56315E-3 1.17002E-4 1.02054E-4 1.21977E-4 1.43709E-4 3.05205E-4 3.67069E-4 1.68099E-4 5.89358E-4 3.45507E-4 2.83857E-4 3.74791E-4 2.67709E-4 2.46667E-4 3.23822E-4 3.9208E-4 3.75834E-4 2.26607E-4 8.10827E-4 5.74988E-4 4.76796E-4 4.10286E-4 2.95831E-4 3.45291E-4 -9999 -9999 -9999 -9999 -9999 -9999 -9999 -9999 -9999 -9999 -9999 -9999 -9999 -9999 -9999 -9999 -9999 -9999 -9999 -9999 -9999 -9999 -9999 -9999 -9999 -9999 -9999 -9999
3.49944E-2 -9999 -9999 -9999 8.718E-2 1.05852E-1 -9999 -9999 -9999 -9999 -9999 3.71679E-2 2.44627E-2 8.79754E-3 8.99323E-3 4.39245E-3 1.52938E-3 6.89968E-4 1.19254E-4 1.05929E-4 1.68706E-4 2.95715E-4 4.38348E-4 7.59192E-4 5.63372E-4 4.89239E-4 3.08715E-4 1.44013E-4 1.05787E-4 3.05334E-4 5.02924E-4 2.53182E-4 5.16471E-4 5.11333E-4 4.65555E-4 6.87567E-4 4.50231E-4 3.17046E-4 3.1396E-4 2.70756E-4 3.68752E-4 -9999 -9999 -9999 -9999 -9999 -9999 -9999 -9999 -9999 -9999 -9999 -9999 -9999 -9999 -9999 -9999 -9999 -9999 -9999 -9999 -9999 -9999 -9999 -9999 -9999 -9999 -9999
-9999 -9999 -9999 1.29556E-1 9.33321E-2 -9999 -9999 -9999 -9999 -9999 -9999 -9999 2.72046E-2 1.7513E-2 1.06267E-2 6.17129E-3 2.49702E-3 1.71579E-4 2.82713E-4 2.26367E-4 2.47694E-4 1.46329E-4 2.26107E-4 2.04877E-4 4.2466E-4 5.78649E-4 4.04679E-4 1.19788E-4 1.42577E-4 1.20725E-4 5.22158E-4 3.28547E-4 4.85863E-4 4.23262E-4 4.24106E-4 2.74233E-4 3.45465E-4 4.57884E-4 5.0348E-4 4.8858E-4 3.88761E-4 -9999 -9999 -9999 -9999 -9999 -9999 -9999 -9999 -9999 -9999 -9999 -9999 -9999 -9999 -9999 -9999 -9999 -9999 -9999 -9999 -9999 -9999 -9999 -9999 -9999 -9999 -9999
-9999 -9999 -9999 -9999 -9999 -9999 -9999 -9999 -9999 -9999 -9999 -9999 -9999 1.41969E-2 6.29724E-3 4.5613E-3 3.02648E-3 1.4121E-4 1.78501E-4 3.11034E-4 2.92179E-4 2.06284E-4 1.14067E-4 1.35909E-4 2.15846E-4 3.57171E-4 2.62369E-4 2.216E-4 2.74146E-4 1.00988E-4 3.47421E-4 3.64404E-4 5.83933E-4 5.86455E-4 3.21847E-4 2.76597E-4 2.85309E-4 2.56344E-4 2.85171E-4 3.10048E-4 2.20845E-4 3.42134E-4 -9999 -9999 -9999 -9999 -9999 -9999 -9999 -9999 -9999 -9999 -9999 -9999 -9999 -9999 -9999 -9999 -9999 -9999 -9999 -9999 -9999 -9999 -9999 -9999 -9999 -9999
-9999 -9999 -9999 -9999 -9999 -9999 3.85457E-2 5.58258E-2 7.6318E-2 4.46923E-2 5.27954E-2 3.64218E-2 3.15079E-2 8.68414E-3 1.01734E-2 7.77637E-3 6.21727E-3 9.96171E-4 1.4394E-4 1.01176E-4 1.98125E-4 1.44272E-4 1.01116E-4 1.67184E-4 1.74933E-4 4.18876E-4 2.1556E-4 3.50626E-4 2.24557E-4 1.143E-4 2.19674E-4 2.7845E-4 4.73617E-4 5.48246E-4 4.98594E-4 2.77022E-4 3.10844E-4 3.03007E-4 3.19879E-4 4.42649E-4 4.58746E-4 5.69257E-4 -9999 -9999 -9999 -9999 -9999 -9999 -9999 -9999 -9999 -9999 -9999 -9999 -9999 -9999 -9999 -9999 -9999 -9999 -9999 -9999 -9999 -9999 -9999 -9999 -9999 -9999
-9999 -9999 -9999 -9999 1.19045E-1 1.0208E-1 8.43578E-2 4.81133E-2 -9999 -9999 -9999 3.62214E-2 1.78721E-2 1.50848E-2 1.2097E-2 1.14792E-2 7.40311E-3 4.6655E-3 1.73027E-3 7.05491E-4 3.49339E-4 2.02975E-4 6.00365E-5 9.43933E-5 2.91241E-4 5.25098E-4 1.42984E-4 8.83472E-5 7.57889E-5 1.62177E-4 2.19543E-4 2.11309E-4 3.47031E-4 3.47177E-4 5.60752E-4 6.56382E-4 8.67571E-4 1.02318E-3 9.84865E-4 8.0816E-4 1.16431E-3 7.91911E-4 -9999 -9999 -9999 -9999 -9999 -9999 -9999 -9999 -9999 -9999 -9999 -9999 -9999 -9999 -9999 -9999 -9999 -9999 -9999 -9999 -9999 -9999 -9999 -9999 -9999 -9999
-9999 -9999 -9999 -9999 -9999 -9999 -9999 -9999 -9999 -9999 -9999 -9999 4.83744E-2 3.53281E-2 1.79756E-2 1.29179E-2 8.63091E-3 7.11808E-3 1.60811E-3 3.21529E-4 2.93552E-4 2.39402E-4 5.28917E-4 5.29114E-4 3.92261E-4 4.36711E-4 7.05859E-5 8.14276E-5 1.92137E-4 2.12801E-4 3.40439E-4 3.36599E-4 4.39532E-4 4.3102E-4 4.71634E-4 2.85485E-4 4.50813E-4 3.71622E-4 4.1749E-4 5.64429E-4 1.37937E-3 1.23792E-3 -9999 -9999 -9999 -9999 -9999 -9999 -9999 -9999 -9999 -9999 -9999 -9999 -9999 -9999 -9999 -9999 -9999 -9999 -9999 -9999 -9999 -9999 -9999 -9999 -9999 -9999
-9999 -9999 -9999 -9999 -9999 -9999 -9999 -9999 -9999 -9999 -9999 -9999 -9999 5.39715E-2 3.36251E-2 2.12675E-2 1.89496E-2 1.48791E-2 4.3238E-3 6.1674E-4 2.91688E-4 5.59993E-4 1.10957E-4 8.25744E-5 7.12377E-5 8.06524E-5 8.82026E-5 1.38483E-4 2.43805E-4 3.29584E-4 4.04994E-4 3.95081E-4 5.86595E-4 4.016E-4 4.00682E-4 3.87965E-4 3.60656E-4 2.60999E-4 2.6933E-4 3.29894E-4 7.09253E-4 6.75107E-4 -9999 -9999 -9999 -9999 -9999 -9999 -9999 -9999 -9999 -9999 -9999 -9999 -9999 -9999 -9999 -9999 -9999 -9999 -9999 -9999 -9999 -9999 -9999 -9999 -9999 -9999
-9999 -9999 -9999 -9999 -9999 -9999 2.46451E-2 2.34421E-2 1.69683E-2 2.28507E-2 1.95999E-2 -9999 -9999 2.33868E-2 1.70352E-2 1.68093E-2 8.42656E-3 7.80146E-3 6.76051E-3 3.22565E-3 9.75165E-4 2.54961E-4 4.51032E-4 3.48876E-4 5.28508E-5 4.33525E-5 4.25265E-5 1.36158E-4 2.8772E-4 2.25025E-4 3.32467E-4 3.49385E-4 4.03162E-4 2.59945E-4 2.11689E-4 1.79614E-4 2.60754E-4 2.60807E-4 4.4485E-4 5.05024E-4 5.28457E-4 6.79429E-4 -9999 -9999 -9999 -9999 -9999 -9999 -9999 -9999 -9999 -9999 -9999 -9999 -9999 -9999 -9999 -9999 -9999 -9999 -9999 -9999 -9999 -9999 -9999 -9999 -9999 -9999
-9999 -9999 -9999 -9999 -9999 4.10919E-2 3.73101E-2 3.85747E-2 2.69203E-2 2.81907E-2 2.1247E-2 9.19161E-3 6.50514E-3 2.13713E-2 8.65258E-3 4.47189E-3 2.67562E-3 6.48358E-3 6.83701E-3 9.49385E-3 3.89645E-3 1.96831E-3 5.05862E-4 8.41795E-5 2.54875E-4 3.28443E-4 1.07941E-4 2.49242E-4 2.73621E-4 2.5983E-4 3.88923E-4 4.10816E-4 7.1476E-4 4.69287E-4 2.23674E-4 1.70048E-4 3.03845E-4 3.0482E-4 5.03111E-4 8.11896E-4 9.01268E-4 1.07146E-3 -9999 -9999 -9999 -9999 -9999 -9999 -9999 -9999 -9999 -9999 -9999 -9999 -9999 -9999 -9999 -9999 -9999 -9999 -9999 -9999 -9999 -9999 -9999 -9999 -9999 -9999
-9999 -9999 -9999 -9999 -9999 -9999 -9999 -9999 2.51444E-2 1.9881E-2 2.04299E-2 1.22446E-2 8.85533E-3 8.72556E-3 4.33245E-3 2.765E-3 6.22742E-4 2.46882E-3 4.23037E-3 3.04424E-3 4.16256E-3 4.88581E-3 1.55242E-3 6.39826E-4 1.85809E-4 2.3578E-4 1.36991E-4 4.04444E-4 6.09049E-4 4.70853E-4 4.1694E-4 4.01968E-4 4.68646E-4 3.60473E-4 2.64168E-4 2.17181E-4 2.84565E-4 4.05053E-4 6.39016E-4 8.38829E-4 7.20528E-4 7.79958E-4 -9999 -9999 -9999 -9999 -9999 -9999 -9999 -9999 -9999 -9999 -9999 -9999 -9999 -9999 -9999 -9999 -9999 -9999 -9999 -9999 -9999 -9999 -9999 -9999 -9999 -9999
-9999 -9999 -9999 -9999 -9999 -9999 -9999 2.43301E-2 2.62033E-2 1.85176E-2 1.45117E-2 9.86827E-3 6.67846E-3 3.28437E-3 2.22823E-3 1.64739E-3 5.54857E-4 5.42533E-5 1.77474E-4 6.04027E-4 2.15724E-3 1.68783E-3 2.299E-3 1.3641E-3 5.86593E-4 2.67398E-4 2.14143E-4 5.02497E-4 6.27266E-4 6.35159E-4 4.8346E-4 4.45444E-4 7.09192E-4 1.16219E-3 3.10358E-4 2.26862E-4 5.18063E-4 5.93847E-4 7.55816E-4 6.66364E-4 7.43359E-4 7.34028E-4 -9999 -9999 -9999 -9999 -9999 -9999 -9999 -9999 -9999 -9999 -9999 -9999 -9999 -9999 -9999 -9999 -9999 -9999 -9999 -9999 -9999 -9999 -9999 -9999 -9999 -9999
-9999 -9999 -9999 -9999 -9999 2.97738E-2 3.06346E-2 3.35948E-2 2.28589E-2 1.73761E-2 1.02268E-2 5.8279E-3 2.34089E-3 3.29542E-3 8.30797E-4 1.58733E-4 1.22143E-4 1.26095E-4 7.69883E-5 3.34729E-4 1.31475E-4 1.89214E-4 2.82272E-3 2.88015E-3 4.25245E-4 7.25194E-5 7.38974E-5 9.63786E-5 3.82619E-4 3.42514E-4 3.53189E-4 2.99637E-4 2.81093E-4 3.77234E-4 8.23433E-4 3.30959E-4 6.0529E-4 5.35094E-4 6.93192E-4 6.11994E-4 4.74563E-4 5.7998E-4 -9999 -9999 -9999 -9999 -9999 -9999 -9999 -9999 -9999 -9999 -9999 -9999 -9999 -9999 -9999 -9999 -9999 -9999 -9999 -9999 -9999 -9999 -9999 -9999 -9999 -9999
-9999 -9999 -9999 -9999 4.94441E-2 2.81819E-2 3.90583E-2 3.07893E-2 2.47221E-2 1.45497E-2 2.3781E-2 1.33435E-2 3.26568E-3 8.49394E-4 1.09836E-4 1.70693E-4 2.22399E-4 2.12375E-4 3.25527E-4 1.5739E-4 5.29561E-5 5.64804E-5 1.81023E-4 5.61185E-4 6.00495E-4 1.35482E-4 9.71486E-5 1.3369E-4 3.0906E-4 3.06598E-4 2.43105E-4 2.38815E-4 2.71695E-4 3.03333E-4 5.05853E-4 3.9528E-4 5.01334E-4 5.5274E-4 5.59442E-4 5.73937E-4 5.0059E-4 6.06766E-4 -9999 -9999 -9999 -9999 -9999 -9999 -9999 -9999 -9999 -9999 -9999 -9999 -9999 -9999 -9999 -9999 -9999 -9999 -9999 -9999 -9999 -9999 -9999 -9999 -9999 -9999
-9999 -9999 -9999 -9999 4.8284E-2 4.42909E-2 3.55331E-2 1.92546E-2 1.6513E-2 1.73364E-2 3.75663E-2 1.68465E-2 7.66093E-3 4.22139E-3 6.50461E-4 2.46666E-4 5.53383E-4 1.78641E-3 1.59835E-3 1.91898E-4 1.47783E-4 2.21252E-4 8.50107E-5 7.09371E-4 2.39315E-4 2.6845E-4 3.04346E-4 1.12874E-4 8.40348E-5 2.19734E-4 2.87331E-4 1.81272E-4 2.61289E-4 4.82023E-4 3.42645E-4 9.91213E-4 8.83472E-4 8.93351E-4 6.09167E-4 3.56541E-4 4.78633E-4 5.52727E-4 -9999 -9999 -9999 -9999 -9999 -9999 -9999 -9999 -9999 -9999 -9999 -9999 -9999 -9999 -9999 -9999 -9999 -9999 -9999 -9999 -9999 -9999 -9999 -9999 -9999 -9999
-9999 -9999 -9999 -9999 -9999 -9999 4.29431E-2 3.41645E-2 2.85139E-2 2.57665E-2 1.96363E-2 1.19793E-2 1.42088E-2 5.07039E-3 6.34219E-3 2.03364E-3 4.36035E-3 5.98508E-3 1.71378E-3 1.16304E-4 2.8812E-4 2.40211E-4 2.19487E-4 2.29788E-4 9.36906E-5 5.19345E-5 6.77256E-5 1.44611E-4 1.3898E-4 2.12655E-4 1.69199E-4 1.93512E-4 4.05825E-4 2.89855E-4 3.05013E-4 1.02509E-3 1.27322E-3 5.30863E-4 3.83724E-4 4.12088E-4 5.21194E-4 6.5604E-4 -9999 -9999 -9999 -9999 -9999 -9999 -9999 -9999 -9999 -9999 -9999 -9999 -9999 -9999 -9999 -9999 -9999 -9999 -9999 -9999 -9999 -9999 -9999 -9999 -9999 -9999
-9999 -9999 -9999 -9999 -9999 -9999 -9999 3.88651E-2 4.79717E-2 3.62971E-2 1.15108E-2 8.21266E-3 2.12409E-2 8.83757E-3 9.27379E-3 7.90115E-3 5.26427E-3 1.09131E-2 7.36254E-4 1.2346E-4 1.55064E-4 2.04302E-4 2.18493E-4 1.49923E-4 3.32621E-4 3.18522E-4 1.46198E-4 1.01224E-4 3.82208E-4 1.03925E-4 2.12893E-4 2.93126E-4 3.04277E-4 3.83027E-4 4.54243E-4 7.46068E-4 6.68155E-4 6.41852E-4 3.36234E-4 2.54995E-4 5.35991E-4 4.28445E-4 -9999 -9999 -9999 -9999 -9999 -9999 -9999 -9999 -9999 -9999 -9999 -9999 -9999 -9999 -9999 -9999 -9999 -9999 -9999 -9999 -9999 -9999 -9999 -9999 -9999 -9999
-9999 -9999 -9999 -9999 -9999 -9999 4.81394E-2 3.94794E-2 2.98091E-2 1.52204E-2 1.00493E-2 1.79892E-2 1.78244E-2 1.40012E-2 1.27907E-2 8.92609E-3 1.51945E-2 4.99268E-3 3.80665E-3 5.67223E-4 5.88179E-4 2.29272E-4 1.50778E-4 1.63401E-4 2.63138E-4 2.51899E-4 3.85639E-4 3.12527E-4 4.55597E-4 1.21484E-4 1.96963E-4 2.27069E-4 2.82806E-4 3.03678E-4 5.83034E-4 6.00464E-4 5.38042E-4 4.92761E-4 2.40127E-4 1.1289E-4 3.8515E-4 -9999 -9999 -9999 -9999 -9999 -9999 -9999 -9999 -9999 -9999 -9999 -9999 -9999 -9999 -9999 -9999 -9999 -9999 -9999 -9999 -9999 -9999 -9999 -9999 -9999 -9999 -9999
-9999 -9999 -9999 -9999 -9999 -9999 -9999 -9999 -9999 2.26149E-2 1.75417E-2 1.97146E-2 3.0762E-2 3.02167E-2 3.04159E-2 1.79389E-2 1.35694E-2 1.07337E-2 4.72871E-3 7.19763E-4 1.17657E-4 6.24528E-5 1.10128E-4 2.28879E-4 3.54035E-4 3.29831E-4 3.75151E-4 2.65964E-4 2.9413E-4 2.45369E-4 1.2882E-4 2.90641E-4 1.89443E-4 4.94238E-4 7.19004E-4 3.40165E-4 3.96608E-4 5.20561E-4 2.73111E-4 1.17316E-4 4.06725E-4 -9999 -9999 -9999 -9999 -9999 -9999 -9999 -9999 -9999 -9999 -9999 -9999 -9999 -9999 -9999 -9999 -9999 -9999 -9999 -9999 -9999 -9999 -9999 -9999 -9999 -9999 -9999
-9999 -9999 -9999 -9999 -9999 -9999 -9999 -9999 -9999 1.64515E-2 1.44961E-2 2.63801E-2 2.94324E-2 3.11388E-2 2.67353E-2 2.30372E-2 5.15716E-3 2.11063E-3 1.42333E-3 1.09276E-4 1.57815E-4 1.36497E-4 1.47912E-4 2.51922E-4 3.66136E-4 2.99333E-4 2.13956E-4 2.11249E-4 2.01163E-4 3.11211E-4 1.9697E-4 1.86549E-4 1.89886E-4 3.60184E-4 6.86573E-4 7.15036E-4 4.05692E-4 5.4644E-4 3.39402E-4 1.51407E-4 4.2846E-4 -9999 -9999 -9999 -9999 -9999 -9999 -9999 -9999 -9999 -9999 -9999 -9999 -9999 -9999 -9999 -9999 -9999 -9999 -9999 -9999 -9999 -9999 -9999 -9999 -9999 -9999 -9999
-9999 3.34319E-2 1.37648E-2 -9999 -9999 -9999 8.42504E-3 3.58122E-3 8.156E-3 1.91788E-2 1.81541E-2 2.20451E-2 1.49664E-2 1.18425E-2 1.85034E-2 1.48638E-2 4.19327E-3 2.49247E-4 1.68224E-4 1.67553E-4 9.25916E-5 2.45221E-4 2.56146E-4 4.5802E-4 3.83254E-4 2.53527E-4 2.8167E-4 2.72105E-4 2.27355E-4 2.76798E-4 3.84721E-4 1.81926E-4 2.53435E-4 3.44133E-4 6.63663E-4 4.93486E-4 -9999 -9999 4.83433E-4 3.16249E-4 -9999 -9999 -9999 -9999 -9999 -9999 -9999 -9999 -9999 -9999 -9999 -9999 -9999 -9999 -9999 -9999 -9999 -9999 -9999 -9999 -9999 -9999 -9999 -9999 -9999 -9999 -9999 -9999
-9999 1.26793E-2 1.03241E-2 7.63214E-3 1.31948E-2 1.65873E-2 8.93666E-3 6.89737E-3 1.74022E-2 2.54804E-2 1.43444E-2 6.57209E-3 5.36189E-3 7.82901E-3 9.12427E-3 3.0737E-3 1.46574E-3 8.99024E-5 2.2005E-4 7.69339E-5 1.9687E-4 1.39646E-4 2.57209E-4 3.81184E-4 4.59404E-4 3.05124E-4 2.89412E-4 2.94263E-4 3.06687E-4 2.53421E-4 3.21842E-4 1.98497E-4 3.87061E-4 4.13143E-4 5.90146E-4 3.91065E-4 -9999 -9999 -9999 -9999 -9999 -9999 -9999 -9999 -9999 -9999 -9999 -9999 -9999 -9999 -9999 -9999 -9999 -9999 -9999 -9999 -9999 -9999 -9999 -9999 -9999 -9999 -9999 -9999 -9999 -9999 -9999 -9999
1.81379E-2 1.73496E-2 1.47013E-2 1.12788E-2 1.74186E-2 1.55007E-2 1.25818E-2 1.3804E-2 1.20865E-2 1.06867E-2 1.16181E-2 7.71322E-3 3.04683E-3 4.90439E-3 1.81292E-3 1.00894E-3 2.10026E-4 4.83028E-5 7.325E-5 1.11395E-4 1.7264E-4 1.8453E-4 9.87161E-5 3.05926E-4 5.31453E-4 3.05663E-4 2.84017E-4 2.67837E-4 2.07905E-4 2.28512E-4 3.4945E-4 1.9911E-4 3.63264E-4 4.43767E-4 4.87817E-4 3.99204E-4 -9999 -9999 -9999 -9999 -9999 -9999 -9999 -9999 -9999 -9999 -9999 -9999 -9999 -9999 -9999 -9999 -9999 -9999 -9999 -9999 -9999 -9999 -9999 -9999 -9999 -9999 -9999 -9999 -9999 -9999 -9999 -9999
1.23781E-2 1.05061E-2 8.88847E-3 8.43388E-3 1.25907E-2 8.35366E-3 7.97228E-3 1.07029E-2 6.81613E-3 5.51025E-3 6.28167E-3 7.28797E-3 2.23948E-3 1.03682E-3 4.75457E-4 2.2047E-4 1.37739E-4 1.31695E-4 7.62967E-5 1.91535E-4 2.08401E-4 1.3065E-4 1.13831E-4 2.50226E-4 3.27024E-4 2.79986E-4 2.69895E-4 2.83623E-4 2.83691E-4 2.20667E-4 3.09499E-4 3.21741E-4 3.8637E-4 7.72077E-4 2.91101E-4 3.24019E-4 -9999 -9999 -9999 -9999 -9999 -9999 -9999 -9999 -9999 -9999 -9999 -9999 -9999 -9999 -9999 -9999 -9999 -9999 -9999 -9999 -9999 -9999 -9999 -9999 -9999 -9999 -9999 -9999 -9999 -9999 -9999 -9999
