ENM/Final_Models/M_1_F_qp_Set_1_EC/Gustavia_santanderiensis_7_Choco.asc
ncols         367
nrows         963
xllcorner     -78.6
yllcorner     0.65
cellsize      0.00833333333333323
NODATA_value  -9999
[rows 360 to 389 of 963, columns 136 to 203 of 367]
-9999 -9999 -9999 -9999 -9999 -9999 -9999 -9999 -9999 -9999 -9999 -9999 -9999 -9999 -9999 -9999 -9999 -9999 -9999 -9999 -9999 -9999 -9999 -9999 -9999 -9999 -9999 -9999 -9999 9.99466E-1 9.92471E-1 9.97815E-1 9.99584E-1 9.42822E-1 8.92978E-1 8.86896E-1 8.37351E-1 9.75963E-1 7.78585E-1 6.49536E-1 7.162E-1 6.78971E-1 5.78851E-1 5.65834E-1 5.87435E-1 5.78294E-1 6.04693E-1 8.14234E-1 9.83075E-1 9.98004E-1 9.99569E-1 9.43513E-1 9.67587E-1 9.99931E-1 9.99998E-1 1E0 1E0 1E0 1E0 1E0 1E0 1E0 9.98697E-1 9.99834E-1 9.9987E-1 9.99544E-1 9.99889E-1 1E0
-9999 -9999 -9999 -9999 -9999 -9999 -9999 -9999 -9999 -9999 -9999 -9999 -9999 -9999 -9999 -9999 -9999 -9999 -9999 -9999 -9999 -9999 -9999 -9999 -9999 -9999 -9999 -9999 9.97867E-1 9.9967E-1 9.4216E-1 9.73973E-1 9.98886E-1 9.67668E-1 8.00302E-1 6.90693E-1 6.34262E-1 8.13124E-1 8.29834E-1 6.53752E-1 6.42893E-1 7.64087E-1 7.61267E-1 7.81755E-1 6.51404E-1 6.70773E-1 7.80069E-1 9.85708E-1 9.99305E-1 9.82157E-1 9.97182E-1 9.8831E-1 9.79761E-1 9.9978E-1 9.99995E-1 9.99998E-1 1E0 1E0 1E0 1E0 1E0 9.99997E-1 9.99963E-1 9.99248E-1 9.97478E-1 9.99941E-1 9.99879E-1 1E0
-9999 -9999 -9999 -9999 -9999 -9999 -9999 -9999 -9999 -9999 -9999 -9999 -9999 -9999 -9999 -9999 -9999 -9999 -9999 -9999 -9999 -9999 -9999 -9999 -9999 -9999 -9999 9.9071E-1 9.99474E-1 9.9838E-1 9.97691E-1 9.78167E-1 9.77155E-1 9.8964E-1 7.85047E-1 5.52299E-1 7.63777E-1 8.74721E-1 9.38169E-1 9.0932E-1 9.52362E-1 9.53827E-1 9.60312E-1 9.07012E-1 8.29091E-1 8.78793E-1 9.06449E-1 9.99909E-1 9.99862E-1 9.99195E-1 9.77546E-1 9.98507E-1 9.71806E-1 9.99407E-1 9.99982E-1 9.99982E-1 1E0 1E0 1E0 1E0 1E0 9.99943E-1 9.99989E-1 9.9994E-1 9.97206E-1 9.99987E-1 9.99938E-1 9.99986E-1
-9999 -9999 -9999 -9999 -9999 -9999 -9999 -9999 -9999 -9999 -9999 -9999 -9999 -9999 -9999 -9999 -9999 -9999 -9999 -9999 -9999 -9999 -9999 -9999 -9999 7.82494E-1 6.6411E-1 9.39521E-1 9.50736E-1 9.71078E-1 9.48807E-1 8.84326E-1 6.49995E-1 5.71409E-1 5.83842E-1 6.29515E-1 8.29337E-1 8.56072E-1 9.79495E-1 9.67581E-1 9.6504E-1 9.99763E-1 9.98982E-1 9.92295E-1 9.26317E-1 9.64319E-1 9.92855E-1 9.22542E-1 9.99397E-1 9.99753E-1 9.99736E-1 9.99881E-1 9.919E-1 9.99946E-1 9.99993E-1 9.99881E-1 9.99942E-1 9.99999E-1 1E0 1E0 1E0 9.9998E-1 9.99929E-1 9.99999E-1 9.99995E-1 9.99998E-1 9.9994E-1 9.99673E-1
-9999 -9999 -9999 -9999 -9999 -9999 -9999 -9999 -9999 -9999 -9999 -9999 -9999 -9999 -9999 -9999 -9999 1.00645E-1 9.59201E-2 2.14579E-1 3.68458E-1 6.38561E-1 7.34593E-1 7.81113E-1 7.64708E-1 5.37021E-1 5.16006E-1 8.74377E-1 8.78771E-1 9.98716E-1 9.86072E-1 8.35886E-1 6.92195E-1 4.35623E-1 1.88729E-1 4.4844E-1 6.70632E-1 7.88098E-1 9.72496E-1 9.89647E-1 9.8313E-1 9.98273E-1 9.99919E-1 9.97278E-1 9.97266E-1 9.97537E-1 9.74911E-1 8.84618E-1 9.76256E-1 1E0 9.99986E-1 9.99977E-1 9.99995E-1 9.99993E-1 9.99998E-1 9.99997E-1 9.99998E-1 9.99887E-1 1E0 1E0 1E0 9.9984E-1 9.99999E-1 9.99346E-1 9.99716E-1 9.99886E-1 9.99994E-1 9.99281E-1
-9999 -9999 -9999 -9999 -9999 -9999 -9999 -9999 -9999 -9999 -9999 -9999 -9999 -9999 -9999 -9999 1.23092E-1 8.18055E-2 1.11002E-1 2.0738E-1 7.01689E-1 9.06146E-1 9.53806E-1 8.07434E-1 8.6949E-1 7.38099E-1 6.60661E-1 4.73351E-1 7.96304E-1 8.45532E-1 9.96131E-1 9.55442E-1 6.0522E-1 4.52252E-1 3.12947E-1 4.43008E-1 3.76004E-1 5.84524E-1 8.83576E-1 9.67334E-1 9.92693E-1 9.99649E-1 9.99998E-1 9.99929E-1 9.99998E-1 9.99999E-1 9.99903E-1 9.8034E-1 9.16234E-1 9.98655E-1 9.99892E-1 9.99988E-1 9.99987E-1 9.99929E-1 9.99828E-1 9.99999E-1 9.99994E-1 9.99997E-1 9.99999E-1 9.99997E-1 1E0 9.9997E-1 9.99995E-1 9.99748E-1 9.99935E-1 9.99663E-1 1E0 1E0
-9999 -9999 -9999 -9999 -9999 -9999 -9999 -9999 -9999 -9999 -9999 -9999 -9999 -9999 -9999 -9999 2.10287E-1 3.20933E-1 3.06819E-1 5.04024E-1 6.54687E-1 9.55354E-1 9.91295E-1 9.60142E-1 9.19964E-1 9.12035E-1 8.66935E-1 7.82109E-1 4.86751E-1 4.72853E-1 5.49229E-1 4.59765E-1 3.09231E-1 2.98435E-1 5.37606E-1 8.42352E-1 5.96248E-1 5.65449E-1 5.83295E-1 9.87562E-1 9.98295E-1 9.96854E-1 9.99473E-1 9.99125E-1 9.99874E-1 9.99986E-1 1E0 9.99994E-1 9.97369E-1 9.99936E-1 9.99848E-1 9.97744E-1 9.98917E-1 9.99854E-1 9.99911E-1 9.99997E-1 9.99993E-1 9.99995E-1 9.99986E-1 9.99403E-1 1E0 9.99987E-1 9.99999E-1 9.99779E-1 9.99882E-1 9.9952E-1 9.99983E-1 1E0
-9999 -9999 -9999 -9999 -9999 1.13745E-1 1.43254E-1 9.67291E-2 -9999 -9999 -9999 -9999 -9999 -9999 -9999 2.54765E-1 5.03103E-1 5.7131E-1 6.34328E-1 7.36185E-1 8.35804E-1 9.80551E-1 9.47208E-1 7.65911E-1 5.89344E-1 5.46472E-1 5.1944E-1 8.97188E-1 3.58774E-1 1.99943E-1 2.19307E-1 1.42883E-1 1.55517E-1 2.22409E-1 5.04923E-1 9.7962E-1 9.29505E-1 7.64536E-1 9.22592E-1 9.70325E-1 9.90444E-1 9.99038E-1 9.98238E-1 9.84682E-1 9.60495E-1 9.96589E-1 9.99998E-1 1E0 9.99959E-1 9.99994E-1 9.99999E-1 9.99636E-1 9.99045E-1 9.99934E-1 9.9998E-1 9.99788E-1 9.99989E-1 9.9998E-1 9.99999E-1 9.99999E-1 9.99996E-1 9.99377E-1 9.99954E-1 9.98845E-1 9.99964E-1 9.99998E-1 9.99999E-1 1E0
-9999 -9999 -9999 2.05456E-1 1.12457E-1 1.47978E-1 1.18367E-1 1.44144E-1 1.05399E-1 -9999 -9999 -9999 -9999 -9999 -9999 2.02199E-1 4.92331E-1 4.2284E-1 5.55104E-1 9.21358E-1 9.128E-1 9.22261E-1 8.87999E-1 6.11942E-1 6.81379E-1 2.79845E-1 4.30591E-1 6.82967E-1 4.24045E-1 2.12317E-1 9.14187E-2 9.20504E-2 2.07516E-1 2.84202E-1 4.01028E-1 8.80765E-1 9.77471E-1 9.40048E-1 9.20807E-1 9.87462E-1 9.84705E-1 9.86377E-1 9.9789E-1 9.97029E-1 9.34982E-1 9.99134E-1 9.9995E-1 1E0 1E0 1E0 1E0 1E0 9.98611E-1 9.98829E-1 9.99963E-1 9.98048E-1 9.96915E-1 9.98541E-1 9.99971E-1 9.98495E-1 9.9997E-1 9.99983E-1 9.99972E-1 9.99991E-1 9.99011E-1 9.973E-1 9.9984E-1 1E0
-9999 -9999 9.13461E-2 1.37674E-1 2.48333E-1 2.06712E-1 1.11807E-1 2.36645E-1 1.88329E-1 1.46105E-1 -9999 -9999 -9999 1.44669E-1 1.26435E-1 5.4575E-1 7.17867E-1 4.11446E-1 6.96941E-1 9.18294E-1 9.43898E-1 7.83192E-1 8.48275E-1 5.05337E-1 4.57633E-1 9.89946E-2 1.36601E-1 6.32272E-1 4.10366E-1 1.64738E-1 1.2056E-1 5.31375E-2 1.76811E-1 1.56316E-1 1.39511E-1 8.10345E-1 9.60055E-1 9.61738E-1 9.92353E-1 9.98157E-1 9.98727E-1 9.99253E-1 9.98834E-1 9.98571E-1 9.97595E-1 9.99783E-1 9.99929E-1 9.99993E-1 9.99987E-1 9.99982E-1 9.99971E-1 9.99991E-1 9.9968E-1 9.9952E-1 9.98563E-1 9.99247E-1 9.99686E-1 9.99733E-1 1E0 1E0 9.99996E-1 9.99988E-1 9.99969E-1 9.99917E-1 9.99991E-1 9.99999E-1 1E0 9.99998E-1
1.72618E-1 1.37441E-1 7.09522E-2 1.71448E-1 3.23989E-1 2.37847E-1 8.37849E-2 5.82578E-2 8.72434E-2 2.41257E-1 3.09747E-1 4.0497E-1 3.5857E-1 2.49962E-1 5.32448E-1 8.37309E-1 5.65327E-1 7.18955E-1 9.44319E-1 9.90924E-1 9.89181E-1 7.81214E-1 9.33148E-1 9.01348E-1 7.44182E-1 2.09432E-1 1.68734E-1 7.33474E-1 4.38788E-1 1.44276E-1 1.26124E-1 6.4128E-2 1.37885E-1 1.88823E-1 1.36661E-1 7.82469E-1 9.83724E-1 9.79584E-1 9.95737E-1 9.97147E-1 9.99985E-1 9.961E-1 1E0 9.99998E-1 9.99931E-1 9.9998E-1 9.99999E-1 9.99995E-1 9.9994E-1 9.9838E-1 9.97976E-1 9.99429E-1 9.99967E-1 9.99968E-1 9.99713E-1 9.99955E-1 9.99551E-1 9.99975E-1 9.99985E-1 9.99986E-1 9.99976E-1 1E0 9.99441E-1 9.99885E-1 9.9998E-1 1E0 9.99994E-1 9.99982E-1
1.56715E-1 3.31394E-1 3.71131E-1 1.81875E-1 1.43867E-1 2.05476E-1 2.19506E-1 2.00233E-1 1.48681E-1 5.26134E-1 3.65395E-1 8.98499E-1 6.43039E-1 7.68287E-1 9.29629E-1 7.31772E-1 3.26269E-1 4.58745E-1 7.37146E-1 8.45243E-1 8.9999E-1 9.65519E-1 9.06941E-1 7.05666E-1 4.27267E-1 4.76059E-1 2.36547E-1 1.80359E-1 5.95276E-1 8.44584E-2 9.64361E-2 9.71822E-2 1.01156E-1 3.00931E-1 5.50195E-1 8.28454E-1 9.99874E-1 9.9889E-1 9.97637E-1 9.98359E-1 9.9983E-1 9.91214E-1 9.99963E-1 1E0 1E0 1E0 9.99897E-1 9.99997E-1 9.99521E-1 9.93024E-1 9.97993E-1 9.99959E-1 9.97884E-1 9.82221E-1 9.98429E-1 9.99721E-1 9.99943E-1 9.99957E-1 9.99867E-1 9.99942E-1 9.99973E-1 9.99987E-1 9.98901E-1 9.99981E-1 9.99936E-1 1E0 1E0 1E0
4.36128E-1 4.14807E-1 1.94723E-1 1.36067E-1 1.87912E-1 3.71038E-1 3.76512E-1 2.80571E-1 5.62522E-1 5.32562E-1 7.61552E-1 8.7977E-1 9.59075E-1 9.32292E-1 8.55075E-1 7.75431E-1 3.18351E-1 8.24932E-2 7.32899E-2 2.61853E-1 7.467E-1 9.7791E-1 8.72648E-1 8.40068E-1 3.47275E-1 6.50662E-1 3.45255E-1 3.07145E-1 2.62254E-1 2.16766E-1 7.55698E-2 2.97663E-2 5.2752E-2 2.59351E-2 6.87638E-2 4.25955E-1 9.96176E-1 9.96876E-1 9.97687E-1 9.98153E-1 9.99283E-1 9.98749E-1 9.99982E-1 9.99421E-1 9.99582E-1 9.99947E-1 9.97077E-1 9.93391E-1 9.97841E-1 9.9222E-1 9.97599E-1 9.99933E-1 9.81862E-1 9.7777E-1 9.97158E-1 9.99995E-1 9.9987E-1 9.99915E-1 9.99949E-1 9.99427E-1 9.99941E-1 9.9998E-1 9.93701E-1 9.92328E-1 1E0 1E0 1E0 9.99956E-1
3.99154E-1 7.32771E-1 3.46633E-1 1.47536E-1 2.21349E-1 4.74085E-1 6.58791E-1 4.45733E-1 5.15037E-1 6.08031E-1 7.20825E-1 6.32286E-1 9.28981E-1 9.34202E-1 8.47353E-1 5.64056E-1 8.53617E-2 2.65461E-2 4.36721E-2 1.25375E-1 7.1566E-1 9.64907E-1 8.45819E-1 7.64101E-1 5.6991E-1 6.66531E-1 4.7981E-1 3.30787E-1 4.58994E-1 2.64693E-1 1.10602E-1 2.24709E-2 2.47962E-2 2.88666E-2 9.55064E-2 9.14111E-1 9.98431E-1 9.98242E-1 9.99948E-1 9.99448E-1 9.98414E-1 9.80159E-1 9.88935E-1 9.97227E-1 9.99737E-1 9.96987E-1 9.9895E-1 9.73822E-1 9.989E-1 9.99955E-1 9.95043E-1 9.95001E-1 9.92799E-1 9.91104E-1 9.93574E-1 9.99791E-1 9.97852E-1 9.98732E-1 9.9978E-1 9.99814E-1 9.99999E-1 9.9999E-1 9.9962E-1 9.99766E-1 9.99922E-1 9.99997E-1 9.99997E-1 1E0
4.03042E-1 7.5543E-1 5.76286E-1 1.04065E-1 2.90011E-1 4.1007E-1 4.38792E-1 7.8766E-1 6.96245E-1 8.54286E-1 7.31088E-1 8.08774E-1 9.63046E-1 9.62041E-1 9.20544E-1 4.67302E-1 5.9099E-2 3.70097E-2 2.32362E-2 6.22811E-2 6.36004E-1 9.37706E-1 7.9623E-1 5.81306E-1 7.60575E-1 8.59863E-1 9.50625E-1 7.78357E-1 6.14083E-1 4.34773E-1 3.16073E-1 2.46234E-2 3.67373E-2 2.4909E-2 1.26324E-1 9.95867E-1 9.99975E-1 9.981E-1 9.94457E-1 9.9181E-1 9.83861E-1 9.96529E-1 9.48943E-1 9.85231E-1 9.99629E-1 9.76925E-1 9.87279E-1 9.71281E-1 9.98342E-1 9.99927E-1 9.97501E-1 9.98358E-1 9.98921E-1 9.98843E-1 9.99229E-1 9.99932E-1 9.99166E-1 9.97371E-1 9.9782E-1 9.99975E-1 9.99999E-1 1E0 1E0 9.99961E-1 9.99171E-1 9.99999E-1 9.99982E-1 1E0
5.76921E-1 7.21233E-1 5.82312E-1 3.6752E-1 3.55141E-1 6.70825E-1 6.27723E-1 8.25731E-1 8.0686E-1 8.55373E-1 6.36145E-1 7.96357E-1 9.53264E-1 9.31027E-1 9.02876E-1 2.18649E-1 1.29857E-1 1.94156E-2 1.1365E-1 2.36012E-1 6.83964E-1 9.87047E-1 8.08647E-1 7.13899E-1 8.26759E-1 8.98608E-1 9.90901E-1 7.9639E-1 6.34841E-1 4.239E-1 3.30167E-1 1.22035E-1 4.81211E-2 4.65031E-2 2.83965E-1 9.96419E-1 9.96467E-1 9.85702E-1 9.9208E-1 9.93884E-1 9.62125E-1 9.69385E-1 9.56358E-1 9.5502E-1 9.77756E-1 9.91799E-1 9.94042E-1 9.81837E-1 9.68387E-1 9.9979E-1 9.99986E-1 9.99999E-1 1E0 9.99872E-1 9.99251E-1 9.99977E-1 9.99781E-1 9.98262E-1 9.99249E-1 9.99826E-1 9.99999E-1 9.9999E-1 9.99379E-1 9.99196E-1 9.99933E-1 1E0 1E0 1E0
6.93864E-1 6.39823E-1 6.01292E-1 3.13396E-1 4.60728E-1 9.32473E-1 9.15534E-1 7.57551E-1 9.60256E-1 9.59399E-1 9.63564E-1 9.61003E-1 9.59633E-1 9.3862E-1 9.34367E-1 4.8483E-1 9.8228E-2 1.64397E-1 4.08743E-1 7.04239E-1 9.89055E-1 9.93363E-1 8.72197E-1 8.13995E-1 7.61815E-1 8.91729E-1 7.663E-1 2.86098E-1 2.77642E-1 3.3631E-1 3.24873E-1 3.01761E-1 4.13011E-1 2.75674E-1 6.55089E-1 9.88651E-1 9.89801E-1 9.81542E-1 9.58036E-1 9.80588E-1 8.96558E-1 8.78109E-1 9.71888E-1 9.34105E-1 9.18505E-1 9.92979E-1 9.99024E-1 9.97678E-1 9.96248E-1 9.98321E-1 9.99866E-1 9.99751E-1 9.99998E-1 9.9993E-1 9.99969E-1 9.99905E-1 9.99892E-1 9.98894E-1 9.99634E-1 9.96642E-1 9.9998E-1 9.99788E-1 9.99443E-1 9.99487E-1 1E0 9.99965E-1 1E0 1E0
9.70754E-1 8.34581E-1 5.79842E-1 5.86808E-1 8.99755E-1 9.3549E-1 9.7929E-1 9.44228E-1 9.97029E-1 9.90391E-1 9.99512E-1 9.8426E-1 9.78766E-1 9.48684E-1 9.00991E-1 7.21472E-1 1.12314E-1 1.70895E-1 8.22205E-1 9.36964E-1 9.62917E-1 8.89283E-1 8.14036E-1 7.99585E-1 3.70119E-1 3.5223E-1 3.58484E-1 3.37197E-1 1.08877E-1 1.2038E-1 1.32471E-1 8.64657E-2 8.27361E-2 4.33638E-1 7.57536E-1 9.81257E-1 9.70992E-1 9.22984E-1 9.33153E-1 8.94011E-1 9.77381E-1 9.81478E-1 9.95294E-1 9.92235E-1 9.82429E-1 9.94098E-1 9.98102E-1 9.99646E-1 9.97932E-1 9.98601E-1 9.99405E-1 9.99746E-1 9.99742E-1 9.99112E-1 9.98654E-1 9.99817E-1 9.99258E-1 9.98303E-1 9.99505E-1 9.99999E-1 9.99984E-1 9.99914E-1 9.96259E-1 9.96421E-1 9.99993E-1 1E0 9.99999E-1 1E0
9.95641E-1 8.64513E-1 8.04331E-1 7.34621E-1 8.28986E-1 9.70068E-1 9.20789E-1 8.56521E-1 9.79828E-1 7.2417E-1 9.97865E-1 9.96774E-1 9.8533E-1 7.67456E-1 9.73168E-1 9.47467E-1 2.18985E-1 3.19479E-1 5.87925E-1 8.49152E-1 8.0461E-1 9.42916E-1 7.42847E-1 3.35569E-1 2.59108E-1 2.50752E-1 2.44253E-1 1.8057E-1 8.93677E-2 1.34387E-1 2.01057E-1 3.2547E-2 4.03273E-2 1.7429E-1 9.17478E-1 9.61602E-1 7.73459E-1 9.72778E-1 9.85819E-1 9.96357E-1 9.75375E-1 9.68672E-1 9.98889E-1 9.99936E-1 9.99812E-1 9.99979E-1 9.998E-1 1E0 9.99983E-1 9.99628E-1 9.99998E-1 9.99891E-1 9.99905E-1 9.9836E-1 9.99341E-1 9.97768E-1 9.96422E-1 9.99844E-1 9.98797E-1 1E0 9.99998E-1 9.99999E-1 9.99981E-1 9.99995E-1 9.99997E-1 9.99112E-1 9.99998E-1 9.99917E-1
9.72477E-1 7.64284E-1 4.85079E-1 6.92843E-1 9.36658E-1 9.85539E-1 9.83512E-1 9.80753E-1 9.84699E-1 9.30433E-1 9.98731E-1 9.9973E-1 9.97429E-1 9.96431E-1 9.91994E-1 9.98062E-1 7.07326E-1 5.58124E-1 7.10364E-1 7.81592E-1 8.53514E-1 7.64688E-1 5.49708E-1 3.08619E-1 3.05653E-1 2.2231E-1 1.18616E-1 1.22112E-1 6.04289E-2 9.36782E-2 1.43116E-1 8.40009E-2 1.83502E-1 2.46573E-1 1.69044E-1 3.32838E-1 7.11713E-1 6.31745E-1 9.60338E-1 9.9673E-1 9.98276E-1 9.90384E-1 9.99694E-1 9.99999E-1 9.99883E-1 9.99999E-1 1E0 1E0 9.99984E-1 9.98461E-1 9.99955E-1 9.99185E-1 9.98742E-1 9.98907E-1 9.99325E-1 9.90056E-1 9.91237E-1 9.98013E-1 9.98037E-1 9.92568E-1 9.99916E-1 1E0 9.9999E-1 9.99999E-1 9.99862E-1 9.99517E-1 1E0 9.99999E-1
9.17373E-1 9.85943E-1 9.04238E-1 8.82989E-1 9.76647E-1 9.4949E-1 9.98988E-1 9.97644E-1 9.93939E-1 9.3885E-1 9.90505E-1 9.99244E-1 9.99936E-1 9.93478E-1 9.94118E-1 9.62873E-1 5.60295E-1 3.6146E-1 8.0198E-1 7.83336E-1 7.52716E-1 6.08042E-1 6.96753E-1 4.87026E-1 6.70997E-1 3.4192E-1 2.83011E-1 2.86363E-1 1.21472E-1 3.89862E-2 6.1302E-2 7.18497E-2 2.03068E-1 1.86347E-1 7.55144E-2 9.82562E-2 3.7875E-1 5.16875E-1 8.41971E-1 9.4147E-1 9.99834E-1 9.99853E-1 9.99963E-1 9.99772E-1 9.99402E-1 9.99802E-1 9.99998E-1 9.99988E-1 9.99977E-1 9.99994E-1 9.99702E-1 9.95742E-1 9.92542E-1 9.99889E-1 9.99696E-1 9.95337E-1 9.96177E-1 9.88795E-1 9.93798E-1 9.96826E-1 9.99696E-1 9.99989E-1 9.99904E-1 9.99984E-1 9.99981E-1 9.99988E-1 1E0 1E0
9.6911E-1 9.47762E-1 9.0516E-1 8.90334E-1 9.97219E-1 9.98154E-1 9.7993E-1 9.9021E-1 9.85794E-1 9.61122E-1 9.70341E-1 9.97549E-1 9.9943E-1 9.99245E-1 9.85201E-1 7.01595E-1 6.40212E-1 4.85207E-1 9.20038E-1 8.13859E-1 7.70576E-1 5.78668E-1 4.90601E-1 5.20257E-1 5.8113E-1 4.426E-1 3.91619E-1 2.20722E-1 1.26126E-1 7.0067E-2 7.11857E-2 1.22802E-1 1.19591E-1 9.91585E-2 8.63496E-2 1.90564E-1 6.28053E-1 6.8807E-1 7.07336E-1 9.37561E-1 9.98244E-1 9.99984E-1 9.98927E-1 9.99581E-1 9.99911E-1 9.99897E-1 1E0 1E0 9.99983E-1 9.99995E-1 9.99729E-1 9.7774E-1 9.93961E-1 9.98138E-1 9.99834E-1 9.9845E-1 9.68118E-1 9.93169E-1 9.76256E-1 9.74891E-1 9.99952E-1 9.99999E-1 9.99998E-1 9.99995E-1 9.99989E-1 1E0 1E0 1E0
-9999 -9999 -9999 8.71494E-1 9.65162E-1 9.8757E-1 9.66252E-1 9.89765E-1 9.54256E-1 9.55447E-1 9.81414E-1 9.95993E-1 9.99359E-1 9.99963E-1 9.99995E-1 9.82735E-1 7.50493E-1 7.7946E-1 8.78157E-1 9.04755E-1 6.63923E-1 5.20475E-1 8.32861E-1 8.848E-1 8.47703E-1 5.27981E-1 3.82737E-1 1.476E-1 2.00618E-1 2.07854E-1 1.5982E-1 9.02962E-2 3.55767E-2 4.33763E-2 5.18198E-2 6.53836E-1 9.79278E-1 9.97896E-1 9.62463E-1 9.30839E-1 9.98639E-1 9.99613E-1 9.8544E-1 9.98763E-1 9.99233E-1 9.99631E-1 9.99998E-1 9.99961E-1 9.99995E-1 9.99999E-1 9.99984E-1 9.98361E-1 9.98887E-1 9.99719E-1 9.99949E-1 9.99777E-1 9.89805E-1 9.75728E-1 9.82563E-1 9.98697E-1 9.99959E-1 9.99986E-1 9.99996E-1 9.99562E-1 9.93347E-1 9.9972E-1 9.99999E-1 1E0
-9999 -9999 -9999 -9999 7.41442E-1 9.34896E-1 9.76594E-1 9.81398E-1 9.91465E-1 9.96444E-1 9.55127E-1 9.39594E-1 8.49779E-1 8.5567E-1 8.75267E-1 9.58908E-1 7.29735E-1 2.31533E-1 3.64118E-1 8.21236E-1 6.42065E-1 4.72372E-1 7.67249E-1 9.01743E-1 8.70792E-1 7.14683E-1 7.40784E-1 4.05846E-1 6.41407E-1 4.28242E-1 5.66679E-1 3.24289E-1 1.24557E-1 1.16435E-1 1.02338E-1 2.13323E-1 9.93017E-1 9.99093E-1 9.81205E-1 9.91359E-1 9.99009E-1 9.99847E-1 9.98215E-1 9.94698E-1 9.99778E-1 9.99985E-1 9.99897E-1 9.97878E-1 9.99999E-1 9.99998E-1 9.9999E-1 9.99943E-1 9.99836E-1 9.99818E-1 9.99618E-1 9.98643E-1 9.99448E-1 9.99814E-1 9.99721E-1 9.99948E-1 9.99949E-1 9.99991E-1 9.99941E-1 9.99817E-1 9.99977E-1 1E0 1E0 1E0
-9999 -9999 -9999 -9999 -9999 5.72994E-1 7.40905E-1 9.5235E-1 9.93435E-1 9.72171E-1 9.23665E-1 9.57195E-1 9.23463E-1 9.8808E-1 9.95878E-1 9.99388E-1 3.27839E-1 1.2506E-1 5.09899E-1 9.57184E-1 7.71932E-1 9.54665E-1 8.28716E-1 7.51649E-1 4.75105E-1 5.44624E-1 5.93599E-1 5.92409E-1 1.62332E-1 9.11897E-2 6.41528E-2 2.12087E-2 4.5419E-2 1.15919E-1 3.49332E-1 2.71903E-1 9.38945E-1 9.99622E-1 9.99909E-1 9.98919E-1 9.98065E-1 9.98233E-1 9.9611E-1 9.92588E-1 9.99438E-1 9.99608E-1 9.98526E-1 9.96191E-1 9.99304E-1 9.99951E-1 9.97642E-1 9.91595E-1 9.73519E-1 9.9997E-1 9.97393E-1 9.99239E-1 9.99122E-1 9.99654E-1 9.57819E-1 9.98271E-1 9.99932E-1 9.99987E-1 9.99472E-1 9.9993E-1 1E0 1E0 1E0 9.99876E-1
-9999 -9999 -9999 -9999 -9999 2.98474E-1 6.77435E-1 6.52904E-1 8.56158E-1 9.05627E-1 8.7889E-1 9.76738E-1 9.98605E-1 9.89187E-1 9.94376E-1 9.31154E-1 5.77013E-1 1.70292E-1 4.31907E-1 7.49492E-1 9.45511E-1 8.10161E-1 3.99753E-1 2.02417E-1 1.8809E-1 2.19763E-1 4.1789E-1 1.65742E-1 1.83562E-2 1.74063E-2 4.41868E-3 1.03856E-2 6.81989E-2 9.19809E-2 8.27081E-2 6.15437E-1 9.63447E-1 9.96883E-1 9.99758E-1 9.98338E-1 9.97813E-1 9.86467E-1 9.52555E-1 9.11533E-1 9.9043E-1 9.4014E-1 9.84719E-1 9.97221E-1 9.97777E-1 9.99491E-1 9.97006E-1 9.70323E-1 9.74848E-1 9.89924E-1 9.97978E-1 9.99705E-1 9.94376E-1 9.96229E-1 9.89497E-1 9.98076E-1 9.99975E-1 1E0 9.99838E-1 9.99978E-1 1E0 1E0 1E0 9.99996E-1
-9999 -9999 -9999 -9999 -9999 4.39247E-1 -9999 -9999 4.04398E-1 4.79716E-1 7.51435E-1 7.9147E-1 9.31365E-1 9.99813E-1 9.46396E-1 5.89462E-1 1.99887E-1 1.16495E-1 2.89269E-1 7.71152E-1 9.37755E-1 7.41744E-1 2.53096E-1 4.08891E-2 3.95423E-2 8.89354E-2 7.32995E-2 6.4787E-2 5.54725E-3 3.88755E-3 5.99924E-3 9.0317E-3 6.31875E-2 2.82936E-1 4.898E-1 8.81782E-1 9.85146E-1 9.879E-1 9.99484E-1 9.95115E-1 9.79247E-1 9.53861E-1 8.93611E-1 9.54749E-1 9.7398E-1 9.90214E-1 9.99231E-1 1E0 9.99999E-1 9.99953E-1 9.97669E-1 9.53513E-1 9.72172E-1 9.80008E-1 9.94781E-1 9.98695E-1 9.93865E-1 9.77709E-1 9.9722E-1 9.90806E-1 9.99973E-1 1E0 9.99995E-1 1E0 1E0 1E0 1E0 1E0
-9999 -9999 -9999 -9999 -9999 1.84355E-1 -9999 -9999 -9999 -9999 3.22605E-1 6.95072E-1 8.10717E-1 9.99931E-1 9.38087E-1 3.07594E-1 9.53423E-2 1.42031E-2 3.58816E-1 9.80777E-1 9.47387E-1 8.74183E-1 2.26344E-1 4.96255E-2 9.07171E-3 2.80585E-2 2.82503E-2 2.14207E-2 2.28467E-3 1.17794E-3 1.53203E-2 9.357E-3 9.54523E-2 4.2592E-1 5.54272E-1 9.19299E-1 9.81222E-1 9.62984E-1 9.99539E-1 9.92383E-1 9.70208E-1 8.65831E-1 8.79604E-1 9.46867E-1 9.9873E-1 9.98843E-1 9.99706E-1 9.99979E-1 1E0 9.99838E-1 9.93671E-1 9.96087E-1 9.60419E-1 9.79909E-1 9.88527E-1 9.98125E-1 9.99453E-1 9.91337E-1 9.9834E-1 9.99351E-1 9.9986E-1 1E0 9.99999E-1 1E0 1E0 1E0 1E0 1E0
-9999 -9999 -9999 -9999 -9999 -9999 -9999 -9999 -9999 6.23289E-1 5.62865E-1 6.28197E-1 8.75172E-1 9.77475E-1 9.30447E-1 7.81148E-1 1.23401E-1 5.39015E-2 3.37153E-1 9.77911E-1 9.86382E-1 9.46832E-1 1.52147E-1 3.94741E-2 2.11236E-2 1.87266E-2 1.19476E-2 7.36185E-3 2.37289E-3 1.25725E-3 2.53011E-3 2.60465E-2 7.22901E-2 5.36303E-1 7.7339E-1 9.93492E-1 9.96937E-1 9.85901E-1 9.79651E-1 9.12939E-1 9.08794E-1 8.07291E-1 8.18063E-1 9.79866E-1 9.85848E-1 9.92323E-1 9.9896E-1 9.99834E-1 9.9998E-1 9.99995E-1 9.92241E-1 9.91561E-1 9.04688E-1 9.87468E-1 9.98343E-1 9.9021E-1 9.99285E-1 9.9998E-1 9.99985E-1 9.99998E-1 9.9998E-1 1E0 1E0 1E0 1E0 1E0 1E0 1E0
-9999 -9999 -9999 -9999 -9999 -9999 -9999 -9999 -9999 -9999 7.41135E-1 5.09507E-1 6.24353E-1 7.10592E-1 2.5512E-1 3.62853E-1 8.80613E-2 1.10435E-1 5.17611E-1 9.00763E-1 9.4593E-1 8.36462E-1 2.51059E-1 1.65204E-2 6.61033E-3 4.83052E-3 9.36963E-3 4.08305E-3 2.08296E-3 1.35377E-3 2.17501E-3 1.79829E-2 2.27023E-2 1.91657E-1 5.41382E-1 9.99638E-1 9.99942E-1 9.9842E-1 9.74719E-1 9.73063E-1 9.35952E-1 9.17742E-1 9.09069E-1 9.77907E-1 9.91483E-1 9.94659E-1 9.96548E-1 9.98082E-1 9.97845E-1 9.95559E-1 9.93045E-1 9.93506E-1 9.82653E-1 9.91013E-1 9.9653E-1 9.99644E-1 9.99353E-1 9.99972E-1 9.99995E-1 9.99985E-1 1E0 1E0 1E0 1E0 1E0 1E0 1E0 1E0
