ENM/Final_Models/M_1_F_qp_Set_1_EC/Gustavia_santanderiensis_2_Choco.asc
ncols         367
nrows         963
xllcorner     -78.6
yllcorner     0.65
cellsize      0.00833333333333323
NODATA_value  -9999
[rows 840 to 869 of 963, columns 67 to 133 of 367]
9.05534E-1 9.03867E-1 8.82648E-1 8.75062E-1 8.83089E-1 8.704E-1 8.2528E-1 6.87825E-1 6.41361E-1 6.26861E-1 3.36891E-1 7.1834E-1 6.34957E-1 6.43826E-1 6.49068E-1 5.08605E-1 3.58828E-1 4.33039E-1 3.27025E-1 2.44045E-1 1.89716E-1 1.53713E-1 9.27633E-2 1.69442E-1 2.69873E-1 3.68543E-1 6.24254E-1 4.56227E-1 6.14503E-1 5.97339E-1 3.81856E-1 3.85406E-1 3.44711E-1 3.8754E-1 3.62811E-1 2.3716E-1 1.61681E-1 1.48381E-1 1.87289E-1 1.53268E-1 1.07437E-1 8.40212E-2 8.53311E-2 8.43456E-2 6.84913E-2 3.95816E-2 1.39634E-2 7.01509E-3 2.82992E-4 3.22381E-5 2.43506E-5 7.56076E-6 1.12193E-5 2.82374E-5 3.67262E-5 5.78407E-4 2.22897E-3 1.12993E-2 5.52556E-3 5.36554E-3 3.1474E-2 4.99534E-2 7.62183E-2 -9999 -9999 -9999 -9999
8.97337E-1 9.003E-1 9.19077E-1 9.04008E-1 8.94291E-1 9.04787E-1 8.21265E-1 7.75247E-1 7.11727E-1 5.12895E-1 4.26403E-1 6.7805E-1 6.70208E-1 5.54923E-1 6.938E-1 5.43989E-1 3.26762E-1 4.5961E-1 3.35479E-1 2.01047E-1 1.61373E-1 1.36968E-1 1.18161E-1 2.11874E-1 4.05381E-1 6.48763E-1 4.81605E-1 7.84341E-1 7.75273E-1 7.09044E-1 3.18355E-1 2.36218E-1 2.78404E-1 3.99974E-1 3.39567E-1 2.73868E-1 2.17919E-1 1.95829E-1 1.83324E-1 1.34833E-1 1.34493E-1 1.27889E-1 1.09393E-1 1.27971E-1 8.56376E-2 5.75866E-2 4.07088E-2 5.78006E-3 1.17708E-3 1.10166E-4 4.99149E-5 1.07003E-5 2.22975E-5 5.87012E-5 2.21724E-4 5.22934E-4 2.02164E-3 1.59471E-3 3.47185E-4 1.1765E-3 6.81356E-3 4.59215E-2 7.47036E-2 1.52656E-1 -9999 -9999 -9999
8.42006E-1 8.30443E-1 8.96044E-1 9.03725E-1 9.01929E-1 8.65629E-1 8.16611E-1 7.52975E-1 7.06808E-1 4.70268E-1 4.06548E-1 5.97184E-1 5.08185E-1 4.50818E-1 6.59352E-1 7.13341E-1 3.87943E-1 2.61924E-1 3.64913E-1 2.25906E-1 1.27203E-1 1.60387E-1 1.90812E-1 2.58472E-1 4.69003E-1 6.73235E-1 3.50327E-1 4.49611E-1 7.34811E-1 7.48667E-1 3.46172E-1 3.29736E-1 3.88711E-1 3.68449E-1 2.58038E-1 2.90895E-1 2.63073E-1 2.15163E-1 1.26713E-1 9.96662E-2 1.04484E-1 6.20928E-2 8.6022E-2 1.0379E-1 3.3127E-2 2.28236E-2 3.8656E-3 1.0095E-3 1.36293E-3 1.3748E-4 5.32337E-5 2.21767E-5 1.91653E-5 3.39578E-5 6.44032E-5 2.31519E-4 2.0458E-3 6.74398E-4 1.21884E-4 5.05315E-4 2.20003E-2 1.11644E-1 6.99044E-2 4.78984E-2 -9999 -9999 -9999
7.13407E-1 6.3141E-1 7.88198E-1 8.84279E-1 8.60135E-1 8.68376E-1 5.82007E-1 4.69743E-1 5.29381E-1 5.09603E-1 4.58867E-1 4.70141E-1 4.81907E-1 4.87345E-1 6.6607E-1 4.91723E-1 5.57164E-1 3.9594E-1 3.75915E-1 3.06726E-1 2.25978E-1 2.1491E-1 2.86069E-1 3.83162E-1 6.58146E-1 5.4372E-1 2.59612E-1 3.03801E-1 4.9842E-1 3.76329E-1 3.20257E-1 4.36975E-1 3.56317E-1 2.67266E-1 2.51227E-1 2.50028E-1 2.26382E-1 1.77911E-1 1.07861E-1 7.42325E-2 5.59658E-2 3.23197E-2 3.15813E-2 6.25481E-2 1.65177E-2 3.62292E-4 1.78607E-4 2.66212E-4 4.5232E-4 4.98925E-4 1.29997E-4 5.30351E-5 2.36196E-5 2.45419E-5 7.47662E-5 2.69023E-4 1.20794E-3 1.37035E-4 1.42941E-4 3.94826E-4 4.80549E-3 1.32938E-2 1.08637E-2 3.454E-2 1.89042E-2 -9999 -9999
7.54027E-1 6.67451E-1 7.46198E-1 8.46839E-1 6.85794E-1 8.11876E-1 4.85981E-1 4.17979E-1 4.58646E-1 5.38811E-1 4.73054E-1 3.1782E-1 3.25341E-1 3.74983E-1 4.67928E-1 5.15183E-1 5.62964E-1 6.51107E-1 2.99762E-1 1.95097E-1 3.27258E-1 4.10736E-1 4.76931E-1 6.82245E-1 5.87057E-1 3.05988E-1 2.81925E-1 2.22199E-1 3.83986E-1 2.97895E-1 3.56569E-1 5.05891E-1 3.18851E-1 2.99775E-1 1.62011E-1 1.86309E-1 2.46966E-1 1.61237E-1 9.41556E-2 3.95104E-2 1.38523E-2 5.98969E-3 3.58791E-3 2.7592E-3 7.08878E-4 9.29611E-5 2.91261E-5 4.69608E-5 8.99448E-5 1.77062E-4 2.79645E-4 8.10323E-5 2.43679E-5 2.4646E-5 5.31656E-5 1.90439E-4 8.70266E-4 5.15175E-5 6.37172E-5 2.665E-5 1.78741E-4 1.19931E-3 1.23971E-3 1.72311E-2 2.43391E-2 4.44329E-2 -9999
8.57981E-1 8.32788E-1 8.49933E-1 8.18279E-1 7.37541E-1 6.64914E-1 6.62373E-1 4.65378E-1 5.13465E-1 3.46562E-1 4.48141E-1 3.72825E-1 3.03256E-1 3.57033E-1 4.26177E-1 3.72408E-1 3.40843E-1 4.3815E-1 3.73429E-1 2.93047E-1 3.72566E-1 5.86537E-1 6.21182E-1 6.79257E-1 4.40241E-1 3.74817E-1 2.8832E-1 2.14036E-1 2.69985E-1 2.32955E-1 2.8948E-1 4.30734E-1 4.00714E-1 2.56422E-1 1.15065E-1 1.63695E-1 1.69929E-1 1.82543E-1 1.30188E-1 7.33581E-2 6.20091E-2 4.41777E-2 2.24027E-2 1.48109E-3 3.568E-4 3.18625E-4 1.41308E-4 8.26747E-5 2.98111E-5 1.34213E-4 4.34207E-5 6.36583E-5 4.41122E-5 1.75862E-5 3.93097E-5 3.56185E-4 3.17675E-4 2.51834E-5 5.70262E-5 2.36261E-5 1.41814E-5 4.7517E-5 1.08538E-4 5.30513E-3 3.81347E-2 4.87105E-2 1.91312E-1
8.1693E-1 8.40588E-1 8.6965E-1 8.8623E-1 7.34302E-1 5.53752E-1 5.47593E-1 4.20918E-1 4.36395E-1 4.16183E-1 5.38541E-1 5.08297E-1 4.62368E-1 5.2239E-1 5.35283E-1 5.331E-1 5.62144E-1 5.4399E-1 7.92385E-1 5.7192E-1 5.08838E-1 6.05919E-1 5.64766E-1 4.19802E-1 3.13785E-1 2.24084E-1 1.73228E-1 1.42734E-1 1.57533E-1 1.52151E-1 2.65647E-1 3.29503E-1 2.98054E-1 1.71785E-1 8.08249E-2 1.15316E-1 1.22015E-1 1.67172E-1 1.43645E-1 1.27359E-1 1.25305E-1 8.42191E-2 6.4656E-2 1.92062E-2 3.0527E-3 5.51507E-4 1.36485E-4 1.00608E-4 3.56119E-5 1.41999E-5 2.58506E-5 2.732E-5 3.27185E-5 2.78103E-5 8.21869E-5 4.13717E-4 2.2607E-4 1.24887E-5 1.82791E-5 1.1959E-5 1.20647E-5 1.0646E-4 6.40852E-4 1.6906E-2 5.47459E-2 8.00438E-2 9.71377E-2
5.20759E-1 7.15737E-1 7.77833E-1 8.14342E-1 8.0385E-1 7.53155E-1 6.04839E-1 5.61366E-1 6.07899E-1 4.44392E-1 4.69868E-1 5.37684E-1 5.29087E-1 5.7762E-1 6.04162E-1 5.72674E-1 4.58497E-1 4.85508E-1 7.23169E-1 7.92212E-1 7.48473E-1 8.59137E-1 7.66138E-1 4.25592E-1 2.46389E-1 1.50948E-1 1.26596E-1 1.57662E-1 1.79489E-1 2.30846E-1 2.41654E-1 2.53899E-1 2.42544E-1 1.81588E-1 1.06021E-1 1.05687E-1 7.58932E-2 9.0982E-2 1.04337E-1 8.85173E-2 4.93426E-2 1.6178E-2 8.33277E-3 1.26547E-2 3.03978E-3 8.63368E-4 8.5737E-4 4.28332E-4 6.3452E-5 2.84255E-5 2.17906E-5 1.69585E-5 1.89218E-5 2.05008E-5 2.7827E-5 6.7846E-5 1.49117E-4 1.93736E-5 1.42032E-5 2.27963E-5 1.15519E-5 2.96202E-5 5.27469E-4 6.5323E-3 7.99993E-2 7.85814E-2 1.6668E-1
5.66495E-1 6.77186E-1 7.09311E-1 7.79261E-1 8.47255E-1 7.7971E-1 6.30394E-1 6.27881E-1 5.43949E-1 3.4634E-1 3.8337E-1 4.62873E-1 4.90614E-1 5.25974E-1 5.01749E-1 4.81569E-1 3.89896E-1 5.11252E-1 5.98388E-1 5.926E-1 7.04589E-1 8.28602E-1 7.20934E-1 6.60154E-1 2.98423E-1 2.03649E-1 2.62828E-1 3.39342E-1 3.66044E-1 3.21356E-1 2.12812E-1 2.17594E-1 1.95895E-1 1.02275E-1 1.31343E-1 1.21707E-1 8.65842E-2 6.60563E-2 5.8416E-2 3.34556E-2 3.37228E-2 6.6529E-3 5.30354E-4 2.45113E-3 4.81371E-3 2.10585E-3 9.99305E-4 8.32947E-4 2.05434E-4 8.39329E-5 2.89051E-5 2.14183E-5 3.0841E-5 1.96832E-5 2.82598E-5 1.24812E-5 3.50463E-5 1.72621E-5 1.94244E-5 4.99057E-5 1.49516E-5 3.32278E-5 3.43464E-4 6.67468E-3 5.39263E-2 9.57412E-2 1.45542E-1
5.9655E-1 7.78437E-1 7.16302E-1 7.1847E-1 7.06409E-1 7.99777E-1 7.77134E-1 6.3604E-1 6.69452E-1 5.09029E-1 3.27468E-1 3.38651E-1 3.57486E-1 2.93251E-1 2.62797E-1 4.02169E-1 4.1501E-1 3.82018E-1 3.96884E-1 5.35636E-1 4.09583E-1 6.01938E-1 7.33883E-1 7.77765E-1 5.48482E-1 4.04487E-1 6.07583E-1 6.20704E-1 5.46076E-1 3.60396E-1 2.48422E-1 1.32352E-1 1.06441E-1 6.67089E-2 7.76875E-2 1.17313E-1 9.76481E-2 6.84237E-2 6.95867E-2 4.59152E-2 1.49777E-2 8.70213E-3 8.38828E-4 2.64397E-4 1.00632E-3 3.28208E-4 3.43137E-4 1.59096E-4 1.0021E-4 8.51035E-5 3.70601E-5 2.08327E-5 3.95977E-5 2.787E-5 2.79948E-5 1.98498E-5 1.7072E-5 2.62508E-5 7.63726E-5 2.67275E-5 1.25249E-5 1.24506E-5 8.89208E-5 1.90801E-3 1.11797E-2 7.63136E-2 1.99522E-1
7.91154E-1 7.38293E-1 7.20142E-1 6.66746E-1 6.15069E-1 6.98189E-1 7.86199E-1 6.65448E-1 6.05407E-1 5.13425E-1 2.88178E-1 4.27277E-1 3.77457E-1 2.07655E-1 2.35607E-1 3.85312E-1 4.46765E-1 3.28461E-1 4.66618E-1 2.63723E-1 2.22237E-1 3.07922E-1 3.95891E-1 5.90857E-1 6.65102E-1 3.5644E-1 2.92959E-1 3.36486E-1 5.48374E-1 2.47237E-1 2.57389E-1 1.39649E-1 8.18634E-2 6.06601E-2 6.8969E-2 1.03281E-1 8.59619E-2 5.22239E-2 5.15142E-2 1.97346E-2 7.17055E-3 2.68242E-3 1.20792E-3 3.39143E-4 1.74532E-4 7.64057E-5 1.66621E-4 5.7661E-5 4.30867E-5 3.59263E-5 2.44107E-5 1.49469E-5 3.232E-5 2.99647E-5 1.55938E-5 2.91475E-5 4.16423E-5 1.31428E-4 1.1556E-4 1.20889E-5 1.3105E-5 1.09771E-5 1.14505E-5 1.77713E-4 3.91281E-3 2.73861E-2 6.27835E-2
3.91453E-1 5.85521E-1 6.58887E-1 5.01655E-1 3.4244E-1 3.41302E-1 5.07103E-1 5.43125E-1 5.25126E-1 3.57836E-1 3.74546E-1 5.22396E-1 4.10375E-1 2.91288E-1 2.49825E-1 3.05829E-1 4.60829E-1 4.30008E-1 2.13763E-1 2.09819E-1 2.13167E-1 2.7444E-1 5.1883E-1 4.00862E-1 3.07986E-1 2.34161E-1 1.97031E-1 1.79314E-1 3.29958E-1 3.7126E-1 2.07228E-1 2.20837E-1 3.3254E-2 2.10622E-2 9.50666E-2 1.17667E-1 1.61389E-1 8.00185E-2 3.73894E-2 1.78351E-2 1.02777E-2 3.82839E-3 1.39283E-3 2.68494E-4 4.58397E-5 1.8404E-5 3.139E-5 1.45928E-5 1.07668E-5 1.81146E-5 1.12974E-5 2.47512E-5 3.66045E-5 4.00488E-5 2.71765E-5 1.18065E-4 1.36153E-4 1.26262E-4 3.28634E-5 6.31804E-6 4.77355E-5 8.30206E-5 2.08514E-5 7.79357E-5 1.19315E-3 9.17528E-3 2.558E-2
3.37494E-1 5.67274E-1 7.03615E-1 7.58423E-1 4.0643E-1 3.7826E-1 4.92345E-1 3.0081E-1 3.75445E-1 3.45368E-1 2.74247E-1 3.73718E-1 2.50882E-1 1.7272E-1 1.87422E-1 2.9713E-1 4.06463E-1 3.97471E-1 2.63335E-1 2.0903E-1 3.25552E-1 4.36441E-1 6.79565E-1 4.64465E-1 3.25507E-1 1.97175E-1 2.30876E-1 2.05469E-1 4.68742E-1 4.26226E-1 3.0658E-1 2.31702E-1 1.04328E-1 2.17757E-2 3.26268E-2 3.00062E-2 3.46306E-2 3.19733E-2 3.98172E-2 1.34338E-2 7.16267E-3 8.02997E-3 2.04043E-3 1.16391E-4 5.08852E-5 5.88643E-5 6.26933E-5 4.57214E-5 2.4143E-5 9.40192E-6 1.11746E-5 1.50214E-5 2.70705E-5 7.74192E-5 1.25892E-4 1.27882E-4 1.19436E-4 8.24521E-5 3.62365E-5 1.28342E-5 6.22569E-6 1.33227E-4 2.58411E-4 1.91311E-4 2.72392E-3 1.8033E-2 6.13941E-2
3.48851E-1 6.11377E-1 6.60412E-1 5.60552E-1 3.34314E-1 3.40773E-1 4.46329E-1 3.93048E-1 4.33393E-1 4.60955E-1 4.01829E-1 2.66525E-1 2.46591E-1 1.4851E-1 1.78979E-1 2.3642E-1 2.91933E-1 3.3142E-1 3.05126E-1 2.49146E-1 4.31055E-1 5.31533E-1 4.86431E-1 4.00006E-1 2.59666E-1 1.75316E-1 2.36401E-1 2.36221E-1 3.85978E-1 4.34396E-1 2.34741E-1 1.37901E-1 9.11115E-2 6.77046E-2 2.8875E-2 1.64202E-2 2.01817E-2 1.44012E-2 1.45845E-2 7.12518E-3 8.7617E-3 5.84973E-3 1.65894E-3 1.17546E-3 4.65701E-4 1.24887E-4 1.0998E-4 6.79115E-5 2.80506E-5 2.07046E-5 1.25846E-5 9.06143E-6 1.9178E-5 4.14742E-5 8.34915E-5 7.65931E-5 4.42057E-5 3.11042E-5 2.54043E-5 1.20842E-5 1.08472E-5 1.8344E-4 1.11284E-3 1.25026E-3 9.0993E-3 4.8982E-2 6.01612E-2
4.05389E-1 6.49258E-1 6.99103E-1 5.249E-1 3.69249E-1 2.80027E-1 3.19526E-1 3.36472E-1 3.13514E-1 4.90131E-1 5.92818E-1 4.15825E-1 4.36651E-1 2.9857E-1 3.0855E-1 1.80928E-1 1.76248E-1 2.01426E-1 3.85918E-1 3.62125E-1 5.43424E-1 5.11337E-1 2.89452E-1 3.68967E-1 5.2932E-1 2.61805E-1 1.93443E-1 2.07878E-1 2.99508E-1 3.50935E-1 2.3816E-1 1.44392E-1 7.83311E-2 7.24611E-2 8.39732E-2 2.24668E-2 3.51537E-3 9.2508E-3 7.94505E-3 6.20857E-3 3.76838E-3 3.73445E-3 1.53682E-3 7.21886E-4 3.51324E-4 2.522E-4 1.12356E-4 1.30595E-4 3.83455E-5 1.5177E-5 1.27259E-5 1.02019E-5 8.16292E-6 1.37285E-5 1.82666E-5 3.5826E-5 1.62211E-5 8.67679E-6 7.94031E-6 1.66404E-5 3.6895E-5 7.76437E-5 4.89292E-4 4.17657E-3 1.61028E-2 3.55015E-2 1.47043E-2
3.09529E-1 3.0042E-1 4.36867E-1 6.79711E-1 4.72768E-1 3.51634E-1 2.75848E-1 4.27024E-1 4.71581E-1 5.06988E-1 5.7966E-1 3.70976E-1 2.93105E-1 4.51882E-1 3.63513E-1 1.64505E-1 1.52923E-1 2.19096E-1 4.1365E-1 4.772E-1 2.42074E-1 1.95456E-1 3.7221E-1 3.55802E-1 3.58505E-1 2.78413E-1 2.9347E-1 1.9631E-1 2.09988E-1 2.57154E-1 2.55583E-1 1.18128E-1 9.28807E-2 1.1715E-1 9.11455E-2 5.36858E-2 1.55325E-2 7.12356E-3 4.1407E-3 2.46918E-3 3.09099E-3 2.36894E-3 9.58583E-4 1.33212E-3 4.1983E-4 1.06127E-4 5.65251E-5 7.4862E-5 5.13106E-5 4.19765E-5 2.71526E-5 1.7005E-5 1.15499E-5 1.10609E-5 1.46191E-5 4.28258E-5 1.35898E-5 9.84937E-6 6.61449E-6 2.92358E-5 1.39226E-4 3.08005E-4 3.62861E-4 1.08478E-3 1.28041E-2 2.61364E-2 3.88647E-3
3.06483E-1 2.8638E-1 4.31765E-1 5.81047E-1 3.68782E-1 1.96928E-1 2.95228E-1 3.04819E-1 3.54517E-1 4.15319E-1 5.8057E-1 4.63862E-1 2.39196E-1 2.81084E-1 2.50841E-1 1.81732E-1 2.39592E-1 3.03778E-1 3.63014E-1 3.75872E-1 2.30503E-1 2.89479E-1 4.10208E-1 2.66675E-1 2.38328E-1 2.61984E-1 1.61187E-1 2.56548E-1 1.68492E-1 1.12856E-1 2.46531E-1 1.97505E-1 1.60888E-1 1.312E-1 1.0725E-1 8.26616E-2 5.80319E-2 4.1072E-2 1.43302E-2 4.40559E-3 1.5129E-3 2.1888E-3 2.39833E-3 6.14278E-4 3.5255E-4 3.12609E-4 3.8781E-4 2.45773E-4 1.69848E-4 3.31807E-4 8.093E-5 4.01056E-5 2.15176E-5 1.01414E-5 2.16145E-5 3.74676E-5 1.8854E-5 9.02945E-6 3.77454E-5 1.16576E-4 1.63723E-4 2.30594E-4 6.68093E-4 3.26447E-3 4.34399E-3 1.63666E-3 7.85776E-4
2.6596E-1 3.57816E-1 5.93631E-1 3.49766E-1 1.43189E-1 1.22366E-1 1.21512E-1 2.72015E-1 4.18474E-1 4.90557E-1 3.97938E-1 5.0525E-1 2.82658E-1 3.18578E-1 2.59544E-1 1.62191E-1 3.04919E-1 3.93321E-1 3.00062E-1 1.55041E-1 1.73738E-1 1.85585E-1 3.69431E-1 3.97578E-1 3.4938E-1 3.59791E-1 2.32896E-1 1.89572E-1 1.53433E-1 1.27485E-1 1.55402E-1 1.53475E-1 1.73528E-1 1.17705E-1 9.74276E-2 1.45103E-1 6.36263E-2 7.5913E-2 3.47444E-2 4.61791E-3 2.56434E-3 7.88048E-3 7.1174E-3 4.03167E-3 2.26196E-3 9.90737E-4 5.32167E-4 5.41814E-4 2.50158E-4 3.16624E-5 2.21676E-5 1.80511E-5 1.60463E-5 1.89133E-5 3.08465E-5 1.72116E-5 8.55059E-6 1.08054E-5 8.34664E-6 1.80454E-5 1.34918E-5 4.98E-5 6.41798E-5 3.05839E-4 2.15815E-3 5.39464E-3 8.32194E-3
3.59618E-1 5.32368E-1 6.28109E-1 6.52813E-1 3.39882E-1 2.10034E-1 1.64759E-1 3.37071E-1 4.70445E-1 5.18526E-1 4.05382E-1 5.15949E-1 3.54042E-1 2.59686E-1 3.62203E-1 2.17244E-1 4.13429E-1 4.35631E-1 3.01513E-1 2.41317E-1 2.65469E-1 2.37765E-1 4.85164E-1 2.25664E-1 3.49244E-1 2.46114E-1 2.74869E-1 2.52443E-1 2.6908E-1 2.54461E-1 1.78455E-1 1.35627E-1 1.05099E-1 1.04036E-1 8.97104E-2 7.87071E-2 9.25349E-2 4.17283E-2 2.63122E-2 1.41286E-2 7.88508E-3 1.25246E-2 8.6515E-3 4.5092E-3 1.10223E-3 4.82408E-4 3.77943E-4 1.34413E-4 2.66958E-4 5.1183E-5 2.30334E-5 1.6809E-5 1.09989E-5 2.26736E-5 3.2535E-5 1.44598E-5 8.53582E-6 8.30901E-6 6.19005E-6 1.45847E-5 2.89127E-5 7.2332E-5 5.61775E-5 8.42548E-4 2.05093E-2 -9999 -9999
3.38632E-1 5.35316E-1 7.08835E-1 5.38677E-1 4.05584E-1 1.88917E-1 2.17272E-1 3.53081E-1 4.55834E-1 4.18664E-1 5.3809E-1 4.06195E-1 2.45224E-1 3.57253E-1 2.74007E-1 2.78579E-1 3.66464E-1 2.6846E-1 2.68356E-1 2.28305E-1 3.50325E-1 3.69877E-1 4.69713E-1 3.00562E-1 2.28528E-1 2.37484E-1 1.71471E-1 1.73559E-1 2.97529E-1 2.46498E-1 1.90927E-1 1.29734E-1 7.59349E-2 7.37517E-2 4.74731E-2 3.3084E-2 6.25971E-2 6.02628E-2 2.34592E-2 2.40119E-2 2.17058E-2 1.01826E-2 8.93995E-3 6.98275E-3 2.65633E-3 5.12283E-4 2.98228E-4 1.84942E-4 4.22703E-5 8.67229E-5 2.99256E-5 1.09967E-5 6.80015E-6 2.59327E-5 5.47599E-5 1.54644E-5 6.5492E-6 5.21391E-6 1.78273E-5 5.69659E-5 9.63688E-5 2.54234E-4 2.83372E-4 6.55058E-3 8.20302E-3 -9999 -9999
2.82647E-1 5.2264E-1 6.05229E-1 4.20993E-1 2.98169E-1 2.08669E-1 2.33282E-1 2.95926E-1 4.3202E-1 3.65216E-1 5.37452E-1 2.6845E-1 1.56709E-1 2.22478E-1 1.84873E-1 2.00348E-1 3.00672E-1 1.92563E-1 3.28132E-1 5.7003E-1 5.19295E-1 3.1339E-1 3.69627E-1 3.25971E-1 3.64888E-1 2.21978E-1 1.47691E-1 1.39921E-1 1.24277E-1 1.25663E-1 9.14326E-2 7.63912E-2 7.08461E-2 4.77863E-2 3.37064E-2 1.76205E-2 3.20963E-2 5.52633E-2 2.78761E-2 2.17376E-2 4.87246E-3 3.25474E-3 5.04286E-3 2.69435E-3 2.9291E-3 4.85861E-4 7.91666E-5 9.67298E-5 5.48188E-5 1.74053E-5 2.0495E-5 9.86042E-6 8.46814E-6 4.45065E-5 4.85328E-5 6.26895E-5 3.33544E-5 1.29476E-5 6.33026E-6 7.46367E-6 1.13317E-4 1.12798E-4 2.59234E-4 2.02142E-3 6.41219E-3 5.89529E-2 1.76789E-1
6.14077E-1 6.89256E-1 6.33154E-1 4.42488E-1 3.47372E-1 2.11797E-1 2.58251E-1 2.7557E-1 1.94792E-1 3.42165E-1 5.02298E-1 3.45404E-1 1.91595E-1 2.52898E-1 1.79246E-1 1.75941E-1 2.61521E-1 1.53914E-1 4.94666E-1 4.93464E-1 3.10236E-1 1.94769E-1 3.10365E-1 2.58598E-1 3.65792E-1 1.96716E-1 2.16831E-1 1.38035E-1 8.16718E-2 6.9761E-2 4.77178E-2 6.40419E-2 5.2179E-2 4.65784E-2 2.3913E-2 1.39529E-2 2.46624E-2 2.99984E-2 3.17004E-2 2.30225E-2 1.5458E-2 1.07081E-2 9.96038E-3 5.18985E-3 2.95893E-3 4.54484E-4 3.3727E-5 1.96285E-5 2.14658E-5 1.45087E-5 9.90192E-6 7.83824E-6 1.04037E-5 1.20555E-5 2.2013E-5 2.56318E-5 3.95432E-5 1.17523E-5 9.68425E-6 8.99876E-6 2.69753E-5 1.67134E-4 6.13279E-4 7.7637E-3 8.26528E-2 1.43705E-1 9.39647E-2
4.75444E-1 6.77126E-1 6.60226E-1 5.62356E-1 3.50962E-1 2.04974E-1 1.75989E-1 1.56447E-1 2.08166E-1 1.74704E-1 2.96474E-1 2.43624E-1 3.03602E-1 2.36968E-1 1.50722E-1 1.14231E-1 1.56508E-1 2.67561E-1 4.20661E-1 4.04822E-1 3.24426E-1 2.92778E-1 2.46333E-1 1.51818E-1 3.02441E-1 1.59453E-1 1.81075E-1 1.47034E-1 1.24436E-1 8.81754E-2 5.13633E-2 4.2649E-2 2.62379E-2 3.93105E-2 3.23461E-2 6.39229E-2 5.21202E-2 2.68082E-2 7.40196E-3 4.61158E-3 9.1161E-3 1.86526E-2 1.35728E-2 4.85068E-3 1.45244E-3 3.81853E-4 6.92585E-5 2.45836E-5 1.0992E-5 6.62894E-6 8.71855E-6 1.59213E-5 1.00741E-5 1.04355E-5 9.6969E-6 8.8678E-6 1.09416E-5 4.31392E-6 4.22327E-5 1.96965E-5 1.08007E-4 4.73602E-4 3.80192E-3 2.34126E-2 9.93163E-2 5.1456E-2 -9999
3.3258E-1 6.16834E-1 6.49785E-1 4.51643E-1 2.82672E-1 1.24222E-1 1.34734E-1 1.7308E-1 2.556E-1 3.53997E-1 3.19635E-1 1.69741E-1 2.2427E-1 1.95917E-1 1.24573E-1 1.48905E-1 2.11533E-1 2.5527E-1 2.13942E-1 2.1955E-1 2.59296E-1 3.25419E-1 3.21331E-1 2.46344E-1 1.66478E-1 1.12759E-1 1.01689E-1 1.01342E-1 2.06856E-1 1.52658E-1 7.51037E-2 3.95738E-2 3.88488E-2 3.58605E-2 1.08739E-1 1.02113E-1 4.23822E-2 1.09385E-2 3.14825E-3 2.30515E-3 3.63861E-3 1.15188E-2 3.86374E-3 2.8425E-3 1.85804E-3 4.48433E-4 1.2642E-4 6.03058E-5 2.27391E-5 6.43467E-6 6.00057E-6 1.01425E-5 1.13688E-5 9.08969E-6 8.49755E-6 7.95209E-6 6.69503E-6 1.53879E-5 4.12958E-5 6.11964E-5 1.95841E-4 5.65074E-4 2.55327E-2 9.98627E-2 1.54392E-1 -9999 -9999
3.45995E-1 6.08023E-1 5.42435E-1 3.30528E-1 2.41429E-1 7.36505E-2 1.38603E-1 2.12336E-1 2.69275E-1 2.68638E-1 2.05555E-1 1.05793E-1 1.86995E-1 1.63555E-1 1.42672E-1 1.78164E-1 2.04846E-1 1.42198E-1 1.74255E-1 1.39556E-1 3.5157E-1 4.18417E-1 3.05251E-1 1.614E-1 2.23026E-1 1.72166E-1 1.52632E-1 2.35226E-1 1.69145E-1 1.72126E-1 8.19723E-2 3.83905E-2 3.44315E-2 5.70121E-2 7.37166E-2 7.17675E-2 3.77948E-2 2.43459E-2 9.03936E-3 2.57969E-3 2.83686E-3 7.34157E-3 1.95658E-3 7.62047E-4 4.96642E-4 2.25653E-4 1.54601E-4 9.72927E-5 3.20251E-5 1.36216E-5 7.00198E-6 6.88494E-6 1.1079E-5 9.3638E-6 1.47207E-5 1.29794E-5 1.23346E-5 4.21019E-5 1.17289E-4 1.7698E-4 5.68177E-4 1.43605E-3 8.99177E-3 1.2683E-1 -9999 -9999 -9999
1.89748E-1 5.75085E-1 3.67724E-1 3.14791E-1 1.88072E-1 1.62073E-1 2.46828E-1 3.34809E-1 2.74017E-1 1.13168E-1 1.0752E-1 1.02212E-1 1.41501E-1 1.38837E-1 7.8152E-2 1.1915E-1 1.75682E-1 1.45874E-1 9.11259E-2 1.54402E-1 2.40574E-1 4.3907E-1 4.44625E-1 3.89496E-1 3.60355E-1 3.46371E-1 2.61277E-1 3.91448E-1 1.81953E-1 1.46182E-1 8.27792E-2 9.75074E-2 3.43733E-2 4.56959E-2 7.56596E-2 5.85276E-2 4.67356E-2 1.74875E-2 2.11026E-3 5.92106E-4 1.22975E-3 3.23198E-3 1.29311E-3 1.47853E-3 5.47651E-4 3.38654E-4 1.86465E-4 6.51917E-5 1.87361E-5 9.58384E-6 5.92876E-6 1.13977E-5 1.41525E-5 8.8841E-6 1.49238E-5 3.42456E-5 1.05747E-4 3.59631E-4 6.12914E-4 5.02233E-4 2.08342E-3 1.80013E-2 5.37131E-2 -9999 -9999 -9999 -9999
4.93594E-1 4.57608E-1 3.8458E-1 2.56524E-1 2.42727E-1 1.94169E-1 1.83993E-1 1.90219E-1 2.59209E-1 1.50917E-1 8.62198E-2 1.26675E-1 1.54032E-1 1.19466E-1 1.12561E-1 1.2861E-1 1.82181E-1 1.62746E-1 1.14129E-1 1.04171E-1 1.53504E-1 4.1238E-1 3.93905E-1 3.09087E-1 3.59087E-1 3.73579E-1 4.24803E-1 3.98818E-1 3.12989E-1 1.60641E-1 8.6301E-2 9.85928E-2 7.1344E-2 6.25035E-2 8.12571E-2 7.53886E-2 4.43866E-2 2.00795E-2 1.21823E-3 4.09013E-4 1.18337E-3 2.04577E-3 2.87222E-3 8.28486E-4 4.76006E-4 4.01516E-4 3.07465E-4 1.4367E-4 2.27656E-5 5.87343E-6 6.29455E-6 1.0127E-5 1.19967E-5 9.75643E-6 1.41053E-5 2.80281E-5 4.30559E-4 4.33434E-3 1.37452E-2 1.34972E-2 1.84988E-2 3.49085E-2 -9999 -9999 -9999 -9999 9.83554E-2
3.35149E-1 4.0471E-1 3.61658E-1 2.88041E-1 3.93356E-1 2.37635E-1 1.58273E-1 1.78778E-1 2.0931E-1 1.48661E-1 6.8208E-2 1.17009E-1 1.30179E-1 7.53004E-2 4.688E-2 9.04655E-2 1.39545E-1 1.307E-1 1.07359E-1 8.96245E-2 1.18122E-1 1.81454E-1 2.64454E-1 3.63527E-1 3.29447E-1 2.85257E-1 3.83893E-1 4.08916E-1 4.72944E-1 2.16075E-1 1.20612E-1 1.69939E-1 1.91602E-1 8.42134E-2 8.02264E-2 5.19418E-2 3.37384E-2 1.37116E-2 5.33709E-4 5.25646E-4 8.60654E-4 5.31961E-4 5.44445E-4 5.08901E-4 5.26264E-4 3.86819E-4 4.83084E-4 8.64702E-5 2.67934E-5 1.05482E-5 6.34665E-6 8.42314E-6 1.50517E-5 2.13585E-5 1.73897E-5 6.74155E-5 2.90427E-4 1.88617E-3 7.95692E-3 6.03515E-2 6.37857E-2 -9999 -9999 -9999 -9999 1.75351E-2 1.64433E-1
1.9382E-1 3.88631E-1 3.67258E-1 3.3844E-1 3.31429E-1 2.25154E-1 1.37052E-1 2.16908E-1 1.68341E-1 1.73278E-1 7.11359E-2 1.06491E-1 1.00743E-1 1.46603E-1 1.03234E-1 7.97732E-2 1.26052E-1 1.34908E-1 9.09518E-2 1.05746E-1 1.59639E-1 1.76862E-1 2.26409E-1 2.6216E-1 4.02143E-1 2.74073E-1 2.65001E-1 4.15786E-1 4.33351E-1 4.22268E-1 1.5067E-1 1.40501E-1 1.78938E-1 1.10343E-1 1.78163E-2 3.40381E-2 5.1199E-2 4.16267E-3 8.84289E-4 4.49221E-4 3.64338E-4 2.74635E-4 2.01051E-4 2.10554E-4 3.66391E-4 2.86761E-4 2.37297E-4 7.69035E-5 2.36545E-5 6.95796E-6 6.88486E-6 7.85773E-6 9.823E-6 3.47076E-5 6.02831E-5 1.6656E-4 1.91717E-3 6.97333E-3 3.13468E-2 4.23057E-2 -9999 -9999 -9999 8.0707E-3 2.91679E-3 5.37613E-2 1.93362E-1
1.72022E-1 2.40252E-1 3.27704E-1 3.48234E-1 2.92992E-1 2.71376E-1 3.11002E-1 2.18558E-1 2.07383E-1 1.3994E-1 7.6365E-2 8.37913E-2 8.03869E-2 8.44908E-2 4.08265E-2 7.01816E-2 8.80536E-2 7.86455E-2 8.3231E-2 7.99561E-2 9.86807E-2 1.23068E-1 8.68436E-2 2.33438E-1 4.29279E-1 3.12401E-1 1.88842E-1 2.64446E-1 3.1085E-1 2.66574E-1 1.94469E-1 1.43097E-1 1.29903E-1 5.47118E-2 2.19445E-2 2.68771E-2 1.5968E-2 4.21884E-3 4.19447E-3 1.26322E-3 4.30105E-4 5.14872E-4 1.21421E-4 9.25895E-5 1.51143E-4 2.12332E-4 4.88824E-5 3.12382E-5 3.44272E-5 7.7783E-6 7.63414E-6 8.92036E-6 9.03457E-6 2.85493E-5 8.69747E-5 5.73521E-4 3.53377E-3 2.0144E-2 4.44342E-2 1.17264E-2 -9999 -9999 8.46335E-4 8.14731E-4 2.3327E-3 7.45964E-2 2.09718E-1
