ENM/Final_Models/M_1_F_qp_Set_1_EC/Gustavia_santanderiensis_6_Choco.asc
ncols         367
nrows         963
xllcorner     -78.6
yllcorner     0.65
cellsize      0.00833333333333323
NODATA_value  -9999
[rows 240 to 269 of 963, columns 136 to 203 of 367]
-9999 -9999 -9999 -9999 -9999 -9999 -9999 -9999 -9999 -9999 -9999 -9999 -9999 -9999 -9999 -9999 9.61658E-1 9.79081E-1 9.96264E-1 9.91603E-1 9.77803E-1 8.71621E-1 8.35192E-1 7.61843E-1 8.19172E-1 7.5323E-1 6.85376E-1 7.88329E-1 8.35761E-1 6.77155E-1 7.5842E-1 9.51815E-1 9.60765E-1 9.37602E-1 9.99234E-1 9.99909E-1 9.99986E-1 9.99974E-1 9.99998E-1 9.99997E-1 9.99996E-1 9.99988E-1 9.99998E-1 9.99999E-1 9.99999E-1 9.99993E-1 9.99999E-1 1E0 1E0 1E0 1E0 1E0 1E0 1E0 1E0 1E0 1E0 1E0 1E0 1E0 1E0 1E0 1E0 1E0 1E0 1E0 1E0 1E0
-9999 -9999 -9999 -9999 -9999 -9999 -9999 -9999 -9999 -9999 -9999 -9999 -9999 -9999 -9999 -9999 9.41668E-1 9.47524E-1 9.92889E-1 9.78306E-1 9.65998E-1 8.72007E-1 9.04431E-1 6.83058E-1 8.61013E-1 8.91103E-1 6.89365E-1 6.87497E-1 8.83294E-1 5.61006E-1 9.16463E-1 9.96927E-1 9.98547E-1 9.97294E-1 9.99557E-1 9.99962E-1 9.9994E-1 9.99999E-1 9.99999E-1 9.99996E-1 9.99938E-1 9.99971E-1 9.99999E-1 1E0 1E0 1E0 1E0 1E0 1E0 1E0 1E0 1E0 1E0 1E0 1E0 1E0 1E0 1E0 1E0 1E0 1E0 1E0 1E0 1E0 1E0 9.99998E-1 1E0 1E0
-9999 -9999 -9999 -9999 -9999 -9999 -9999 -9999 -9999 -9999 -9999 -9999 -9999 -9999 -9999 -9999 9.54935E-1 9.87624E-1 9.84121E-1 9.54241E-1 8.25119E-1 8.24383E-1 7.17054E-1 7.42799E-1 9.31612E-1 9.56144E-1 9.20794E-1 9.17935E-1 9.49691E-1 7.88971E-1 9.6003E-1 9.98962E-1 9.99036E-1 9.99246E-1 9.99579E-1 9.99433E-1 9.99994E-1 9.99998E-1 9.99998E-1 9.99976E-1 9.98914E-1 9.99741E-1 1E0 1E0 1E0 1E0 1E0 1E0 1E0 1E0 1E0 1E0 1E0 1E0 1E0 1E0 1E0 1E0 1E0 1E0 1E0 1E0 1E0 1E0 1E0 1E0 1E0 1E0
-9999 -9999 -9999 -9999 -9999 -9999 -9999 -9999 -9999 -9999 -9999 -9999 -9999 -9999 -9999 -9999 9.68047E-1 9.92888E-1 9.89067E-1 9.66072E-1 9.14586E-1 7.44573E-1 7.74033E-1 7.22575E-1 8.10981E-1 8.94511E-1 9.80546E-1 9.57236E-1 9.72642E-1 9.80083E-1 9.98844E-1 9.98534E-1 9.94785E-1 9.98437E-1 9.99889E-1 9.99541E-1 9.99998E-1 9.99998E-1 9.99995E-1 9.99775E-1 9.99999E-1 1E0 1E0 1E0 1E0 1E0 1E0 1E0 1E0 1E0 1E0 1E0 1E0 1E0 1E0 1E0 1E0 1E0 1E0 1E0 1E0 1E0 1E0 1E0 1E0 1E0 1E0 1E0
-9999 -9999 -9999 -9999 -9999 -9999 -9999 -9999 -9999 -9999 -9999 -9999 -9999 -9999 -9999 -9999 -9999 9.507E-1 9.69165E-1 9.55844E-1 9.63769E-1 6.2845E-1 6.13273E-1 7.4307E-1 8.99139E-1 9.28553E-1 9.48043E-1 9.54049E-1 9.86419E-1 9.9927E-1 9.99579E-1 9.99505E-1 9.99732E-1 9.99951E-1 9.99698E-1 9.99912E-1 9.99997E-1 9.99929E-1 9.99817E-1 9.99998E-1 9.99999E-1 1E0 1E0 1E0 1E0 1E0 9.99999E-1 1E0 1E0 1E0 1E0 1E0 1E0 1E0 1E0 1E0 1E0 1E0 1E0 1E0 1E0 1E0 1E0 1E0 1E0 1E0 1E0 1E0
-9999 -9999 -9999 -9999 -9999 -9999 -9999 -9999 -9999 -9999 -9999 -9999 -9999 -9999 -9999 -9999 -9999 9.02527E-1 7.45646E-1 6.97427E-1 5.35697E-1 5.34483E-1 4.4913E-1 7.48343E-1 7.92759E-1 9.01495E-1 8.25674E-1 9.88781E-1 9.95816E-1 9.98702E-1 9.99354E-1 9.99867E-1 9.99959E-1 9.99926E-1 9.99981E-1 9.99988E-1 1E0 9.99972E-1 1E0 9.99997E-1 1E0 1E0 1E0 1E0 1E0 1E0 1E0 1E0 1E0 1E0 1E0 1E0 1E0 1E0 1E0 1E0 1E0 1E0 1E0 1E0 1E0 1E0 1E0 1E0 1E0 1E0 1E0 1E0
-9999 -9999 -9999 -9999 -9999 -9999 -9999 -9999 -9999 -9999 -9999 -9999 -9999 -9999 -9999 -9999 -9999 -9999 6.73688E-1 4.88911E-1 4.14803E-1 4.78861E-1 5.91123E-1 5.52638E-1 5.93926E-1 6.69373E-1 8.91956E-1 9.92922E-1 9.98921E-1 9.97356E-1 9.99791E-1 9.98776E-1 9.99853E-1 9.99957E-1 9.9996E-1 1E0 1E0 1E0 1E0 1E0 1E0 1E0 1E0 1E0 1E0 1E0 1E0 1E0 1E0 1E0 1E0 1E0 1E0 1E0 1E0 1E0 1E0 1E0 1E0 1E0 1E0 1E0 1E0 1E0 1E0 1E0 1E0 1E0
-9999 -9999 -9999 -9999 -9999 -9999 -9999 -9999 -9999 -9999 -9999 -9999 -9999 -9999 -9999 -9999 -9999 -9999 4.40349E-1 3.94937E-1 3.75883E-1 5.56545E-1 4.2985E-1 4.82697E-1 5.06593E-1 5.52441E-1 7.35648E-1 9.94593E-1 9.99315E-1 9.99658E-1 9.99922E-1 9.99361E-1 9.9974E-1 9.99144E-1 9.99991E-1 9.9999E-1 1E0 1E0 1E0 1E0 1E0 1E0 1E0 1E0 1E0 1E0 1E0 1E0 1E0 1E0 1E0 1E0 1E0 1E0 1E0 1E0 1E0 1E0 1E0 1E0 1E0 1E0 1E0 1E0 1E0 1E0 1E0 1E0
-9999 -9999 -9999 -9999 -9999 -9999 -9999 -9999 -9999 -9999 -9999 -9999 -9999 -9999 -9999 -9999 -9999 -9999 2.67387E-1 4.69571E-1 4.94063E-1 6.1717E-1 4.66701E-1 7.67254E-1 5.45741E-1 7.12787E-1 8.51115E-1 9.92506E-1 9.99485E-1 9.99676E-1 9.99893E-1 9.99977E-1 9.9994E-1 9.9964E-1 9.99979E-1 9.99999E-1 1E0 1E0 1E0 1E0 1E0 1E0 1E0 1E0 1E0 1E0 1E0 1E0 1E0 1E0 1E0 1E0 1E0 1E0 1E0 1E0 1E0 1E0 1E0 1E0 1E0 1E0 1E0 1E0 1E0 1E0 1E0 1E0
-9999 -9999 -9999 -9999 -9999 -9999 -9999 -9999 -9999 -9999 -9999 -9999 -9999 -9999 -9999 -9999 -9999 -9999 2.88999E-1 3.92041E-1 4.47515E-1 6.06468E-1 5.19398E-1 5.84353E-1 4.44056E-1 6.52983E-1 8.8941E-1 9.98229E-1 9.95122E-1 9.99913E-1 9.99978E-1 9.99987E-1 9.99963E-1 9.99983E-1 9.99996E-1 1E0 1E0 1E0 1E0 1E0 1E0 1E0 1E0 1E0 1E0 1E0 1E0 1E0 1E0 1E0 1E0 1E0 1E0 1E0 1E0 1E0 1E0 1E0 1E0 1E0 1E0 1E0 1E0 1E0 1E0 1E0 1E0 1E0
-9999 -9999 -9999 -9999 -9999 -9999 -9999 -9999 -9999 -9999 -9999 -9999 -9999 -9999 -9999 -9999 -9999 3.03385E-1 4.1147E-1 3.35291E-1 3.45488E-1 5.85516E-1 5.54462E-1 5.04254E-1 3.63021E-1 9.04835E-1 9.82638E-1 9.99065E-1 9.99021E-1 9.99375E-1 9.99921E-1 9.9988E-1 9.99997E-1 9.99999E-1 1E0 9.99998E-1 9.99999E-1 1E0 1E0 1E0 1E0 1E0 1E0 1E0 1E0 1E0 1E0 1E0 1E0 1E0 1E0 1E0 1E0 1E0 1E0 1E0 1E0 1E0 1E0 1E0 1E0 1E0 1E0 1E0 1E0 1E0 1E0 1E0
-9999 -9999 -9999 -9999 -9999 -9999 -9999 -9999 -9999 -9999 -9999 -9999 -9999 -9999 -9999 -9999 -9999 4.62131E-1 3.56842E-1 3.07864E-1 4.03578E-1 4.42709E-1 6.42922E-1 3.43258E-1 5.79852E-1 9.35194E-1 8.8997E-1 9.92988E-1 9.9577E-1 9.9903E-1 9.99995E-1 9.99999E-1 9.99982E-1 9.99962E-1 1E0 1E0 1E0 1E0 1E0 1E0 1E0 1E0 1E0 1E0 1E0 1E0 1E0 1E0 1E0 1E0 1E0 1E0 1E0 1E0 1E0 1E0 1E0 1E0 1E0 1E0 1E0 1E0 1E0 1E0 1E0 1E0 1E0 1E0
-9999 -9999 -9999 -9999 -9999 -9999 -9999 -9999 -9999 -9999 -9999 -9999 -9999 -9999 -9999 -9999 -9999 2.84965E-1 3.81299E-1 3.51101E-1 4.23807E-1 7.17318E-1 7.56684E-1 7.20753E-1 7.74535E-1 5.91211E-1 9.42515E-1 9.91148E-1 9.88318E-1 9.99268E-1 9.99999E-1 1E0 9.99814E-1 1E0 1E0 9.99995E-1 1E0 1E0 1E0 1E0 1E0 1E0 1E0 1E0 1E0 1E0 1E0 1E0 1E0 1E0 1E0 1E0 1E0 1E0 1E0 1E0 1E0 1E0 1E0 1E0 1E0 1E0 1E0 1E0 1E0 1E0 1E0 1E0
-9999 -9999 -9999 -9999 -9999 -9999 -9999 -9999 -9999 -9999 -9999 -9999 -9999 -9999 -9999 -9999 6.23677E-1 3.45575E-1 2.30501E-1 3.52698E-1 2.50806E-1 5.86671E-1 8.86698E-1 8.91955E-1 7.82007E-1 6.42429E-1 8.99463E-1 9.60564E-1 9.88411E-1 9.80699E-1 9.99224E-1 9.99999E-1 9.99853E-1 1E0 1E0 1E0 1E0 1E0 1E0 1E0 1E0 1E0 1E0 1E0 1E0 1E0 1E0 1E0 1E0 1E0 1E0 1E0 1E0 1E0 1E0 1E0 1E0 1E0 1E0 1E0 1E0 1E0 1E0 1E0 1E0 1E0 1E0 1E0
-9999 -9999 -9999 -9999 -9999 -9999 -9999 -9999 -9999 -9999 -9999 -9999 -9999 -9999 -9999 -9999 -9999 3.27098E-1 3.17834E-1 3.89104E-1 6.59701E-1 6.17118E-1 7.08392E-1 9.82001E-1 7.79519E-1 8.4183E-1 9.4148E-1 9.01896E-1 8.86642E-1 9.98648E-1 9.98452E-1 9.99967E-1 9.99968E-1 1E0 1E0 1E0 1E0 1E0 1E0 1E0 1E0 1E0 1E0 1E0 1E0 1E0 1E0 1E0 1E0 1E0 1E0 1E0 1E0 1E0 1E0 1E0 1E0 1E0 1E0 1E0 1E0 1E0 1E0 1E0 1E0 1E0 1E0 1E0
-9999 -9999 -9999 -9999 -9999 -9999 -9999 -9999 -9999 -9999 -9999 -9999 -9999 -9999 -9999 -9999 -9999 4.47192E-1 3.34986E-1 3.74929E-1 9.45761E-1 9.50594E-1 9.08643E-1 9.8622E-1 9.92909E-1 9.56956E-1 8.78884E-1 8.13486E-1 7.59002E-1 9.81025E-1 9.99983E-1 9.99959E-1 9.99999E-1 9.99999E-1 1E0 1E0 1E0 1E0 1E0 1E0 1E0 9.99999E-1 1E0 1E0 1E0 1E0 1E0 1E0 1E0 1E0 1E0 1E0 1E0 1E0 1E0 1E0 1E0 1E0 1E0 1E0 1E0 1E0 1E0 1E0 1E0 1E0 1E0 1E0
-9999 -9999 -9999 -9999 -9999 -9999 -9999 -9999 -9999 -9999 -9999 -9999 -9999 -9999 -9999 -9999 6.28901E-1 3.90417E-1 4.33883E-1 6.49222E-1 9.03928E-1 7.97083E-1 9.42077E-1 9.58031E-1 8.09193E-1 8.98702E-1 8.95242E-1 8.88917E-1 9.08046E-1 8.19204E-1 9.15632E-1 9.95783E-1 9.79775E-1 9.97466E-1 9.99984E-1 1E0 1E0 1E0 1E0 1E0 9.99999E-1 1E0 1E0 1E0 1E0 1E0 1E0 1E0 1E0 1E0 1E0 1E0 1E0 1E0 1E0 1E0 1E0 1E0 1E0 1E0 1E0 1E0 1E0 1E0 1E0 1E0 1E0 1E0
-9999 -9999 -9999 -9999 -9999 -9999 -9999 -9999 -9999 -9999 -9999 -9999 -9999 -9999 -9999 -9999 5.37783E-1 3.35061E-1 5.88147E-1 7.81391E-1 5.06951E-1 4.92053E-1 8.79407E-1 7.83667E-1 7.31796E-1 9.87962E-1 9.77229E-1 9.56677E-1 9.53059E-1 6.42843E-1 9.96956E-1 8.15911E-1 8.37743E-1 9.23657E-1 9.94219E-1 9.99989E-1 1E0 1E0 1E0 1E0 1E0 1E0 1E0 1E0 1E0 1E0 1E0 1E0 1E0 1E0 1E0 1E0 1E0 1E0 1E0 1E0 1E0 1E0 1E0 1E0 1E0 1E0 1E0 1E0 1E0 1E0 1E0 1E0
-9999 -9999 -9999 -9999 -9999 -9999 -9999 -9999 -9999 -9999 -9999 -9999 -9999 -9999 -9999 -9999 4.26025E-1 1.13215E-1 6.78936E-1 5.58473E-1 4.55125E-1 3.06617E-1 3.72919E-1 7.62552E-1 9.25636E-1 9.62384E-1 9.96575E-1 9.17961E-1 7.24173E-1 5.37774E-1 9.46235E-1 3.65159E-1 4.706E-1 6.84634E-1 9.58958E-1 9.99969E-1 1E0 9.99992E-1 9.99987E-1 9.99998E-1 9.99713E-1 9.99516E-1 1E0 1E0 1E0 1E0 1E0 1E0 1E0 1E0 1E0 1E0 1E0 1E0 1E0 1E0 1E0 1E0 1E0 1E0 1E0 1E0 1E0 1E0 1E0 1E0 1E0 1E0
-9999 -9999 -9999 -9999 -9999 -9999 -9999 -9999 -9999 -9999 -9999 -9999 -9999 -9999 -9999 -9999 4.04193E-1 1.05641E-1 2.8977E-1 2.41586E-1 1.3901E-1 6.49246E-2 1.59399E-1 2.42353E-1 7.17257E-1 9.72326E-1 9.51438E-1 7.24472E-1 4.3422E-1 6.96166E-1 7.43137E-1 5.38855E-1 7.67491E-1 9.26513E-1 9.99986E-1 1E0 9.99915E-1 9.99481E-1 1E0 1E0 1E0 1E0 1E0 1E0 1E0 1E0 1E0 1E0 1E0 1E0 1E0 1E0 1E0 1E0 1E0 1E0 1E0 1E0 1E0 1E0 1E0 1E0 1E0 1E0 1E0 1E0 1E0 1E0
-9999 -9999 -9999 -9999 -9999 -9999 -9999 -9999 -9999 -9999 -9999 -9999 -9999 -9999 -9999 6.72225E-1 3.12642E-1 1.15559E-1 2.08498E-1 1.47654E-1 8.12074E-2 7.96704E-2 2.23813E-1 3.05059E-1 6.02257E-1 7.6137E-1 7.04437E-1 4.58622E-1 4.83123E-1 7.73016E-1 8.1912E-1 9.13552E-1 9.72259E-1 9.98473E-1 1E0 1E0 9.99988E-1 9.99999E-1 1E0 1E0 1E0 1E0 1E0 1E0 1E0 1E0 1E0 1E0 1E0 1E0 1E0 1E0 1E0 1E0 1E0 1E0 1E0 1E0 1E0 1E0 1E0 1E0 1E0 1E0 1E0 1E0 1E0 1E0
-9999 -9999 -9999 -9999 -9999 -9999 -9999 -9999 -9999 -9999 -9999 -9999 -9999 -9999 -9999 5.5633E-1 2.55686E-1 7.06608E-2 6.27904E-2 1.98969E-1 1.30909E-1 1.50869E-1 1.57969E-1 2.13341E-1 4.65064E-1 7.59631E-1 8.12279E-1 7.33413E-1 6.61038E-1 9.91336E-1 9.95492E-1 9.87213E-1 9.99992E-1 9.99952E-1 1E0 1E0 1E0 1E0 1E0 1E0 1E0 1E0 1E0 1E0 1E0 1E0 1E0 1E0 1E0 1E0 1E0 1E0 1E0 1E0 1E0 1E0 1E0 1E0 1E0 1E0 1E0 1E0 1E0 1E0 1E0 1E0 1E0 1E0
-9999 -9999 -9999 -9999 -9999 -9999 -9999 -9999 -9999 -9999 -9999 -9999 -9999 -9999 6.28287E-1 4.25165E-1 1.98057E-1 2.16906E-2 5.30003E-2 1.91565E-1 1.71634E-1 1.37964E-1 1.74985E-1 2.57559E-1 7.37046E-1 9.71692E-1 9.99976E-1 9.99999E-1 9.99987E-1 1E0 9.99614E-1 9.98012E-1 9.88135E-1 9.58574E-1 9.99889E-1 1E0 1E0 1E0 1E0 1E0 1E0 1E0 1E0 1E0 1E0 1E0 1E0 1E0 1E0 1E0 1E0 1E0 1E0 1E0 1E0 1E0 1E0 1E0 1E0 1E0 1E0 1E0 1E0 1E0 1E0 1E0 1E0 1E0
-9999 -9999 -9999 -9999 -9999 -9999 -9999 -9999 -9999 -9999 -9999 -9999 -9999 1.91768E-1 4.17579E-1 2.34518E-1 1.85068E-1 8.63244E-2 1.3059E-1 2.32549E-1 5.01726E-2 2.99891E-2 6.71523E-2 5.17551E-1 8.87595E-1 9.96374E-1 9.99933E-1 9.9941E-1 9.9529E-1 9.99804E-1 9.54276E-1 5.43079E-1 2.36467E-1 7.17795E-1 9.92049E-1 9.99925E-1 1E0 9.99999E-1 1E0 1E0 1E0 1E0 1E0 1E0 1E0 1E0 1E0 1E0 1E0 1E0 1E0 1E0 1E0 1E0 1E0 1E0 1E0 1E0 1E0 1E0 1E0 1E0 1E0 1E0 1E0 1E0 1E0 1E0
-9999 -9999 -9999 -9999 -9999 -9999 -9999 -9999 -9999 -9999 -9999 -9999 -9999 -9999 4.23734E-1 1.56194E-1 9.57284E-2 2.22012E-1 3.17487E-1 1.59538E-1 2.85984E-1 3.16073E-1 2.99932E-1 5.1833E-1 6.44369E-1 9.3158E-1 6.34884E-1 6.94196E-1 7.24413E-1 7.83336E-1 8.27903E-1 2.99844E-1 1.78664E-1 1.79415E-1 8.77237E-1 9.98625E-1 9.99999E-1 1E0 1E0 1E0 1E0 1E0 1E0 1E0 1E0 1E0 1E0 1E0 1E0 1E0 1E0 1E0 1E0 1E0 1E0 1E0 1E0 1E0 1E0 1E0 1E0 1E0 1E0 1E0 1E0 1E0 1E0 1E0
-9999 -9999 -9999 -9999 -9999 -9999 -9999 -9999 -9999 -9999 -9999 -9999 -9999 -9999 4.25009E-1 3.84351E-1 2.45002E-1 2.46608E-1 3.78559E-1 1.43028E-1 1.20437E-1 2.54407E-1 6.53887E-1 6.01504E-1 8.44521E-1 3.82455E-1 1.79685E-1 2.46746E-1 3.65263E-1 2.05179E-1 2.75424E-1 7.1158E-1 9.81586E-1 7.75513E-1 9.97836E-1 1E0 1E0 1E0 1E0 1E0 1E0 1E0 1E0 1E0 1E0 1E0 1E0 1E0 1E0 1E0 1E0 1E0 1E0 1E0 1E0 1E0 1E0 1E0 1E0 1E0 1E0 1E0 1E0 1E0 1E0 1E0 1E0 1E0
-9999 -9999 -9999 -9999 -9999 -9999 -9999 -9999 -9999 -9999 -9999 -9999 -9999 6.156E-1 4.57422E-1 6.56486E-1 4.50314E-1 4.08757E-1 3.65138E-1 3.19896E-1 1.06885E-1 1.53303E-1 2.58474E-1 3.1656E-1 5.01258E-1 1.4925E-1 1.44602E-1 1.36142E-1 1.74784E-1 2.57624E-1 6.58182E-1 9.86611E-1 9.99428E-1 9.99952E-1 9.99999E-1 1E0 1E0 1E0 1E0 1E0 1E0 1E0 1E0 1E0 1E0 1E0 1E0 1E0 1E0 1E0 1E0 1E0 1E0 1E0 1E0 1E0 1E0 1E0 1E0 1E0 1E0 1E0 1E0 1E0 1E0 1E0 1E0 1E0
-9999 -9999 -9999 -9999 -9999 -9999 -9999 -9999 -9999 -9999 -9999 -9999 -9999 4.46284E-1 3.61622E-1 6.15302E-1 4.75699E-1 6.01202E-1 6.70927E-1 2.25892E-1 1.22961E-1 1.49442E-1 2.53786E-1 3.32764E-1 5.86034E-1 2.91784E-1 2.68371E-1 3.232E-1 1.98037E-1 2.86129E-1 8.37728E-1 9.48801E-1 9.64651E-1 9.80912E-1 9.99141E-1 1E0 1E0 1E0 1E0 1E0 1E0 1E0 1E0 1E0 1E0 1E0 1E0 1E0 1E0 1E0 1E0 1E0 1E0 1E0 1E0 1E0 1E0 1E0 1E0 1E0 1E0 1E0 1E0 1E0 1E0 1E0 1E0 1E0
-9999 -9999 -9999 -9999 -9999 -9999 -9999 -9999 -9999 -9999 -9999 -9999 -9999 2.3903E-1 3.90411E-1 3.4397E-1 2.00016E-1 1.65157E-1 1.9675E-1 1.77772E-1 1.04896E-1 1.57391E-1 3.7331E-1 4.60013E-1 7.95575E-1 5.5784E-1 6.85446E-1 7.86535E-1 6.86859E-1 6.67314E-1 9.46518E-1 6.5997E-1 3.79498E-1 4.24182E-1 9.91336E-1 1E0 1E0 1E0 1E0 1E0 1E0 1E0 1E0 1E0 1E0 1E0 1E0 1E0 1E0 1E0 1E0 1E0 1E0 1E0 1E0 1E0 1E0 1E0 1E0 1E0 1E0 1E0 1E0 1E0 1E0 1E0 1E0 1E0
-9999 -9999 -9999 -9999 -9999 -9999 -9999 -9999 -9999 -9999 -9999 -9999 7.20692E-1 1.94089E-1 3.35142E-1 1.69842E-1 2.57355E-1 2.49693E-1 4.10239E-2 8.00289E-2 1.35001E-1 4.05626E-1 5.37784E-1 6.35967E-1 6.28314E-1 9.64E-1 8.76247E-1 8.37331E-1 7.75475E-1 8.78503E-1 7.7543E-1 3.94918E-1 2.30229E-1 3.4898E-1 9.50069E-1 1E0 1E0 1E0 1E0 1E0 1E0 1E0 1E0 1E0 1E0 1E0 1E0 1E0 1E0 1E0 1E0 1E0 1E0 1E0 1E0 1E0 1E0 1E0 1E0 1E0 1E0 1E0 1E0 1E0 1E0 1E0 1E0 1E0
