ENM/Final_Models/M_1_F_qp_Set_1_EC/Gustavia_santanderiensis_9_Choco_clamping.asc
ncols         367
nrows         963
xllcorner     -78.6
yllcorner     0.65
cellsize      0.00833333333333323
NODATA_value  -9999
[rows 310 to 340 of 963, columns 138 to 206 of 367]
-9999 -9999 -9999 -9999 1.2478E-3 1.0383E-3 2.7342E-3 4.21952E-3 5.79074E-3 9.08499E-3 1.35751E-2 1.20648E-2 1.21662E-2 9.91709E-3 4.56343E-3 3.06125E-2 5.05405E-2 0E0 0E0 0E0 0E0 0E0 0E0 0E0 0E0 0E0 0E0 5.46428E-2 1.0178E-1 8.24594E-2 6.57344E-3 3.88685E-4 3.1753E-3 1.41853E-5 1.88991E-6 9.67646E-3 4.80664E-2 1.48167E-1 9.85105E-2 9.26066E-2 3.3842E-2 1.5864E-2 8.02054E-2 1.08869E-3 7.35325E-2 1.01805E-2 1.34762E-2 2.17455E-4 2.15461E-12 1.24345E-14 0E0 0E0 0E0 0E0 0E0 0E0 1.11022E-16 0E0 0E0 1.11022E-15 0E0 3.33067E-16 0E0 0E0 0E0 0E0 0E0 0E0 0E0
-9999 -9999 -9999 -9999 -9999 6.62143E-4 1.7786E-3 2.62742E-3 3.06329E-3 6.13896E-3 1.07114E-2 9.3381E-3 1.07109E-2 4.25299E-3 2.2926E-3 8.56258E-2 3.1577E-2 6.22588E-3 0E0 0E0 0E0 0E0 0E0 0E0 0E0 0E0 1.4538E-2 1.39864E-1 7.62348E-2 1.57025E-1 5.41894E-2 3.17246E-2 1.83649E-4 1.13979E-6 3.27974E-3 1.69879E-2 5.1002E-2 1.43482E-1 1.75123E-1 4.37968E-2 2.45269E-2 1.47378E-3 5.86382E-2 8.44797E-3 6.90616E-5 7.06541E-4 1.06809E-2 2.16634E-4 1.14813E-7 0E0 0E0 2.22045E-16 0E0 0E0 0E0 0E0 0E0 0E0 4.996E-15 2.0095E-13 0E0 0E0 0E0 0E0 0E0 0E0 0E0 0E0 0E0
-9999 -9999 -9999 -9999 -9999 -9999 2.18344E-3 2.9385E-3 3.3371E-3 4.14958E-3 6.63363E-3 1.07138E-2 1.19312E-2 1.05861E-2 8.14074E-3 5.06463E-3 6.48003E-2 8.07382E-2 0E0 0E0 0E0 1.52367E-2 0E0 0E0 6.295E-2 7.05976E-2 1.30083E-1 8.65004E-2 4.86586E-2 7.84626E-2 1.16558E-3 1.01896E-4 6.23547E-6 3.41986E-6 2.96234E-3 6.46575E-2 5.86244E-2 1.47713E-1 1.45445E-1 6.51722E-2 7.18086E-3 1.4351E-6 5.15937E-5 6.34633E-6 2.80955E-4 1.75668E-8 2.87697E-3 2.13101E-4 3.55135E-8 4.35763E-13 5.65548E-13 0E0 0E0 0E0 0E0 0E0 0E0 0E0 8.88178E-16 6.10623E-14 0E0 0E0 0E0 0E0 0E0 0E0 0E0 0E0 0E0
-9999 -9999 -9999 -9999 -9999 -9999 -9999 2.11135E-3 4.09833E-3 3.61615E-3 5.08121E-3 9.50882E-3 8.57933E-3 1.16809E-2 6.57668E-2 2.45494E-2 9.76643E-2 1.82936E-1 9.83437E-2 0E0 0E0 3.97987E-2 0E0 0E0 1.63087E-1 1.59852E-1 1.35383E-1 8.93583E-2 8.36908E-2 4.40998E-2 8.67763E-3 9.58072E-4 3.46985E-7 2.01197E-2 8.67511E-3 5.10428E-2 8.63928E-2 1.67182E-1 6.01674E-2 3.53809E-3 5.09519E-3 3.06426E-2 1.80121E-3 1.2425E-2 8.81867E-4 8.96687E-3 8.65327E-9 4.56944E-8 7.97572E-10 1.8483E-12 0E0 0E0 0E0 0E0 0E0 0E0 0E0 0E0 0E0 3.07676E-12 9.38027E-13 0E0 0E0 0E0 0E0 0E0 0E0 0E0 0E0
-9999 -9999 -9999 -9999 -9999 -9999 -9999 -9999 6.89225E-2 7.37225E-2 -9999 4.17418E-3 8.46213E-3 1.53438E-2 8.32418E-2 3.90341E-2 3.65541E-2 1.88165E-1 2.40521E-1 1.25122E-1 0E0 5.61865E-2 1.43257E-4 0E0 2.79691E-2 3.32056E-2 4.9603E-2 7.35899E-2 8.37206E-2 2.6951E-3 1.90811E-3 5.10599E-2 7.56457E-3 1.35697E-2 1.4857E-2 9.60994E-2 9.44359E-2 8.18975E-2 1.7055E-1 7.08426E-3 6.58708E-3 7.45925E-3 9.71679E-3 5.02465E-2 1.13806E-1 4.5092E-3 3.35718E-2 4.53283E-2 2.93785E-6 4.44322E-12 3.33067E-16 0E0 0E0 0E0 4.88498E-15 5.2891E-13 1.11022E-15 1.93623E-13 5.30331E-11 2.46112E-11 0E0 0E0 0E0 0E0 0E0 0E0 0E0 0E0 0E0
-9999 -9999 -9999 -9999 -9999 -9999 -9999 -9999 -9999 4.01906E-3 -9999 7.13666E-3 7.04138E-3 6.90292E-3 1.26502E-2 1.34151E-2 8.39905E-2 9.36664E-2 1.78738E-1 1.9328E-1 5.02828E-2 3.42075E-2 3.53426E-2 0E0 0E0 2.36714E-2 2.4431E-2 4.36431E-2 5.66162E-2 8.37721E-2 2.12E-1 4.40993E-2 1.22532E-1 5.98512E-3 7.95287E-3 1.27685E-2 8.51642E-2 1.63609E-1 4.80712E-2 4.53485E-3 6.08457E-3 2.209E-2 1.6976E-2 1.20558E-2 2.88863E-4 4.23457E-5 8.60299E-5 6.42604E-9 1.73195E-14 3.17635E-13 0E0 0E0 1.91291E-13 2.22045E-16 0E0 0E0 0E0 1.17462E-13 1.76859E-13 0E0 3.35287E-14 0E0 0E0 0E0 0E0 1.11022E-16 0E0 0E0 0E0
-9999 -9999 -9999 -9999 -9999 -9999 -9999 -9999 -9999 6.05478E-3 -9999 -9999 6.35579E-3 7.39774E-3 1.24139E-2 9.74814E-3 7.75834E-3 7.63342E-2 1.14429E-1 2.93939E-2 0E0 0E0 0E0 0E0 0E0 2.09383E-3 0E0 0E0 0E0 3.19098E-5 3.17174E-4 5.94709E-4 2.35867E-3 2.42203E-3 3.13782E-3 3.8317E-3 5.05165E-3 2.54315E-2 1.92976E-1 6.75743E-2 7.17458E-3 1.18831E-2 4.56567E-6 8.75877E-6 2.56998E-2 4.98521E-3 1.16579E-7 1.90454E-6 2.52557E-8 9.27589E-7 3.18567E-8 3.10862E-15 0E0 0E0 1.11022E-15 0E0 0E0 0E0 1.11022E-15 1.11022E-16 1.40998E-14 0E0 0E0 0E0 0E0 0E0 0E0 7.77156E-16 1.85407E-14
-9999 -9999 -9999 -9999 -9999 -9999 -9999 -9999 -9999 -9999 4.09419E-3 -9999 5.14002E-3 7.28405E-3 8.3479E-3 4.89891E-2 3.21006E-2 1.68287E-1 1.5197E-1 0E0 0E0 0E0 0E0 0E0 0E0 0E0 9.0911E-3 0E0 0E0 0E0 1.54547E-4 4.67523E-4 1.73746E-3 3.11451E-3 4.15951E-3 1.36307E-3 1.47789E-3 2.5028E-3 9.62504E-2 1.50688E-1 7.91571E-2 7.12641E-2 4.47939E-6 3.52285E-4 1.07283E-2 3.2651E-2 1.65712E-3 1.63564E-4 1.23684E-4 6.60724E-6 2.89617E-3 5.11428E-8 0E0 0E0 0E0 0E0 0E0 0E0 0E0 0E0 1.31006E-14 0E0 0E0 0E0 0E0 0E0 0E0 0E0 0E0
-9999 -9999 -9999 -9999 -9999 -9999 -9999 -9999 -9999 -9999 5.94751E-3 -9999 5.53406E-3 6.94229E-3 7.89702E-3 6.70352E-2 9.55031E-3 4.92732E-2 8.08652E-2 9.47983E-4 4.29015E-3 0E0 0E0 0E0 0E0 0E0 0E0 0E0 0E0 0E0 0E0 2.96458E-4 1.02377E-3 4.8283E-3 3.6301E-3 5.5571E-3 2.64022E-3 7.6707E-4 4.45756E-2 1.25473E-1 1.59457E-1 3.90494E-2 7.65691E-5 1.52519E-4 5.65329E-3 5.26009E-2 3.74124E-4 4.43854E-7 6.59389E-9 2.20891E-5 1.75658E-5 4.33412E-11 0E0 0E0 0E0 0E0 0E0 0E0 0E0 0E0 0E0 0E0 0E0 0E0 0E0 0E0 0E0 0E0 0E0
-9999 -9999 -9999 -9999 -9999 -9999 -9999 -9999 -9999 -9999 2.41047E-3 -9999 -9999 9.66601E-3 1.06174E-1 2.61378E-2 1.83462E-2 3.53672E-2 1.37406E-1 4.33207E-2 9.01364E-3 4.94352E-3 1.50977E-2 0E0 0E0 0E0 0E0 0E0 0E0 0E0 2.95306E-3 1.93008E-3 2.89232E-3 3.23965E-3 6.33834E-3 9.11937E-3 4.27803E-3 5.21431E-3 2.06163E-3 8.71556E-2 1.59466E-1 1.90064E-1 7.12635E-2 3.44824E-3 3.00843E-2 1.47341E-2 2.37636E-4 2.45397E-5 3.22388E-6 3.39284E-13 2.33861E-10 1.77636E-15 4.3554E-13 0E0 5.55112E-16 2.22045E-16 0E0 1.11022E-16 0E0 0E0 0E0 0E0 0E0 0E0 0E0 0E0 0E0 0E0 0E0
-9999 -9999 -9999 -9999 -9999 -9999 -9999 -9999 -9999 -9999 -9999 -9999 -9999 7.7607E-3 1.16103E-2 1.62627E-2 1.72608E-2 1.23776E-2 7.61662E-2 1.36149E-1 7.32544E-2 9.10515E-2 6.76458E-2 1.51642E-1 1.06914E-1 0E0 0E0 0E0 1.84343E-2 0E0 2.39553E-4 2.03717E-3 2.67473E-3 3.71374E-3 8.20999E-3 7.55697E-3 8.70141E-3 8.58812E-3 1.20054E-2 4.86E-2 1.02184E-1 4.42539E-2 9.44218E-2 2.55557E-2 1.71593E-2 1.31039E-5 1.06623E-5 1.83792E-3 2.85785E-4 4.42719E-9 7.66011E-11 3.85043E-9 9.99201E-16 4.35429E-13 0E0 2.22045E-16 0E0 7.62634E-12 8.14904E-14 0E0 0E0 0E0 0E0 0E0 0E0 0E0 0E0 0E0 9.99201E-16
-9999 -9999 -9999 -9999 -9999 -9999 -9999 -9999 -9999 -9999 -9999 -9999 -9999 -9999 4.84716E-3 1.00459E-2 1.53033E-2 1.48611E-2 2.33682E-2 1.32049E-1 8.02076E-2 3.6261E-2 9.88594E-2 1.18689E-1 7.15347E-2 4.8155E-2 1.3822E-3 0E0 5.69248E-2 7.04335E-2 1.91238E-3 5.66319E-3 3.47236E-3 5.33661E-3 5.11914E-3 8.84549E-3 1.37281E-2 1.08656E-2 1.61237E-2 1.49133E-2 1.2324E-2 9.81029E-3 1.05913E-2 9.1575E-3 2.32211E-3 1.99684E-3 4.17234E-3 9.38639E-4 1.41468E-3 7.39417E-8 6.09069E-8 4.95152E-6 7.77156E-16 0E0 0E0 0E0 1.33871E-12 2.37799E-12 6.76792E-13 0E0 0E0 0E0 0E0 0E0 0E0 0E0 0E0 0E0 0E0
-9999 -9999 -9999 -9999 -9999 -9999 -9999 -9999 -9999 -9999 -9999 -9999 -9999 -9999 3.00338E-3 6.30896E-3 7.92412E-3 1.29686E-2 1.56458E-2 5.30463E-3 7.13302E-3 7.84765E-7 2.05898E-2 2.06558E-2 2.06137E-2 4.66949E-2 1.08807E-1 1.82815E-1 4.34925E-2 4.97369E-2 6.22036E-3 6.4552E-3 7.2639E-3 7.93927E-3 1.01153E-2 1.08434E-2 1.53489E-2 1.65163E-2 7.43401E-2 6.04258E-2 1.73756E-2 4.22723E-2 3.72169E-2 3.43305E-2 2.47031E-2 5.33345E-2 6.37559E-2 1.02405E-3 3.5273E-4 8.09448E-10 2.7065E-12 3.61822E-13 9.99201E-15 6.73905E-14 3.65818E-13 0E0 2.00228E-9 1.43987E-8 1.88178E-8 0E0 0E0 0E0 0E0 0E0 0E0 0E0 0E0 0E0 0E0
-9999 -9999 -9999 -9999 -9999 -9999 -9999 -9999 -9999 -9999 -9999 -9999 -9999 -9999 4.20772E-3 5.65959E-3 7.89343E-3 1.46096E-2 5.05127E-2 3.44576E-3 5.36633E-3 6.38678E-8 3.95341E-3 2.55999E-2 1.02558E-2 1.82905E-2 5.98727E-2 1.86939E-1 7.25494E-2 9.2315E-2 8.43781E-3 1.04399E-2 8.79261E-3 1.22444E-2 9.7374E-3 1.11764E-2 1.59526E-2 5.87385E-2 4.93024E-2 3.56407E-2 9.62501E-3 1.38403E-2 1.28383E-2 7.10632E-2 2.89288E-2 6.79101E-2 5.23774E-2 2.18489E-3 8.4599E-6 1.9874E-10 1.07792E-12 4.2466E-13 8.38885E-13 0E0 1.11022E-16 5.96079E-13 2.97709E-6 1.5806E-9 8.75426E-9 0E0 0E0 3.10862E-15 0E0 0E0 0E0 0E0 0E0 0E0 0E0
-9999 -9999 -9999 -9999 -9999 -9999 -9999 -9999 -9999 -9999 -9999 -9999 -9999 -9999 4.13797E-3 6.65232E-3 5.76095E-3 1.44776E-2 6.17554E-2 1.388E-2 1.48433E-2 1.46358E-5 7.68658E-6 5.93666E-5 6.34449E-7 2.42751E-2 4.26734E-2 1.70018E-1 9.10296E-2 5.04395E-2 1.03658E-2 6.24603E-3 7.48524E-3 8.54484E-3 8.6664E-3 1.16404E-2 1.62164E-2 7.20048E-2 3.78932E-2 2.45209E-2 2.2146E-2 3.41199E-2 6.00622E-2 7.22217E-2 2.98086E-2 1.12547E-2 1.01712E-3 5.14203E-4 1.20175E-5 4.00868E-8 2.5229E-9 9.15738E-8 4.96199E-11 2.75022E-9 6.84253E-12 7.3086E-13 7.15334E-9 1.85042E-6 1.39207E-8 6.36158E-14 0E0 0E0 0E0 0E0 0E0 0E0 0E0 0E0 0E0
-9999 -9999 -9999 -9999 -9999 -9999 -9999 -9999 -9999 -9999 -9999 -9999 -9999 -9999 -9999 6.00143E-3 6.52894E-3 1.38905E-2 4.82477E-2 1.80835E-2 1.00648E-3 6.06541E-4 1.42534E-3 1.31425E-5 1.57407E-3 2.29084E-3 5.12592E-4 5.29953E-2 1.16619E-1 7.66798E-2 1.04477E-2 8.76999E-3 7.03272E-3 6.92278E-3 1.22791E-2 1.61836E-2 1.5978E-2 1.08669E-1 8.4142E-2 3.33222E-2 2.81295E-2 4.83518E-2 8.28809E-2 7.75853E-2 3.97509E-2 2.59713E-3 6.16846E-5 4.8022E-3 2.74983E-3 4.62561E-3 1.82216E-6 5.52728E-7 2.45975E-8 4.13593E-7 0E0 4.39959E-12 2.61513E-12 5.12101E-12 6.07325E-12 0E0 1.11022E-16 0E0 0E0 0E0 0E0 0E0 0E0 0E0 0E0
-9999 -9999 -9999 -9999 -9999 -9999 -9999 -9999 -9999 -9999 -9999 -9999 -9999 -9999 -9999 6.20712E-3 4.51776E-3 1.52406E-2 8.60956E-2 2.44264E-2 1.42908E-4 6.19265E-4 1.13292E-1 1.24379E-1 1.74909E-2 8.06215E-3 4.83755E-5 1.52374E-2 1.62286E-2 6.74558E-2 2.32631E-2 1.21258E-2 1.00317E-2 7.7274E-3 1.73931E-2 1.86853E-2 1.87172E-2 4.77156E-2 1.20086E-2 6.73957E-3 3.95938E-2 2.33875E-2 3.69866E-2 3.51322E-2 2.93218E-2 1.39525E-2 3.70228E-2 2.32404E-2 5.97188E-2 2.61875E-2 3.20714E-4 8.23065E-8 6.13509E-12 9.99201E-16 3.66788E-9 1.66964E-8 2.62426E-10 0E0 3.0539E-11 6.43929E-15 0E0 0E0 0E0 0E0 0E0 0E0 1.17151E-12 2.67086E-12 4.24105E-14
-9999 -9999 -9999 -9999 -9999 -9999 -9999 -9999 -9999 -9999 -9999 -9999 -9999 -9999 -9999 -9999 3.57047E-3 1.05811E-2 5.85215E-2 1.01177E-2 1.2547E-2 7.84951E-3 2.08965E-2 4.5288E-2 4.08261E-2 1.83124E-3 1.49583E-6 1.73484E-2 2.10773E-2 7.47902E-2 4.39601E-2 1.17579E-2 1.21549E-2 1.30048E-2 8.14466E-2 3.99892E-2 1.75209E-2 1.63143E-2 1.31405E-3 1.48788E-2 8.59309E-3 3.05264E-2 4.93157E-2 5.83951E-2 7.12031E-2 5.29492E-2 2.92713E-2 2.39951E-2 2.50468E-2 2.5307E-2 3.58886E-2 9.78253E-6 8.69261E-10 1.32894E-13 2.90904E-10 2.15712E-8 1.05471E-14 2.10543E-12 6.56966E-7 1.87566E-11 0E0 7.77156E-16 4.44089E-16 6.66134E-16 0E0 0E0 0E0 5.66214E-15 0E0
-9999 -9999 -9999 -9999 -9999 -9999 -9999 -9999 -9999 -9999 -9999 -9999 -9999 -9999 -9999 2.46477E-3 2.74679E-3 5.61536E-3 1.43789E-2 1.15491E-1 1.86178E-2 8.13868E-3 1.25854E-3 5.74965E-2 3.20376E-2 3.51306E-2 6.29042E-3 2.03408E-2 2.36036E-2 3.31559E-2 1.06298E-2 1.54862E-2 1.47828E-2 5.74977E-2 6.22974E-2 6.70529E-2 4.85085E-2 9.91139E-3 5.1482E-5 1.21074E-3 3.00618E-3 8.39994E-3 1.21672E-2 2.766E-2 4.66356E-2 2.05356E-2 8.76858E-3 2.81019E-2 9.73913E-3 6.2397E-2 4.4353E-2 4.14615E-4 8.61921E-9 8.51115E-10 3.76467E-9 1.12607E-8 4.55581E-11 1.77636E-15 1.33227E-15 1.00476E-11 1.00253E-9 1.11022E-16 0E0 5.34017E-14 0E0 0E0 0E0 0E0 0E0
-9999 -9999 -9999 -9999 -9999 -9999 -9999 -9999 -9999 -9999 -9999 -9999 -9999 -9999 -9999 -9999 4.15648E-3 2.5998E-3 9.87794E-3 8.23834E-2 2.19591E-2 1.86506E-2 5.4724E-6 2.24448E-3 1.62105E-3 1.69863E-6 2.18766E-2 1.74095E-2 7.0131E-2 1.7941E-2 1.8608E-2 1.8162E-2 8.40664E-2 4.33331E-2 1.06684E-2 1.04993E-2 1.17536E-2 5.63454E-3 3.95734E-4 1.82849E-3 6.41443E-3 4.60495E-3 3.24605E-3 3.0149E-3 4.42305E-3 1.41023E-2 1.86907E-3 1.5739E-3 1.42668E-3 2.57255E-2 3.10754E-3 9.76334E-7 1.15648E-8 2.07869E-5 2.02285E-6 9.04957E-6 1.04864E-9 1.55431E-15 2.28706E-14 1.87231E-11 3.66374E-15 0E0 2.98274E-11 3.57347E-12 3.66374E-15 0E0 2.88658E-15 3.33067E-16 0E0
-9999 -9999 -9999 -9999 -9999 -9999 -9999 -9999 -9999 -9999 -9999 -9999 -9999 -9999 -9999 -9999 -9999 2.87946E-3 4.31103E-3 1.09594E-1 3.11003E-2 1.98486E-3 1.11356E-8 8.17803E-4 2.26193E-4 6.07701E-7 3.72099E-2 6.77526E-2 5.46706E-2 1.89323E-2 1.90408E-2 4.8276E-2 4.38629E-2 2.53702E-2 2.90545E-2 1.96988E-2 2.65129E-2 9.44829E-3 1.35506E-3 2.20545E-3 9.84789E-3 3.31693E-3 1.12216E-2 1.35129E-2 2.22479E-5 4.26706E-4 1.90226E-4 9.36732E-4 3.67469E-3 6.50824E-2 5.97865E-3 8.98953E-6 1.61929E-5 9.80439E-6 2.04463E-5 8.65087E-8 1.30451E-10 4.68514E-14 2.24176E-12 4.10227E-13 0E0 1.55431E-15 3.91498E-12 0E0 0E0 2.54019E-13 1.02363E-13 2.22045E-16 1.11022E-16
-9999 -9999 -9999 -9999 -9999 -9999 -9999 -9999 -9999 -9999 -9999 -9999 -9999 -9999 -9999 -9999 -9999 2.48918E-3 4.0569E-3 1.47212E-2 4.43387E-2 7.47317E-3 3.45348E-5 1.10531E-5 1.32352E-5 1.65278E-3 1.16304E-1 1.20088E-1 5.84009E-2 5.50921E-2 5.27489E-2 4.55572E-2 5.63487E-2 2.6666E-2 1.46175E-2 8.33269E-4 1.30169E-3 1.32347E-2 5.64264E-3 3.4495E-3 9.57478E-4 1.72198E-5 1.02909E-4 6.00287E-4 1.15172E-4 1.98665E-3 5.09096E-4 1.23871E-3 2.62424E-3 7.52815E-3 1.96735E-3 2.10974E-3 6.19735E-4 2.19052E-2 2.38036E-4 1.67251E-3 4.37938E-5 5.9619E-14 9.43579E-13 3.17578E-11 1.11022E-16 0E0 3.0469E-12 0E0 1.11022E-16 0E0 7.77156E-15 4.44089E-16 3.20144E-12
-9999 -9999 -9999 -9999 -9999 -9999 -9999 -9999 -9999 -9999 -9999 -9999 -9999 -9999 -9999 -9999 -9999 4.08381E-3 6.85981E-3 1.22663E-2 2.33546E-2 1.23961E-3 5.45908E-3 1.10333E-3 1.35571E-3 1.52037E-3 3.37045E-2 1.85359E-1 7.96935E-2 5.13034E-2 4.94268E-2 5.2793E-2 2.27719E-2 3.43684E-3 2.01991E-2 1.61059E-3 1.39036E-3 1.02601E-2 6.80045E-5 4.89003E-3 2.95018E-4 2.53305E-7 1.77824E-7 3.01704E-6 6.56669E-6 1.49399E-4 2.34782E-5 5.86126E-3 5.38908E-4 5.28304E-3 7.23656E-2 6.84744E-2 1.10799E-1 2.88316E-3 1.31967E-5 6.83545E-4 1.7883E-8 5.32907E-15 4.30578E-12 6.75016E-14 0E0 9.54792E-15 1.11022E-16 7.99583E-12 1.77636E-15 0E0 1.11022E-16 2.27485E-12 1.44329E-15
-9999 -9999 -9999 -9999 -9999 -9999 -9999 -9999 -9999 -9999 -9999 -9999 -9999 -9999 -9999 -9999 -9999 3.28295E-3 3.28262E-3 8.25425E-2 4.13368E-2 8.98503E-3 1.06024E-2 1.22006E-3 7.3097E-4 1.19596E-4 8.43287E-4 5.2728E-2 5.81802E-2 3.83126E-2 3.67483E-2 2.2188E-2 3.16538E-2 1.44828E-2 2.03784E-3 2.82371E-2 6.96681E-3 8.13738E-4 1.4401E-4 1.11784E-2 3.43953E-3 1.27707E-6 1.0981E-7 7.86008E-6 1.42642E-6 1.23172E-3 1.80514E-2 2.74113E-2 1.6707E-2 4.05578E-2 5.16838E-2 3.92788E-2 3.35175E-2 2.96346E-4 5.96038E-10 7.69198E-5 4.17885E-5 1.71156E-8 2.89668E-11 7.32147E-11 6.22613E-13 1.29341E-13 4.07452E-14 1.56719E-12 0E0 4.16889E-13 1.11022E-16 5.85088E-14 3.10862E-15
-9999 -9999 -9999 -9999 -9999 -9999 -9999 -9999 -9999 -9999 -9999 -9999 -9999 -9999 -9999 -9999 -9999 -9999 1.75082E-3 9.89993E-3 3.69568E-2 4.09124E-3 2.51459E-2 6.90639E-3 1.76639E-2 3.73782E-3 1.06539E-3 3.52335E-2 4.0637E-2 4.2571E-2 5.12978E-2 2.79122E-2 1.65892E-2 2.51225E-2 1.84462E-2 2.23405E-2 1.18103E-3 3.29114E-2 2.44698E-3 6.79546E-3 5.55639E-5 4.20084E-5 4.67885E-6 3.76335E-4 8.77386E-5 1.52564E-2 1.49315E-2 4.60641E-2 3.01496E-2 1.94669E-3 4.63124E-2 6.79443E-3 8.65568E-5 6.63433E-9 2.22747E-11 7.17759E-8 8.29292E-9 2.31531E-8 7.59148E-12 0E0 0E0 0E0 0E0 1.11022E-16 2.22045E-16 2.33147E-15 2.08722E-14 5.21805E-15 1.24786E-11
-9999 -9999 -9999 -9999 -9999 -9999 -9999 -9999 -9999 -9999 -9999 -9999 -9999 -9999 -9999 -9999 -9999 -9999 3.32748E-3 5.9634E-3 7.91802E-2 2.66868E-3 2.11843E-4 8.40924E-4 1.11333E-2 7.04774E-3 3.79958E-3 1.99585E-2 3.0537E-2 2.77671E-2 5.33462E-2 5.67507E-2 3.84369E-2 1.5022E-2 3.17692E-2 3.5939E-2 9.48737E-3 1.19957E-2 3.12415E-2 1.09195E-2 5.62318E-4 1.80107E-5 5.76334E-4 2.2017E-3 3.405E-3 2.41344E-2 2.4713E-2 3.89105E-2 2.21648E-3 4.79622E-6 1.55816E-3 1.50552E-3 8.95623E-7 8.20408E-11 4.89608E-14 5.71674E-5 9.09276E-7 1.91624E-13 2.22045E-16 0E0 0E0 0E0 0E0 0E0 5.55112E-16 0E0 0E0 0E0 0E0
-9999 -9999 -9999 -9999 -9999 -9999 -9999 -9999 -9999 -9999 -9999 -9999 -9999 -9999 -9999 -9999 -9999 -9999 3.81267E-3 5.28256E-3 6.58556E-2 9.52093E-3 4.99018E-6 9.98413E-5 4.47241E-4 2.77461E-3 6.98056E-3 1.30237E-2 4.21275E-2 4.46163E-2 3.3142E-2 3.91325E-2 4.0873E-2 2.84729E-2 1.2029E-2 3.52379E-2 1.48134E-2 2.86203E-2 1.87861E-2 1.84855E-3 6.67175E-4 3.00223E-3 1.13964E-2 3.32822E-3 1.33695E-2 2.95649E-2 1.78868E-2 1.49433E-2 1.02772E-3 2.35591E-7 1.02169E-4 3.7019E-2 4.11919E-2 4.28378E-3 2.30704E-12 3.53095E-12 4.03871E-6 1.00029E-11 2.18928E-10 1.91525E-12 1.11022E-16 1.11022E-16 0E0 0E0 0E0 1.22125E-15 8.79297E-14 0E0 0E0
-9999 -9999 -9999 -9999 -9999 -9999 -9999 -9999 -9999 -9999 -9999 -9999 -9999 -9999 -9999 -9999 -9999 -9999 -9999 2.56363E-3 8.27381E-3 -9999 -9999 -9999 -9999 1.59216E-2 2.10905E-2 2.89087E-2 4.32287E-2 5.19143E-2 4.0571E-2 2.74372E-2 2.6912E-2 2.9097E-2 3.45975E-2 1.62469E-2 9.70065E-3 1.88338E-2 1.45422E-2 1.14784E-2 1.15121E-3 5.17059E-4 1.65008E-2 8.87519E-3 1.88914E-2 2.81684E-3 6.90787E-3 1.27903E-2 5.67759E-3 5.04974E-5 5.34421E-4 7.69156E-3 1.2265E-1 8.40052E-2 4.76007E-6 4.44089E-16 2.10078E-10 6.32827E-15 5.24786E-11 2.84266E-11 8.95639E-12 2.16716E-13 0E0 0E0 0E0 0E0 3.33067E-16 6.26388E-13 0E0
-9999 -9999 -9999 -9999 -9999 -9999 -9999 -9999 -9999 -9999 -9999 -9999 -9999 -9999 -9999 -9999 -9999 -9999 -9999 0E0 -9999 -9999 -9999 -9999 -9999 -9999 1.90917E-3 6.07386E-2 3.29779E-2 2.92675E-2 2.11599E-2 4.50773E-2 1.68789E-2 1.49746E-2 4.55217E-2 3.02103E-2 2.32067E-2 3.1243E-2 1.73257E-2 9.23485E-3 6.32719E-3 6.62676E-3 3.19129E-3 6.3839E-3 4.62659E-3 1.15383E-3 1.40687E-3 1.15276E-2 4.88957E-3 3.47038E-3 2.96483E-2 1.28811E-2 1.27344E-2 5.81632E-2 6.76911E-3 1.42792E-9 1.69247E-6 1.18646E-10 5.21712E-5 6.07625E-13 3.33067E-16 0E0 0E0 0E0 0E0 0E0 1.11022E-16 3.33067E-16 1.11022E-16
-9999 -9999 -9999 -9999 -9999 -9999 -9999 -9999 -9999 -9999 -9999 -9999 -9999 -9999 -9999 -9999 -9999 -9999 -9999 -9999 -9999 -9999 -9999 -9999 -9999 -9999 -9999 5.31352E-2 1.57217E-2 1.37617E-2 8.42984E-3 3.72979E-2 5.30463E-3 1.54272E-2 1.89584E-2 4.80199E-2 3.35005E-2 6.23423E-2 1.33373E-2 1.08094E-2 9.31686E-3 1.14376E-3 1.59309E-2 4.70597E-3 1.85909E-3 1.03594E-2 5.46743E-3 1.12266E-2 3.51444E-3 1.03244E-2 1.01036E-2 9.70183E-3 1.22516E-2 3.24347E-4 7.85698E-6 1.20106E-7 3.73907E-4 1.57372E-5 1.06603E-7 3.33067E-16 1.52292E-10 4.66938E-12 5.49571E-12 5.41234E-13 1.77636E-15 5.21805E-15 0E0 1.55431E-15 3.30142E-8
-9999 -9999 -9999 -9999 -9999 -9999 -9999 -9999 -9999 -9999 -9999 -9999 -9999 -9999 -9999 -9999 -9999 -9999 -9999 -9999 -9999 -9999 -9999 -9999 -9999 -9999 -9999 1.56385E-2 2.37864E-3 4.12551E-3 6.82513E-4 3.32479E-3 4.82554E-3 1.79492E-2 1.68843E-2 8.81476E-3 8.87801E-3 1.10955E-2 7.30235E-3 2.08975E-2 5.72923E-3 2.03979E-2 4.00362E-2 2.00172E-2 1.24425E-2 4.99887E-3 1.75914E-2 2.84817E-2 1.90264E-2 1.6952E-3 2.98869E-3 2.25812E-3 3.01583E-4 1.15927E-8 5.67734E-4 1.98844E-3 2.70257E-4 4.59816E-6 4.1749E-8 1.45561E-10 6.66134E-16 2.04163E-11 4.4964E-14 1.66824E-8 4.04369E-11 0E0 1.77636E-15 8.65974E-15 1.43219E-14
