ENM/Final_Models/M_1_F_qp_Set_1_EC/Gustavia_santanderiensis_Choco_min.asc
ncols         367
nrows         963
xllcorner     -78.6
yllcorner     0.65
cellsize      0.00833333333333323
NODATA_value  -9999
[rows 390 to 419 of 963, columns 134 to 200 of 367]
-9999 -9999 -9999 -9999 -9999 -9999 -9999 -9999 -9999 -9999 -9999 -9999 3.72532E-1 2.76504E-1 1.41173E-1 1.84951E-1 4.13663E-2 3.0351E-2 1.81962E-2 2.31607E-2 8.08626E-2 2.8292E-1 2.5969E-1 2.201E-1 9.04836E-2 1.18714E-2 4.64157E-3 3.56664E-3 4.27216E-4 5.6594E-4 1.829E-3 3.61556E-3 5.19291E-4 2.42051E-3 1.70919E-2 1.01812E-2 2.01963E-2 5.46571E-1 7.80809E-1 6.26828E-1 5.85619E-1 2.67315E-1 3.53327E-1 2.83343E-1 4.51622E-1 5.03399E-1 4.7936E-1 7.05329E-1 5.59649E-1 5.88477E-1 7.15778E-1 6.755E-1 5.51321E-1 6.69162E-1 4.3442E-1 4.79583E-1 7.01612E-1 8.53518E-1 8.95095E-1 8.35582E-1 8.45229E-1 8.03357E-1 9.52563E-1 9.81248E-1 9.93266E-1 9.9548E-1 9.93969E-1
-9999 -9999 -9999 -9999 -9999 -9999 -9999 -9999 -9999 -9999 -9999 -9999 -9999 3.7428E-1 4.82813E-1 3.24759E-1 8.21292E-2 4.28268E-2 3.59663E-2 5.2889E-2 4.35622E-2 1.02251E-1 3.84672E-1 2.93102E-1 3.81124E-1 3.30861E-2 1.16947E-2 1.59735E-3 4.89009E-4 3.96459E-4 3.05419E-4 3.63312E-3 9.06114E-4 1.51072E-3 2.47861E-3 3.54631E-2 7.95378E-2 5.96186E-1 8.0607E-1 6.33182E-1 5.53685E-1 3.14526E-1 2.84678E-1 2.61934E-1 3.39096E-1 5.1992E-1 3.93889E-1 5.88642E-1 6.28929E-1 6.31801E-1 4.60654E-1 4.22674E-1 5.27345E-1 5.05602E-1 7.37193E-1 8.45183E-1 8.98394E-1 9.51432E-1 8.42322E-1 8.92783E-1 8.962E-1 8.34334E-1 9.28536E-1 9.95086E-1 9.92767E-1 9.84802E-1 9.67393E-1
-9999 -9999 -9999 -9999 -9999 -9999 -9999 -9999 -9999 -9999 -9999 -9999 -9999 1.28487E-1 1.95152E-1 1.01414E-1 2.15576E-1 2.10562E-1 1.15821E-1 1.54909E-1 1.34267E-1 1.57986E-1 3.04366E-1 3.35853E-1 2.98986E-1 1.2015E-1 3.34434E-2 2.34905E-3 7.86512E-4 1.71556E-3 1.88757E-3 8.93569E-3 1.57489E-2 1.8568E-2 3.49587E-2 3.48415E-1 5.68352E-1 8.25535E-1 6.83169E-1 5.66785E-1 5.44624E-1 2.63666E-1 2.5262E-1 2.99458E-1 7.03258E-1 6.47939E-1 6.29421E-1 6.39228E-1 6.31036E-1 5.92318E-1 5.5725E-1 4.27404E-1 5.24502E-1 7.05087E-1 8.3558E-1 9.12751E-1 9.46202E-1 9.75301E-1 9.0854E-1 9.54796E-1 9.15322E-1 8.91045E-1 9.77527E-1 9.92858E-1 9.83109E-1 9.69719E-1 9.68495E-1
-9999 -9999 -9999 -9999 -9999 -9999 -9999 -9999 -9999 -9999 -9999 -9999 -9999 -9999 -9999 7.65123E-2 9.79372E-2 1.84796E-1 5.74304E-2 2.22673E-1 3.4092E-1 3.72616E-1 1.7887E-1 1.08339E-1 3.03965E-1 9.88185E-2 1.25274E-2 3.46183E-3 2.58914E-3 9.05485E-3 5.75171E-3 8.40392E-3 3.94157E-2 5.06788E-2 1.30571E-1 6.18519E-1 8.73486E-1 8.28579E-1 6.53819E-1 4.15198E-1 4.17821E-1 4.04882E-1 4.18879E-1 3.77596E-1 8.26364E-1 7.32533E-1 7.10824E-1 3.89378E-1 5.07289E-1 6.93753E-1 7.46778E-1 4.644E-1 4.78371E-1 5.4853E-1 7.12582E-1 8.49623E-1 9.77354E-1 9.62862E-1 9.10781E-1 9.85558E-1 9.30042E-1 9.73289E-1 9.79979E-1 9.81982E-1 9.82404E-1 9.71484E-1 9.56373E-1
-9999 -9999 -9999 -9999 -9999 -9999 -9999 -9999 -9999 -9999 -9999 -9999 -9999 -9999 -9999 -9999 3.49863E-1 2.01089E-1 1.53266E-1 3.47048E-1 3.90177E-1 2.7257E-1 1.18178E-1 1.44876E-1 2.65857E-2 2.66779E-1 7.89178E-2 3.26001E-2 1.38632E-2 1.41932E-2 1.14528E-2 3.41675E-2 4.00325E-2 1.2403E-1 4.40204E-1 7.01925E-1 8.16397E-1 8.51696E-1 7.5804E-1 4.70154E-1 3.79984E-1 3.86475E-1 2.60745E-1 4.132E-1 3.58017E-1 5.98527E-1 7.9438E-1 5.39392E-1 6.94104E-1 7.4723E-1 5.79422E-1 5.73457E-1 6.06635E-1 7.16032E-1 8.95165E-1 8.36836E-1 9.29877E-1 9.77493E-1 9.57635E-1 8.3857E-1 9.03946E-1 9.35192E-1 9.53108E-1 9.87236E-1 9.67866E-1 9.64048E-1 9.61982E-1
-9999 -9999 -9999 -9999 -9999 -9999 -9999 -9999 -9999 -9999 -9999 -9999 -9999 -9999 -9999 -9999 -9999 6.22805E-1 6.00625E-1 4.51406E-1 3.65041E-1 2.41456E-1 1.08441E-1 3.37716E-2 3.30064E-2 6.42123E-2 6.6095E-2 1.37193E-1 6.04945E-2 7.06503E-2 3.22711E-2 1.90898E-2 2.89754E-2 5.81041E-2 1.79266E-1 3.52751E-1 6.23905E-1 5.09572E-1 6.98868E-1 4.72758E-1 3.3982E-1 2.06615E-1 2.02135E-1 2.35637E-1 3.72175E-1 3.77261E-1 4.65184E-1 6.38386E-1 7.73021E-1 7.49297E-1 7.60649E-1 6.62424E-1 6.9562E-1 7.31744E-1 9.04501E-1 6.85045E-1 7.45513E-1 7.6258E-1 8.22732E-1 6.26666E-1 8.25535E-1 7.60073E-1 7.43575E-1 9.75897E-1 9.86234E-1 9.56128E-1 9.93148E-1
-9999 -9999 -9999 -9999 -9999 -9999 -9999 -9999 -9999 -9999 -9999 -9999 -9999 -9999 -9999 -9999 -9999 7.10738E-1 7.53554E-1 4.15883E-1 1.79471E-1 5.77686E-1 3.78202E-1 9.34251E-2 2.56572E-2 8.86042E-3 4.52122E-2 4.6151E-2 6.59947E-2 8.42568E-2 4.41808E-2 6.89877E-3 5.09947E-3 1.71461E-2 3.75781E-2 8.99857E-2 5.94348E-1 7.48948E-1 7.58098E-1 4.33165E-1 2.55011E-1 2.81724E-1 3.26737E-1 2.26953E-1 2.41693E-1 1.60675E-1 3.15899E-1 5.26881E-1 6.60491E-1 6.77428E-1 8.07903E-1 8.30478E-1 7.63272E-1 8.41438E-1 8.25853E-1 7.68977E-1 7.74358E-1 9.09281E-1 8.99412E-1 8.14038E-1 8.37541E-1 8.66339E-1 8.73354E-1 9.5145E-1 9.77546E-1 9.76134E-1 9.41137E-1
-9999 -9999 -9999 -9999 -9999 -9999 -9999 -9999 -9999 -9999 -9999 -9999 -9999 -9999 -9999 -9999 -9999 5.01723E-1 5.11326E-1 2.96545E-1 3.47509E-1 4.5208E-1 2.39758E-1 3.21099E-2 1.11197E-2 6.24083E-3 9.42355E-4 4.57006E-3 8.38981E-3 1.74375E-2 1.27014E-2 4.95607E-3 5.8817E-3 1.28463E-2 4.98253E-2 1.54655E-1 4.41335E-1 5.75439E-1 8.20294E-1 8.15818E-1 3.20673E-1 3.3299E-1 2.6915E-1 3.00463E-1 2.78523E-1 4.30626E-1 4.42442E-1 5.36431E-1 7.35777E-1 8.46245E-1 6.50796E-1 6.99256E-1 8.51111E-1 6.59121E-1 6.11614E-1 5.63604E-1 5.47342E-1 8.61685E-1 9.44741E-1 7.96739E-1 8.50936E-1 8.00054E-1 8.02325E-1 9.38556E-1 8.75708E-1 9.01806E-1 8.84456E-1
-9999 -9999 -9999 -9999 -9999 -9999 -9999 -9999 -9999 -9999 -9999 -9999 -9999 -9999 -9999 -9999 -9999 4.9419E-1 4.18165E-1 5.4479E-1 1.39743E-1 1.57829E-1 2.39218E-1 6.62246E-2 7.75723E-2 4.2996E-2 4.90082E-3 1.15421E-2 2.91937E-2 9.52857E-3 1.22237E-2 1.71954E-2 7.19244E-3 8.40957E-3 2.75111E-2 1.46042E-1 2.90704E-1 3.03682E-1 6.81981E-1 7.30674E-1 5.07592E-1 2.91117E-1 3.54805E-1 4.11883E-1 5.57744E-1 4.79811E-1 4.68854E-1 5.28125E-1 5.9404E-1 7.08539E-1 7.12155E-1 7.65118E-1 6.82504E-1 8.73886E-1 6.77073E-1 6.6343E-1 6.76888E-1 7.5156E-1 8.15483E-1 9.39295E-1 7.6384E-1 9.55545E-1 9.39656E-1 9.92438E-1 9.65757E-1 9.83451E-1 9.78354E-1
-9999 -9999 -9999 -9999 -9999 -9999 -9999 -9999 -9999 -9999 -9999 -9999 -9999 -9999 -9999 -9999 -9999 6.4523E-1 4.88355E-1 4.77321E-1 1.83333E-1 1.76598E-1 2.13917E-1 1.30637E-1 1.6208E-1 7.01238E-2 1.11216E-1 3.65811E-2 4.92078E-2 3.92481E-2 2.87359E-2 3.11258E-2 6.2958E-3 8.01322E-3 4.13787E-2 1.1113E-1 2.36399E-1 3.70164E-1 6.57714E-1 7.8765E-1 3.82471E-1 4.16476E-1 4.56725E-1 3.73354E-1 5.13805E-1 4.34781E-1 4.20061E-1 5.94752E-1 6.71365E-1 6.98068E-1 7.63936E-1 7.26897E-1 6.43283E-1 7.61309E-1 7.46799E-1 6.09625E-1 4.99842E-1 6.08191E-1 6.26091E-1 9.5184E-1 8.37611E-1 9.29881E-1 8.63435E-1 9.43602E-1 9.92352E-1 9.7221E-1 9.82694E-1
-9999 -9999 -9999 -9999 -9999 -9999 -9999 -9999 -9999 -9999 -9999 -9999 -9999 -9999 -9999 -9999 -9999 5.00168E-1 4.46886E-1 8.95405E-1 6.65577E-1 3.45471E-1 4.44898E-1 1.72456E-1 1.91596E-1 2.54469E-1 1.79422E-1 7.82701E-2 5.85141E-2 7.86562E-2 3.98382E-2 4.2612E-2 9.07222E-3 3.85701E-3 1.73845E-2 1.05555E-1 5.76345E-1 8.8189E-1 7.52316E-1 7.42431E-1 3.70724E-1 3.77415E-1 5.31255E-1 3.38596E-1 5.84443E-1 6.80946E-1 5.28522E-1 5.92531E-1 6.24889E-1 7.27653E-1 7.78588E-1 7.72026E-1 8.46706E-1 8.55488E-1 7.16849E-1 5.03629E-1 5.8763E-1 6.90398E-1 5.85992E-1 8.62862E-1 9.01624E-1 8.87005E-1 9.02148E-1 9.39087E-1 9.77956E-1 9.84714E-1 9.70043E-1
-9999 -9999 -9999 -9999 -9999 -9999 -9999 -9999 -9999 -9999 -9999 -9999 -9999 -9999 -9999 -9999 -9999 8.34693E-1 8.44038E-1 9.40288E-1 7.28256E-1 4.68287E-1 2.86096E-1 3.48837E-1 5.42866E-1 6.93464E-1 1.70307E-1 4.28098E-2 4.78083E-2 7.60426E-2 5.87697E-2 2.53209E-2 1.37564E-2 3.11048E-3 1.03704E-2 7.77387E-2 7.26265E-1 5.84861E-1 6.30005E-1 5.65063E-1 3.7347E-1 4.54851E-1 4.26274E-1 4.46786E-1 4.30023E-1 4.98546E-1 5.55848E-1 6.01451E-1 6.00439E-1 7.95138E-1 7.5005E-1 7.33164E-1 8.67911E-1 8.69985E-1 7.09935E-1 7.10561E-1 5.79632E-1 7.95621E-1 7.71409E-1 5.56745E-1 8.41182E-1 9.73281E-1 9.08823E-1 9.42071E-1 9.01061E-1 9.69105E-1 9.0048E-1
-9999 -9999 -9999 -9999 -9999 -9999 -9999 -9999 -9999 -9999 -9999 -9999 -9999 -9999 -9999 -9999 -9999 7.57911E-1 7.68648E-1 8.21474E-1 4.59521E-1 3.91282E-1 1.72446E-1 3.22879E-1 3.8543E-1 3.58125E-1 3.91081E-1 5.12925E-2 1.62493E-2 1.33814E-2 6.96064E-3 1.06722E-2 3.32973E-3 1.41047E-2 3.78248E-2 1.08805E-1 3.00162E-1 3.06036E-1 5.47501E-1 5.94062E-1 5.67344E-1 3.70011E-1 3.84095E-1 6.12989E-1 6.51433E-1 7.98603E-1 5.80083E-1 5.06596E-1 7.13244E-1 5.33969E-1 8.03878E-1 8.58767E-1 8.64775E-1 8.27692E-1 5.73298E-1 7.15033E-1 7.65541E-1 7.92365E-1 8.44492E-1 5.85437E-1 9.21458E-1 9.81085E-1 9.58367E-1 9.79281E-1 9.15112E-1 8.9168E-1 8.72344E-1
-9999 -9999 -9999 -9999 -9999 -9999 -9999 -9999 -9999 -9999 -9999 -9999 -9999 -9999 -9999 -9999 -9999 5.22361E-1 5.97583E-1 6.04836E-1 3.66647E-1 5.98156E-1 1.65186E-1 2.1563E-1 1.35241E-1 3.34672E-1 4.00667E-1 4.65465E-2 1.30184E-2 2.22568E-3 1.22286E-3 2.36077E-3 1.84811E-3 4.49293E-3 5.90895E-2 2.91549E-1 2.89573E-1 4.60612E-1 4.28633E-1 6.21528E-1 3.28421E-1 6.09764E-1 6.86704E-1 4.98822E-1 5.18962E-1 5.26613E-1 5.72202E-1 5.10074E-1 7.63308E-1 6.72648E-1 5.41485E-1 6.83141E-1 8.17582E-1 6.15461E-1 4.27881E-1 6.68768E-1 8.07209E-1 7.37026E-1 5.59091E-1 6.57279E-1 8.77536E-1 9.92498E-1 9.50141E-1 8.84201E-1 8.86648E-1 9.77568E-1 9.73432E-1
-9999 -9999 -9999 -9999 -9999 -9999 -9999 -9999 -9999 -9999 -9999 -9999 -9999 -9999 -9999 -9999 -9999 5.51875E-1 7.68979E-1 5.04043E-1 5.47432E-1 5.27253E-1 2.30698E-1 2.50072E-1 1.05742E-1 1.40716E-1 1.58675E-1 3.91391E-2 1.49638E-2 4.13835E-3 1.9226E-3 4.10372E-3 2.64485E-3 4.89073E-3 3.39411E-2 1.52244E-1 5.04601E-1 5.03912E-1 4.45369E-1 5.96284E-1 4.42403E-1 6.48464E-1 6.60171E-1 6.56752E-1 5.73693E-1 4.94749E-1 6.89339E-1 5.28871E-1 5.76917E-1 6.45389E-1 6.3735E-1 6.86741E-1 6.63611E-1 4.79792E-1 5.2141E-1 8.53471E-1 7.14192E-1 7.49261E-1 5.16787E-1 5.52779E-1 7.66947E-1 8.85667E-1 9.4132E-1 9.39121E-1 8.58754E-1 8.96296E-1 9.88052E-1
-9999 -9999 -9999 -9999 -9999 -9999 -9999 -9999 -9999 -9999 -9999 -9999 -9999 -9999 -9999 -9999 -9999 6.83794E-1 6.02365E-1 6.92469E-1 5.43027E-1 6.2124E-1 7.99439E-1 3.07911E-1 1.47887E-1 1.24558E-1 1.77004E-1 3.344E-2 8.85149E-3 1.03297E-2 4.11822E-3 3.62825E-3 2.75016E-3 6.22273E-3 2.07649E-2 2.69294E-1 5.00812E-1 3.78592E-1 4.36225E-1 4.81836E-1 5.19153E-1 5.03766E-1 5.25537E-1 5.02902E-1 4.60339E-1 5.25925E-1 5.98033E-1 5.36817E-1 7.11704E-1 5.05067E-1 6.35032E-1 6.57839E-1 7.45441E-1 4.84957E-1 6.96491E-1 7.04725E-1 5.52756E-1 5.68377E-1 5.59246E-1 7.47283E-1 6.16963E-1 5.62997E-1 8.91783E-1 8.69028E-1 8.25138E-1 8.00701E-1 8.40518E-1
-9999 -9999 -9999 -9999 -9999 -9999 -9999 -9999 -9999 -9999 -9999 -9999 -9999 -9999 -9999 -9999 -9999 6.13242E-1 5.26238E-1 5.97793E-1 7.44349E-1 5.72747E-1 7.48067E-1 2.58485E-1 1.35873E-1 1.09988E-1 5.37543E-2 2.36666E-2 4.95285E-3 1.0413E-2 2.75703E-3 3.06501E-3 7.44403E-3 3.12874E-2 4.03514E-2 5.91226E-1 6.51295E-1 2.84574E-1 2.75669E-1 6.21266E-1 4.63848E-1 4.73195E-1 5.70083E-1 6.62918E-1 5.28331E-1 4.53013E-1 5.26583E-1 4.84347E-1 5.94325E-1 5.61575E-1 8.08198E-1 6.20437E-1 6.41149E-1 5.19431E-1 5.0369E-1 7.85814E-1 8.25336E-1 7.61568E-1 5.08231E-1 5.56004E-1 5.74437E-1 7.02184E-1 9.33411E-1 9.68943E-1 8.98266E-1 8.26062E-1 8.6017E-1
-9999 -9999 -9999 -9999 -9999 -9999 -9999 -9999 -9999 -9999 -9999 -9999 -9999 -9999 -9999 -9999 -9999 5.34328E-1 7.46866E-1 8.02258E-1 8.77264E-1 7.87658E-1 7.37009E-1 4.7888E-1 2.36073E-1 2.11789E-1 4.8123E-2 6.02381E-3 1.09239E-2 4.6174E-3 3.20939E-3 4.8903E-3 7.67914E-3 1.46733E-2 6.13549E-2 6.32726E-1 7.736E-1 4.68655E-1 3.60567E-1 5.40201E-1 4.04791E-1 5.44494E-1 4.15824E-1 6.43214E-1 5.07965E-1 4.38468E-1 6.69485E-1 6.27528E-1 6.82883E-1 6.86547E-1 8.59181E-1 5.54509E-1 6.73345E-1 6.06402E-1 6.34728E-1 7.08275E-1 7.99261E-1 8.67265E-1 7.61745E-1 5.00908E-1 4.38495E-1 7.86885E-1 9.56583E-1 8.49885E-1 8.7703E-1 8.65729E-1 7.82947E-1
-9999 -9999 -9999 -9999 -9999 -9999 -9999 -9999 -9999 -9999 -9999 -9999 -9999 -9999 -9999 -9999 -9999 7.45547E-1 9.83821E-1 9.71521E-1 9.51431E-1 8.75364E-1 8.47087E-1 7.25857E-1 3.06631E-1 1.31579E-1 9.71078E-2 2.01599E-2 2.16847E-2 1.19317E-2 1.11636E-2 7.47434E-3 2.15446E-2 5.81815E-3 7.12295E-2 8.50645E-1 9.10164E-1 6.81132E-1 6.38358E-1 5.44356E-1 5.65992E-1 5.01914E-1 4.91381E-1 6.0702E-1 6.40614E-1 8.24414E-1 5.71584E-1 6.04161E-1 6.48704E-1 6.60394E-1 7.17312E-1 8.40917E-1 6.13726E-1 6.96481E-1 5.98947E-1 8.73799E-1 8.64644E-1 8.37124E-1 6.82204E-1 7.75046E-1 6.61907E-1 7.737E-1 9.09644E-1 8.73103E-1 9.42163E-1 7.96102E-1 7.8651E-1
-9999 -9999 -9999 -9999 -9999 -9999 -9999 -9999 -9999 -9999 -9999 -9999 -9999 -9999 -9999 -9999 -9999 6.58405E-1 8.91782E-1 9.64664E-1 7.84828E-1 7.0315E-1 6.73765E-1 5.7156E-1 5.34531E-1 2.96678E-1 1.70954E-1 3.36935E-1 3.12111E-1 1.03352E-1 4.05917E-2 2.34152E-2 4.36903E-2 4.95188E-2 2.68822E-1 6.88755E-1 5.67254E-1 5.51782E-1 6.47925E-1 4.9916E-1 6.26068E-1 5.06257E-1 5.33956E-1 5.36994E-1 3.0007E-1 3.37346E-1 3.82038E-1 4.11629E-1 6.76343E-1 7.5041E-1 8.52315E-1 7.85491E-1 6.97624E-1 5.23908E-1 5.12441E-1 7.15541E-1 7.66893E-1 7.26629E-1 4.86523E-1 6.31924E-1 7.24576E-1 7.91791E-1 9.0132E-1 7.15016E-1 7.12833E-1 6.96953E-1 6.86416E-1
-9999 -9999 -9999 -9999 -9999 -9999 -9999 -9999 -9999 -9999 -9999 -9999 -9999 -9999 -9999 -9999 -9999 7.3384E-1 9.29651E-1 7.94374E-1 7.96209E-1 4.59565E-1 2.57782E-1 3.311E-1 5.17251E-1 2.34302E-1 8.83571E-2 2.9923E-1 1.63152E-1 1.39999E-1 5.37396E-2 3.55566E-2 6.16988E-2 1.02076E-1 1.56796E-1 7.51458E-1 5.87747E-1 5.26713E-1 5.80855E-1 5.98085E-1 5.86481E-1 3.49544E-1 5.35105E-1 5.89835E-1 5.51842E-1 5.49323E-1 4.53368E-1 8.06003E-1 8.04858E-1 9.48154E-1 9.02508E-1 9.63637E-1 8.76676E-1 6.63347E-1 5.65948E-1 7.42515E-1 6.36525E-1 4.34233E-1 5.98416E-1 6.41065E-1 7.59707E-1 8.67544E-1 8.65627E-1 8.66767E-1 7.61221E-1 6.74993E-1 8.17672E-1
-9999 -9999 -9999 -9999 -9999 -9999 -9999 -9999 -9999 -9999 -9999 -9999 -9999 -9999 -9999 -9999 -9999 7.62817E-1 8.21125E-1 8.48475E-1 8.98219E-1 6.28557E-1 5.88415E-1 1.05222E-1 4.09303E-1 2.69599E-1 1.5787E-1 6.31557E-2 7.89001E-2 5.6946E-2 4.11688E-2 3.63624E-2 1.13383E-1 3.32072E-1 5.43592E-1 4.66498E-1 5.96944E-1 4.56042E-1 5.63081E-1 6.45514E-1 5.74793E-1 6.75873E-1 7.04493E-1 7.83753E-1 7.74459E-1 6.46824E-1 5.163E-1 5.32866E-1 8.36489E-1 9.25302E-1 9.51587E-1 9.2185E-1 6.90843E-1 6.80917E-1 7.77251E-1 7.73793E-1 6.47244E-1 5.00073E-1 6.68247E-1 6.79973E-1 6.44228E-1 8.41507E-1 9.81166E-1 7.26442E-1 7.61406E-1 8.39659E-1 9.31458E-1
-9999 -9999 -9999 -9999 -9999 -9999 -9999 -9999 -9999 -9999 -9999 -9999 -9999 -9999 -9999 -9999 -9999 5.60077E-1 5.03039E-1 7.5478E-1 8.00307E-1 5.48587E-1 5.96543E-1 5.30652E-1 3.87521E-1 5.20346E-1 2.67054E-1 1.11879E-1 5.68116E-2 7.26558E-2 2.70068E-2 1.58647E-1 1.8385E-1 2.59875E-1 6.30034E-1 5.26723E-1 4.82977E-1 6.59169E-1 7.22659E-1 5.82129E-1 4.64536E-1 5.94053E-1 6.63269E-1 7.44543E-1 7.47622E-1 6.20236E-1 5.10627E-1 6.40857E-1 7.62163E-1 9.03593E-1 8.87343E-1 9.48506E-1 8.86178E-1 7.15944E-1 8.12591E-1 6.53993E-1 7.25913E-1 5.5448E-1 7.26985E-1 7.84715E-1 7.55411E-1 7.91616E-1 9.57057E-1 9.59832E-1 9.42944E-1 9.09738E-1 9.36252E-1
-9999 -9999 -9999 -9999 -9999 -9999 -9999 -9999 -9999 -9999 -9999 -9999 -9999 -9999 -9999 -9999 -9999 5.82273E-1 4.84159E-1 8.90117E-1 8.80635E-1 9.2402E-1 6.91924E-1 4.62356E-1 2.94249E-1 7.14357E-1 5.34809E-1 2.54004E-1 8.8276E-2 7.44186E-2 6.46474E-2 2.28427E-2 3.91352E-2 2.95355E-1 5.95419E-1 7.74682E-1 7.16403E-1 6.83855E-1 7.30177E-1 6.57406E-1 4.09961E-1 4.72288E-1 5.64836E-1 6.62464E-1 6.96225E-1 6.61011E-1 5.32226E-1 5.40207E-1 8.3305E-1 9.61147E-1 8.79461E-1 8.9223E-1 8.11327E-1 8.05998E-1 8.33258E-1 8.6813E-1 6.99954E-1 7.76872E-1 7.99991E-1 5.9425E-1 8.23672E-1 7.12184E-1 9.30109E-1 8.79638E-1 8.80146E-1 9.27218E-1 8.51462E-1
-9999 -9999 -9999 -9999 -9999 -9999 -9999 -9999 -9999 -9999 -9999 -9999 -9999 -9999 -9999 -9999 -9999 6.04718E-1 5.22981E-1 4.52402E-1 3.75253E-1 8.03603E-1 8.08516E-1 3.72606E-1 5.27482E-1 6.38602E-1 3.52065E-1 1.67521E-1 2.56308E-1 4.04451E-1 2.06196E-1 8.11514E-2 6.03273E-2 4.58627E-1 8.29182E-1 8.25588E-1 5.60812E-1 5.63953E-1 5.89403E-1 5.81897E-1 4.56397E-1 4.59517E-1 2.15346E-1 5.22885E-1 4.95652E-1 4.96819E-1 4.99591E-1 5.45969E-1 8.0956E-1 9.57975E-1 8.2881E-1 6.57574E-1 6.92483E-1 7.54103E-1 8.6695E-1 7.54693E-1 6.77315E-1 5.75559E-1 5.41828E-1 5.56731E-1 8.74222E-1 8.29627E-1 9.43452E-1 7.66541E-1 7.57707E-1 8.67086E-1 9.58464E-1
-9999 -9999 -9999 -9999 -9999 -9999 -9999 -9999 -9999 -9999 -9999 -9999 -9999 -9999 -9999 -9999 -9999 -9999 7.82527E-1 7.79602E-1 6.5133E-1 8.88525E-1 9.58977E-1 7.95065E-1 6.23689E-1 7.30108E-1 3.54368E-1 5.51874E-1 7.42407E-1 5.80666E-1 4.95887E-1 6.85451E-1 8.0029E-1 5.82954E-1 7.86515E-1 9.27356E-1 8.69039E-1 6.60673E-1 6.30836E-1 4.80587E-1 6.1338E-1 5.41355E-1 4.74277E-1 3.7291E-1 4.64209E-1 5.98878E-1 6.80392E-1 8.78271E-1 9.23851E-1 7.8262E-1 8.09994E-1 7.96293E-1 5.75395E-1 8.39241E-1 6.67194E-1 8.05163E-1 6.65638E-1 8.78378E-1 7.75489E-1 6.32393E-1 6.58845E-1 8.45039E-1 8.62511E-1 7.04415E-1 7.44102E-1 6.55274E-1 9.46692E-1
-9999 -9999 -9999 -9999 -9999 -9999 -9999 -9999 -9999 -9999 -9999 -9999 -9999 -9999 -9999 -9999 -9999 -9999 5.89626E-1 7.27859E-1 8.14672E-1 6.88314E-1 9.18681E-1 9.58287E-1 9.3475E-1 8.6489E-1 8.99957E-1 7.79898E-1 6.20162E-1 5.26047E-1 8.34667E-1 8.98311E-1 9.40145E-1 8.7633E-1 8.33508E-1 9.10134E-1 7.82916E-1 7.0836E-1 4.90566E-1 5.31928E-1 4.92896E-1 5.67381E-1 5.98563E-1 6.59295E-1 7.21455E-1 7.94092E-1 7.50539E-1 7.69296E-1 7.104E-1 9.28761E-1 7.33567E-1 8.85075E-1 6.58935E-1 6.9917E-1 8.40994E-1 8.40556E-1 6.92048E-1 5.36359E-1 5.59282E-1 6.00814E-1 7.08597E-1 8.8216E-1 8.97068E-1 7.95154E-1 6.25448E-1 8.04919E-1 9.406E-1
-9999 -9999 -9999 -9999 -9999 -9999 -9999 -9999 -9999 -9999 -9999 -9999 -9999 -9999 -9999 -9999 -9999 -9999 -9999 8.09147E-1 4.05902E-1 6.2786E-1 6.70949E-1 8.86798E-1 9.03615E-1 9.5485E-1 9.47336E-1 9.51353E-1 6.65243E-1 7.35317E-1 9.08297E-1 9.41372E-1 8.64081E-1 8.09143E-1 8.85958E-1 9.31107E-1 7.96811E-1 7.00842E-1 4.70112E-1 5.73532E-1 5.87503E-1 5.56012E-1 5.96985E-1 7.76682E-1 5.1465E-1 6.74768E-1 7.64361E-1 7.0538E-1 6.70049E-1 7.36557E-1 6.43854E-1 4.89471E-1 4.77524E-1 7.306E-1 9.36712E-1 8.85654E-1 8.78332E-1 7.57015E-1 7.53656E-1 7.50302E-1 7.52576E-1 5.40305E-1 7.05072E-1 7.01048E-1 6.90595E-1 8.39158E-1 8.9818E-1
-9999 -9999 -9999 -9999 -9999 -9999 -9999 -9999 -9999 -9999 -9999 -9999 -9999 -9999 -9999 -9999 -9999 -9999 -9999 5.0139E-1 4.71217E-1 5.77689E-1 6.602E-1 8.56726E-1 8.69578E-1 9.68655E-1 9.36295E-1 9.01378E-1 9.33717E-1 7.18862E-1 9.17184E-1 8.97909E-1 9.42595E-1 8.65035E-1 7.935E-1 8.89225E-1 9.1754E-1 7.94203E-1 4.51058E-1 7.6805E-1 5.76302E-1 6.64669E-1 5.26158E-1 7.01749E-1 6.03837E-1 7.04178E-1 7.0234E-1 6.99293E-1 8.10949E-1 8.50877E-1 6.90568E-1 5.30794E-1 8.19632E-1 8.1381E-1 7.37713E-1 8.74355E-1 9.11539E-1 9.31438E-1 8.9778E-1 8.59467E-1 8.72737E-1 8.37203E-1 6.26148E-1 7.27544E-1 8.85607E-1 9.55381E-1 9.84937E-1
-9999 -9999 -9999 -9999 -9999 -9999 -9999 -9999 -9999 -9999 -9999 -9999 -9999 -9999 -9999 -9999 -9999 -9999 -9999 3.46559E-1 7.73162E-1 8.30821E-1 7.8069E-1 8.50166E-1 9.78854E-1 9.85541E-1 9.81011E-1 9.72208E-1 9.60343E-1 9.19989E-1 9.02249E-1 9.1018E-1 9.28074E-1 8.73118E-1 8.42498E-1 8.60554E-1 9.37554E-1 8.38399E-1 6.22889E-1 4.65426E-1 5.46915E-1 6.83755E-1 5.44187E-1 5.556E-1 6.10006E-1 7.76235E-1 7.41265E-1 8.33353E-1 8.48439E-1 6.57338E-1 6.2861E-1 7.91526E-1 8.32935E-1 7.50085E-1 8.1295E-1 8.71963E-1 8.50967E-1 8.59909E-1 8.15183E-1 8.98788E-1 9.59804E-1 6.76441E-1 8.12992E-1 7.69868E-1 9.26081E-1 9.18373E-1 9.80155E-1
