ENM/Final_Models/M_2_F_q_Set_1_E/Gustavia_santanderiensis_Choco_avg.asc
ncols         367
nrows         963
xllcorner     -78.6
yllcorner     0.65
cellsize      0.00833333333333323
NODATA_value  -9999
[rows 403 to 433 of 963, columns 136 to 203 of 367]
-9999 -9999 -9999 -9999 -9999 -9999 -9999 -9999 -9999 -9999 -9999 -9999 -9999 -9999 -9999 8.88571E-1 8.96438E-1 8.90557E-1 8.2168E-1 8.86818E-1 7.00655E-1 7.69969E-1 4.53287E-1 7.202E-1 7.30539E-1 1.21672E-1 2.68057E-2 4.12926E-3 2.66866E-3 5.21196E-3 4.22916E-3 8.54131E-3 1.53388E-1 5.89562E-1 7.82542E-1 8.57533E-1 8.65241E-1 8.93394E-1 8.40784E-1 8.98195E-1 8.99099E-1 8.83536E-1 8.87081E-1 8.92709E-1 8.95146E-1 8.96201E-1 9.02546E-1 9.00144E-1 8.95446E-1 9.00114E-1 8.99989E-1 8.99765E-1 8.9252E-1 9.00388E-1 8.99994E-1 8.99922E-1 8.98622E-1 8.99747E-1 9E-1 9E-1 9E-1 9E-1 9.00043E-1 9.00001E-1 9E-1 9E-1 9E-1 9E-1
-9999 -9999 -9999 -9999 -9999 -9999 -9999 -9999 -9999 -9999 -9999 -9999 -9999 -9999 -9999 8.91686E-1 8.99083E-1 8.88482E-1 8.83736E-1 8.82313E-1 8.0081E-1 8.2112E-1 3.99916E-1 4.58156E-1 4.40544E-1 1.10288E-1 4.62473E-2 9.25198E-3 3.95163E-3 7.82617E-3 5.82979E-3 1.11206E-2 1.00091E-1 6.12354E-1 8.79549E-1 8.78687E-1 8.69123E-1 8.9317E-1 8.79442E-1 8.97423E-1 8.98117E-1 8.9902E-1 8.95758E-1 8.93879E-1 8.99379E-1 8.93424E-1 8.9923E-1 8.99364E-1 8.97753E-1 9.00025E-1 9.00249E-1 8.95418E-1 8.97508E-1 9.00026E-1 8.99989E-1 8.99977E-1 8.99746E-1 9.00619E-1 9.00019E-1 9E-1 9E-1 9E-1 9E-1 9E-1 9E-1 9E-1 9E-1 9E-1
-9999 -9999 -9999 -9999 -9999 -9999 -9999 -9999 -9999 -9999 -9999 -9999 -9999 -9999 -9999 8.98263E-1 8.91649E-1 8.97668E-1 8.88286E-1 8.93096E-1 9.01081E-1 8.6092E-1 5.06303E-1 4.37847E-1 4.6964E-1 1.07695E-1 3.10102E-2 1.7691E-2 7.90824E-3 7.28882E-3 4.92452E-3 1.76482E-2 2.16082E-1 7.90735E-1 8.83654E-1 8.47772E-1 8.65914E-1 8.83819E-1 8.91774E-1 8.93193E-1 8.91323E-1 8.9393E-1 8.86296E-1 8.95871E-1 8.98628E-1 8.97319E-1 8.9991E-1 8.90736E-1 8.98319E-1 8.99135E-1 9.00262E-1 8.95686E-1 8.99884E-1 8.99948E-1 8.99353E-1 8.9979E-1 9.00942E-1 9.0269E-1 8.99197E-1 8.98373E-1 9E-1 9E-1 9E-1 8.99999E-1 9E-1 9E-1 9E-1 9E-1
-9999 -9999 -9999 -9999 -9999 -9999 -9999 -9999 -9999 -9999 -9999 -9999 -9999 -9999 -9999 8.96556E-1 8.9052E-1 8.9519E-1 8.98844E-1 8.86662E-1 9.00535E-1 8.37964E-1 4.62218E-1 3.9049E-1 2.09759E-1 8.32318E-2 1.86989E-2 2.60994E-2 5.79411E-3 6.22215E-3 1.35017E-2 5.09797E-2 3.08398E-1 8.85941E-1 8.9561E-1 7.86286E-1 7.97278E-1 8.96714E-1 8.80758E-1 8.86011E-1 8.9452E-1 8.98704E-1 8.96625E-1 8.91476E-1 8.95735E-1 8.95687E-1 8.9831E-1 8.95199E-1 8.99901E-1 8.99298E-1 8.99979E-1 8.9717E-1 8.97571E-1 8.99981E-1 9.00027E-1 9.00017E-1 8.99683E-1 8.99688E-1 8.9865E-1 8.99917E-1 9E-1 9E-1 9E-1 9E-1 9E-1 9E-1 9E-1 9E-1
-9999 -9999 -9999 -9999 -9999 -9999 -9999 -9999 -9999 -9999 -9999 -9999 -9999 -9999 -9999 8.94187E-1 8.9924E-1 8.99837E-1 8.99854E-1 8.98021E-1 9.00515E-1 9.12281E-1 6.24489E-1 5.3763E-1 1.75864E-1 1.72696E-2 2.48444E-2 1.14007E-2 6.62107E-3 1.02323E-2 1.81219E-2 4.1523E-2 4.00504E-1 8.95512E-1 8.99223E-1 8.70227E-1 8.45397E-1 8.85377E-1 8.62358E-1 8.90038E-1 8.75701E-1 8.96463E-1 8.94207E-1 8.93833E-1 8.99673E-1 8.99516E-1 8.98599E-1 8.98771E-1 8.9999E-1 8.97483E-1 8.99652E-1 8.99479E-1 8.99777E-1 8.99939E-1 9.00007E-1 9.0003E-1 9.0046E-1 8.97599E-1 8.8985E-1 9.0001E-1 9E-1 9E-1 9E-1 9.00034E-1 8.99999E-1 9E-1 9E-1 9E-1
-9999 -9999 -9999 -9999 -9999 -9999 -9999 -9999 -9999 -9999 -9999 -9999 -9999 -9999 -9999 8.99778E-1 9E-1 9E-1 8.99996E-1 8.99566E-1 9.01609E-1 9.40164E-1 8.58283E-1 6.08549E-1 1.86437E-1 4.63724E-2 5.08195E-2 3.09591E-2 2.89537E-2 1.44057E-2 4.09032E-2 2.86738E-2 4.30146E-1 8.9959E-1 8.9992E-1 8.96584E-1 8.96522E-1 8.90716E-1 8.92851E-1 8.87435E-1 8.88908E-1 8.97913E-1 8.99644E-1 9.00001E-1 8.97497E-1 8.96534E-1 8.98467E-1 8.98286E-1 8.99668E-1 8.99981E-1 8.9943E-1 9.00172E-1 8.99055E-1 8.99999E-1 8.99999E-1 8.99982E-1 8.99734E-1 9.00001E-1 9.00098E-1 9.00001E-1 9.00034E-1 9E-1 9E-1 9.00028E-1 9.00026E-1 9E-1 9E-1 9E-1
-9999 -9999 -9999 -9999 -9999 -9999 -9999 -9999 -9999 -9999 -9999 -9999 -9999 -9999 -9999 8.99385E-1 8.99984E-1 8.99999E-1 9.00903E-1 8.99976E-1 8.99613E-1 9.27878E-1 8.93866E-1 8.08893E-1 6.14731E-1 6.28097E-1 6.20425E-1 3.26542E-1 7.23901E-2 4.33157E-2 1.59976E-1 1.97649E-1 4.72321E-1 8.95456E-1 8.93939E-1 8.90364E-1 8.9605E-1 8.88802E-1 8.9563E-1 8.89365E-1 8.92534E-1 8.95455E-1 8.59565E-1 8.71208E-1 8.71024E-1 8.70325E-1 8.97844E-1 8.9961E-1 8.99983E-1 8.99969E-1 8.99791E-1 8.97614E-1 8.9709E-1 8.99944E-1 9.00535E-1 9.01716E-1 8.93826E-1 9.00019E-1 9.00457E-1 9.00015E-1 9E-1 8.99988E-1 9.00001E-1 8.99992E-1 9.00624E-1 9.0002E-1 9E-1 9E-1
-9999 -9999 -9999 -9999 -9999 -9999 -9999 -9999 -9999 -9999 -9999 -9999 -9999 -9999 -9999 8.99643E-1 8.99994E-1 8.99782E-1 9.015E-1 8.85601E-1 8.01809E-1 8.63285E-1 8.94275E-1 7.73019E-1 4.88364E-1 6.27054E-1 6.57147E-1 4.51595E-1 1.80699E-1 1.02587E-1 1.88306E-1 5.00669E-1 6.66329E-1 8.98703E-1 8.93831E-1 8.89485E-1 8.93837E-1 8.95187E-1 8.89366E-1 8.61081E-1 8.93781E-1 8.97186E-1 8.97572E-1 8.96113E-1 8.838E-1 8.99623E-1 8.99794E-1 9E-1 8.99999E-1 9E-1 9E-1 8.99772E-1 8.98288E-1 9.00426E-1 9.00096E-1 8.88369E-1 8.98709E-1 9.00165E-1 9.0001E-1 9.00971E-1 9.00029E-1 9.00014E-1 9.00006E-1 8.99981E-1 9.00029E-1 9E-1 9E-1 9E-1
-9999 -9999 -9999 -9999 -9999 -9999 -9999 -9999 -9999 -9999 -9999 -9999 -9999 -9999 -9999 8.99901E-1 8.99941E-1 8.99939E-1 8.99992E-1 8.98865E-1 9.21449E-1 5.61995E-1 8.74033E-1 6.25433E-1 3.05713E-1 1.32047E-1 2.53312E-1 3.40793E-1 1.50103E-1 1.31354E-1 3.40001E-1 6.91109E-1 8.86681E-1 8.81785E-1 8.94248E-1 8.82549E-1 8.95695E-1 8.9586E-1 8.90634E-1 8.98566E-1 8.9961E-1 8.99918E-1 8.99881E-1 8.99282E-1 8.86597E-1 8.92362E-1 8.99947E-1 8.99996E-1 8.99999E-1 9E-1 8.99856E-1 8.99875E-1 8.99931E-1 9.00495E-1 9.0008E-1 8.95752E-1 9.00109E-1 9.00082E-1 9.00263E-1 9.00025E-1 9E-1 8.99989E-1 8.99994E-1 9.00028E-1 9.0004E-1 9E-1 9E-1 9E-1
-9999 -9999 -9999 -9999 -9999 -9999 -9999 -9999 -9999 -9999 -9999 -9999 -9999 -9999 -9999 8.96933E-1 8.94998E-1 9.01075E-1 8.99678E-1 8.94576E-1 9.26272E-1 8.86348E-1 8.83679E-1 7.93509E-1 4.98624E-1 1.97022E-1 1.15531E-1 1.50306E-1 8.50669E-2 3.42074E-1 4.34998E-1 7.38417E-1 8.92401E-1 8.87899E-1 8.87664E-1 8.98648E-1 9.01415E-1 8.94735E-1 8.81069E-1 8.95202E-1 8.98774E-1 8.99677E-1 8.9979E-1 8.95821E-1 8.8894E-1 8.9737E-1 8.99896E-1 8.99999E-1 8.99982E-1 9E-1 8.99999E-1 8.99922E-1 8.99981E-1 8.99758E-1 9.01922E-1 8.97729E-1 9.00406E-1 9.00538E-1 9.006E-1 9.00022E-1 9E-1 9.00022E-1 9E-1 9.00038E-1 9.00041E-1 9E-1 9.0005E-1 9.00043E-1
-9999 -9999 -9999 -9999 -9999 -9999 -9999 -9999 -9999 -9999 -9999 -9999 -9999 -9999 -9999 8.98546E-1 8.92301E-1 8.99995E-1 8.99985E-1 8.99997E-1 8.99434E-1 8.76719E-1 8.48586E-1 9.03643E-1 7.52507E-1 4.93153E-1 4.60118E-1 4.01924E-1 1.85809E-1 1.7136E-1 2.70369E-1 7.57021E-1 8.82197E-1 8.97543E-1 8.97841E-1 8.98314E-1 8.9992E-1 8.98042E-1 8.69749E-1 8.86039E-1 8.95866E-1 8.98281E-1 8.99328E-1 8.9828E-1 8.92507E-1 8.94809E-1 8.9998E-1 9E-1 8.99998E-1 8.99994E-1 8.99982E-1 8.99959E-1 8.99997E-1 9.00025E-1 9.00422E-1 9.00007E-1 9.0001E-1 8.99681E-1 9.00713E-1 8.99994E-1 9E-1 9.00014E-1 9.00014E-1 9.0004E-1 9.00029E-1 9E-1 9.00038E-1 9E-1
-9999 -9999 -9999 -9999 -9999 -9999 -9999 -9999 -9999 -9999 -9999 -9999 -9999 -9999 -9999 8.98561E-1 8.93841E-1 8.85523E-1 8.75078E-1 8.99754E-1 8.99794E-1 8.59135E-1 8.92501E-1 8.98409E-1 8.26254E-1 6.1574E-1 7.62578E-1 8.36636E-1 6.84035E-1 4.35573E-1 3.74332E-1 8.57403E-1 8.99188E-1 8.99415E-1 8.92209E-1 8.92227E-1 8.96502E-1 8.96344E-1 8.81344E-1 8.84738E-1 7.82505E-1 8.91297E-1 8.88687E-1 8.91046E-1 8.92152E-1 8.94983E-1 8.99958E-1 9E-1 8.99993E-1 8.99043E-1 8.99744E-1 8.99819E-1 8.99994E-1 8.99964E-1 8.9991E-1 8.99305E-1 8.97901E-1 8.99406E-1 9.00027E-1 9E-1 9E-1 9.00013E-1 9.00014E-1 9.00028E-1 9E-1 9E-1 9E-1 9.00045E-1
-9999 -9999 -9999 -9999 -9999 -9999 -9999 -9999 -9999 -9999 -9999 -9999 -9999 -9999 -9999 -9999 8.99912E-1 8.99753E-1 9.00009E-1 8.9998E-1 9E-1 8.9962E-1 8.97762E-1 9.00842E-1 8.53584E-1 8.77255E-1 8.94744E-1 8.79928E-1 8.52056E-1 8.84685E-1 8.98826E-1 8.9151E-1 8.99469E-1 8.99962E-1 8.99951E-1 8.98875E-1 8.9801E-1 8.91665E-1 8.97088E-1 8.9439E-1 8.85984E-1 8.62511E-1 8.85167E-1 8.98149E-1 8.99146E-1 8.99991E-1 8.99999E-1 8.99878E-1 8.99987E-1 8.99968E-1 8.96218E-1 8.9998E-1 8.99361E-1 8.99946E-1 8.99687E-1 8.99993E-1 8.99982E-1 9.00139E-1 9.01718E-1 9.00024E-1 9E-1 8.99985E-1 9.00011E-1 9.00415E-1 9.00042E-1 9E-1 9E-1 9.00004E-1
-9999 -9999 -9999 -9999 -9999 -9999 -9999 -9999 -9999 -9999 -9999 -9999 -9999 -9999 -9999 -9999 8.97915E-1 8.99728E-1 8.99866E-1 8.98832E-1 8.99984E-1 8.99999E-1 8.99989E-1 8.99728E-1 8.99606E-1 8.9844E-1 8.95639E-1 8.83141E-1 8.96378E-1 8.99339E-1 8.99958E-1 8.9987E-1 8.99562E-1 8.99964E-1 8.99881E-1 8.99453E-1 8.90591E-1 8.929E-1 8.91639E-1 8.9627E-1 8.94404E-1 8.9788E-1 8.98941E-1 8.99938E-1 8.99778E-1 8.9986E-1 8.99766E-1 9E-1 8.99937E-1 8.99998E-1 8.99387E-1 8.99427E-1 8.99967E-1 8.99991E-1 8.99803E-1 8.96977E-1 8.98122E-1 8.99646E-1 8.99991E-1 9E-1 9.00015E-1 9.00019E-1 9.00297E-1 9.00022E-1 9.00038E-1 9E-1 9E-1 9E-1
-9999 -9999 -9999 -9999 -9999 -9999 -9999 -9999 -9999 -9999 -9999 -9999 -9999 -9999 -9999 -9999 -9999 9.00419E-1 8.81991E-1 8.97201E-1 8.9845E-1 8.99985E-1 8.99923E-1 8.99992E-1 8.99976E-1 8.99978E-1 8.99336E-1 8.97897E-1 8.99778E-1 8.99991E-1 8.99885E-1 8.99682E-1 8.99868E-1 8.99982E-1 8.99808E-1 8.99312E-1 8.91718E-1 8.96825E-1 8.96806E-1 8.96021E-1 8.96382E-1 8.99425E-1 8.94774E-1 8.99224E-1 8.99924E-1 8.99531E-1 8.99601E-1 8.99858E-1 8.99173E-1 8.92982E-1 8.93014E-1 8.99869E-1 8.99999E-1 8.99998E-1 9E-1 8.99988E-1 8.99947E-1 8.99996E-1 9.00002E-1 8.99255E-1 8.99979E-1 8.99993E-1 9.00442E-1 9.00742E-1 9E-1 9E-1 9E-1 9E-1
-9999 -9999 -9999 -9999 -9999 -9999 -9999 -9999 -9999 -9999 -9999 -9999 -9999 -9999 -9999 -9999 -9999 8.94792E-1 8.88689E-1 8.97747E-1 8.98177E-1 8.99957E-1 8.99992E-1 8.99999E-1 8.99977E-1 8.99987E-1 8.99998E-1 8.98912E-1 8.99961E-1 8.99985E-1 8.99992E-1 8.99699E-1 8.99733E-1 8.99958E-1 8.99982E-1 8.99947E-1 8.88887E-1 8.99802E-1 8.97766E-1 8.98297E-1 8.93062E-1 8.99694E-1 8.97933E-1 8.99587E-1 8.99758E-1 8.996E-1 8.99982E-1 8.99998E-1 8.99813E-1 8.973E-1 8.99944E-1 8.99943E-1 8.99864E-1 8.99991E-1 9E-1 9.00001E-1 9E-1 9E-1 9.00014E-1 9E-1 8.99875E-1 8.99998E-1 9.00027E-1 9E-1 9E-1 9E-1 9.00031E-1 9E-1
-9999 -9999 -9999 -9999 -9999 -9999 -9999 -9999 -9999 -9999 -9999 -9999 -9999 -9999 -9999 -9999 -9999 8.72062E-1 9.04012E-1 9.02697E-1 9.00357E-1 9.00022E-1 9.00002E-1 9E-1 9E-1 8.99999E-1 9E-1 8.99969E-1 8.99977E-1 8.99995E-1 8.99984E-1 8.99898E-1 8.99815E-1 8.99965E-1 8.99991E-1 8.99846E-1 8.98983E-1 8.90433E-1 8.95073E-1 8.97661E-1 8.95751E-1 8.97932E-1 8.98276E-1 8.99916E-1 8.99739E-1 8.99984E-1 8.99983E-1 8.99756E-1 8.99163E-1 8.99952E-1 8.99951E-1 8.99721E-1 8.99935E-1 8.99996E-1 8.99996E-1 8.99996E-1 8.99997E-1 9E-1 9.00018E-1 8.99955E-1 9.0011E-1 9.0055E-1 9.00033E-1 9.0003E-1 9E-1 9E-1 9E-1 9E-1
-9999 -9999 -9999 -9999 -9999 -9999 -9999 -9999 -9999 -9999 -9999 -9999 -9999 -9999 -9999 -9999 -9999 -9999 8.92887E-1 8.94762E-1 8.92055E-1 8.99041E-1 8.99514E-1 8.99998E-1 8.99997E-1 8.99993E-1 8.99998E-1 9E-1 9E-1 9E-1 8.99999E-1 8.99945E-1 8.99786E-1 8.99959E-1 8.99798E-1 8.99179E-1 8.99988E-1 8.99488E-1 8.98808E-1 8.95418E-1 8.97632E-1 8.99232E-1 8.99709E-1 8.99285E-1 8.99531E-1 8.99998E-1 8.99883E-1 8.99826E-1 8.97719E-1 8.99948E-1 8.99808E-1 8.99997E-1 8.99996E-1 8.99974E-1 8.99931E-1 8.99946E-1 9.00001E-1 9.00011E-1 9.0005E-1 8.99998E-1 9.00048E-1 9.00424E-1 9E-1 9E-1 9E-1 9E-1 9E-1 9E-1
-9999 -9999 -9999 -9999 -9999 -9999 -9999 -9999 -9999 -9999 -9999 -9999 -9999 -9999 -9999 -9999 -9999 -9999 8.92258E-1 8.89129E-1 8.53024E-1 7.14982E-1 8.44511E-1 8.64803E-1 9.00623E-1 8.99973E-1 9E-1 9E-1 9.00001E-1 8.99999E-1 8.99467E-1 8.99414E-1 8.98941E-1 8.99047E-1 9E-1 9E-1 8.99264E-1 8.99711E-1 8.96044E-1 8.98884E-1 8.99586E-1 8.99345E-1 8.99302E-1 8.9992E-1 8.99981E-1 8.9942E-1 8.99977E-1 8.99904E-1 8.99931E-1 8.99998E-1 8.99999E-1 8.99999E-1 8.99996E-1 9E-1 9E-1 8.9941E-1 8.9956E-1 9.00133E-1 9.00008E-1 9.00015E-1 9.00008E-1 9.00483E-1 9E-1 9E-1 9E-1 9E-1 9E-1 9E-1
-9999 -9999 -9999 -9999 -9999 -9999 -9999 -9999 -9999 -9999 -9999 -9999 -9999 -9999 -9999 -9999 -9999 -9999 9.1439E-1 8.96953E-1 8.97149E-1 8.94186E-1 8.96252E-1 8.97931E-1 8.92947E-1 8.95492E-1 8.99644E-1 8.99993E-1 8.99923E-1 8.99893E-1 8.99963E-1 8.99553E-1 8.99972E-1 9.00009E-1 8.99976E-1 8.99745E-1 8.9572E-1 8.9921E-1 8.96007E-1 8.99048E-1 8.99434E-1 8.9814E-1 8.95639E-1 8.99962E-1 8.99932E-1 8.99782E-1 8.98729E-1 8.99896E-1 8.99983E-1 8.99992E-1 8.99997E-1 9E-1 8.99998E-1 8.99997E-1 8.99983E-1 8.99897E-1 9.00015E-1 8.99995E-1 9.001E-1 9.0002E-1 9.00023E-1 9.00026E-1 9E-1 9E-1 9E-1 8.99999E-1 9E-1 9E-1
-9999 -9999 -9999 -9999 -9999 -9999 -9999 -9999 -9999 -9999 -9999 -9999 -9999 -9999 -9999 -9999 -9999 -9999 -9999 8.99998E-1 8.99911E-1 8.98425E-1 8.98689E-1 8.99636E-1 8.99942E-1 8.9607E-1 8.99219E-1 8.99991E-1 9.00006E-1 8.99966E-1 8.99956E-1 8.9997E-1 8.99938E-1 9E-1 8.99997E-1 8.99392E-1 8.95254E-1 8.9317E-1 8.81124E-1 8.98316E-1 8.99742E-1 8.99988E-1 8.99722E-1 8.92166E-1 8.80683E-1 8.99261E-1 8.99951E-1 8.99952E-1 8.99997E-1 8.99993E-1 8.99989E-1 9E-1 9E-1 9.00006E-1 9E-1 9.00008E-1 8.99985E-1 8.99755E-1 9.00013E-1 9E-1 9E-1 9E-1 9E-1 9E-1 9E-1 9E-1 9E-1 9E-1
-9999 -9999 -9999 -9999 -9999 -9999 -9999 -9999 -9999 -9999 -9999 -9999 -9999 -9999 -9999 -9999 -9999 -9999 -9999 8.96113E-1 8.97911E-1 8.90272E-1 8.9989E-1 8.99908E-1 8.99722E-1 8.99541E-1 8.93904E-1 8.99032E-1 8.99995E-1 8.99958E-1 8.9999E-1 8.99947E-1 8.99989E-1 9E-1 9E-1 8.99846E-1 8.99407E-1 8.99755E-1 8.99692E-1 8.99731E-1 8.99871E-1 8.99935E-1 8.99836E-1 9.00221E-1 8.95824E-1 8.9472E-1 8.9998E-1 8.99988E-1 9E-1 9E-1 9E-1 9E-1 9E-1 8.99999E-1 9.00008E-1 9.00006E-1 9.00093E-1 9.00012E-1 9E-1 9E-1 9E-1 9E-1 9E-1 9E-1 8.99999E-1 9E-1 9E-1 9E-1
-9999 -9999 -9999 -9999 -9999 -9999 -9999 -9999 -9999 -9999 -9999 -9999 -9999 -9999 -9999 -9999 -9999 -9999 -9999 8.1421E-1 8.05622E-1 9.00176E-1 8.99761E-1 8.99812E-1 8.99374E-1 8.98006E-1 8.89837E-1 9.02372E-1 9.00424E-1 9E-1 8.99986E-1 8.99985E-1 8.99936E-1 9E-1 9E-1 8.99818E-1 8.99957E-1 8.99638E-1 8.98388E-1 8.99611E-1 8.98969E-1 8.99856E-1 8.99963E-1 9E-1 9.00044E-1 8.99718E-1 8.99988E-1 9E-1 9E-1 8.99997E-1 9E-1 8.99999E-1 9E-1 9.00002E-1 9.00008E-1 9.00007E-1 9.00013E-1 9.00009E-1 9.00006E-1 9.00011E-1 9E-1 9E-1 9E-1 9E-1 9E-1 9E-1 9E-1 9E-1
-9999 -9999 -9999 -9999 -9999 -9999 -9999 -9999 -9999 -9999 -9999 -9999 -9999 -9999 -9999 -9999 -9999 -9999 -9999 8.90569E-1 8.91959E-1 8.99336E-1 8.98758E-1 8.90977E-1 8.9808E-1 8.68979E-1 8.90442E-1 8.89461E-1 9.00368E-1 9.00026E-1 8.99965E-1 9.00009E-1 8.99997E-1 8.99995E-1 9E-1 8.99943E-1 8.99921E-1 8.9997E-1 8.99631E-1 8.98803E-1 8.98685E-1 8.99505E-1 8.9977E-1 8.99983E-1 8.99962E-1 8.99983E-1 8.99998E-1 8.99996E-1 8.99697E-1 8.99996E-1 9E-1 9E-1 9E-1 8.99999E-1 9.00012E-1 8.99986E-1 9.00017E-1 8.99992E-1 9E-1 9.00007E-1 9E-1 9E-1 9E-1 9E-1 9E-1 9E-1 9E-1 9E-1
-9999 -9999 -9999 -9999 -9999 -9999 -9999 -9999 -9999 -9999 -9999 -9999 -9999 -9999 -9999 -9999 -9999 -9999 -9999 8.80026E-1 8.83197E-1 8.93968E-1 8.92329E-1 8.99831E-1 8.99641E-1 8.99906E-1 8.9991E-1 8.86374E-1 8.99932E-1 9E-1 8.99947E-1 8.99774E-1 8.99976E-1 9E-1 8.99998E-1 8.99953E-1 8.99952E-1 8.99982E-1 8.99744E-1 8.99775E-1 8.99478E-1 8.98238E-1 8.99615E-1 8.99997E-1 8.99991E-1 8.99997E-1 8.99939E-1 8.99986E-1 8.99972E-1 9E-1 9E-1 9E-1 9E-1 9E-1 8.99975E-1 9.00012E-1 9.00012E-1 9.00015E-1 8.99999E-1 8.99896E-1 8.99974E-1 9E-1 9E-1 9E-1 9E-1 9E-1 9E-1 9E-1
-9999 -9999 -9999 -9999 -9999 -9999 -9999 -9999 -9999 -9999 -9999 -9999 -9999 -9999 -9999 -9999 -9999 -9999 -9999 8.121E-1 8.80964E-1 8.99256E-1 8.88133E-1 9.00445E-1 8.99887E-1 8.95478E-1 8.99814E-1 8.99102E-1 8.99949E-1 8.99984E-1 8.99725E-1 8.99991E-1 9E-1 8.99998E-1 8.99999E-1 8.99984E-1 8.99999E-1 8.99991E-1 8.98729E-1 8.99959E-1 8.99984E-1 8.98671E-1 8.99942E-1 8.99993E-1 8.99905E-1 8.99958E-1 8.99977E-1 8.9999E-1 8.99821E-1 9E-1 9E-1 9E-1 9E-1 9E-1 8.99996E-1 8.98885E-1 9.00019E-1 8.99966E-1 8.99888E-1 9.00014E-1 9E-1 9E-1 9E-1 9E-1 9E-1 9E-1 9E-1 8.99997E-1
-9999 -9999 -9999 -9999 -9999 -9999 -9999 -9999 -9999 -9999 -9999 -9999 -9999 -9999 -9999 -9999 -9999 -9999 -9999 8.83394E-1 8.83035E-1 8.7306E-1 8.38674E-1 8.93719E-1 8.99982E-1 8.97991E-1 8.96943E-1 8.9522E-1 8.99752E-1 8.99998E-1 9.00021E-1 8.99737E-1 8.99869E-1 8.99734E-1 8.99898E-1 8.9991E-1 8.99999E-1 8.99991E-1 8.98697E-1 8.99712E-1 8.99893E-1 8.95643E-1 8.99675E-1 8.99997E-1 8.99997E-1 8.99997E-1 9E-1 9E-1 9E-1 9E-1 9E-1 9E-1 9E-1 9E-1 8.99955E-1 8.99801E-1 9E-1 9E-1 9E-1 9E-1 8.99996E-1 8.99999E-1 9E-1 9E-1 9E-1 9E-1 9E-1 9E-1
-9999 -9999 -9999 -9999 -9999 -9999 -9999 -9999 -9999 -9999 -9999 -9999 -9999 -9999 -9999 -9999 -9999 -9999 8.77573E-1 8.82636E-1 8.81483E-1 8.97833E-1 8.83153E-1 8.90394E-1 8.97195E-1 8.96028E-1 8.97136E-1 8.97632E-1 8.99983E-1 9.00006E-1 9.00015E-1 8.99945E-1 8.99767E-1 8.99736E-1 8.98787E-1 8.99214E-1 8.999E-1 8.9998E-1 8.9839E-1 8.98909E-1 8.98734E-1 8.99335E-1 8.99964E-1 8.99983E-1 8.99919E-1 8.99996E-1 8.99994E-1 8.99997E-1 8.99459E-1 8.99963E-1 8.99999E-1 9E-1 9E-1 9E-1 8.99997E-1 8.99983E-1 8.99995E-1 9E-1 9E-1 9E-1 9E-1 9E-1 9E-1 9E-1 9E-1 9E-1 9E-1 9E-1
-9999 -9999 -9999 -9999 -9999 -9999 -9999 -9999 -9999 -9999 -9999 -9999 -9999 -9999 -9999 -9999 -9999 -9999 8.24966E-1 8.75479E-1 8.61562E-1 8.94994E-1 8.9744E-1 8.92641E-1 8.91169E-1 8.95753E-1 8.95859E-1 8.98655E-1 8.9974E-1 8.99857E-1 9.00401E-1 8.98982E-1 8.99773E-1 8.99166E-1 9.00323E-1 8.99199E-1 9.00088E-1 8.99991E-1 8.99843E-1 8.99956E-1 8.99957E-1 8.99689E-1 8.99773E-1 8.99805E-1 8.99958E-1 8.99999E-1 8.99995E-1 8.99737E-1 8.99409E-1 8.99949E-1 8.99994E-1 8.99974E-1 9E-1 9E-1 9E-1 9E-1 9E-1 9E-1 9E-1 9E-1 9E-1 9E-1 9.00006E-1 9E-1 9E-1 9E-1 9E-1 9E-1
-9999 -9999 -9999 -9999 -9999 -9999 -9999 -9999 -9999 -9999 -9999 -9999 -9999 -9999 -9999 -9999 -9999 -9999 8.60658E-1 8.67295E-1 8.3418E-1 8.67644E-1 8.89313E-1 8.77191E-1 8.86236E-1 8.96961E-1 8.71427E-1 8.96432E-1 8.98499E-1 8.99693E-1 8.97701E-1 8.99274E-1 8.99912E-1 8.99909E-1 8.99897E-1 9.01064E-1 9.01051E-1 8.99746E-1 8.98852E-1 8.99765E-1 8.99925E-1 8.99982E-1 8.9923E-1 8.9987E-1 8.9993E-1 9.00001E-1 8.99115E-1 8.9967E-1 8.9989E-1 9.00007E-1 8.99991E-1 8.99976E-1 9.00001E-1 9E-1 8.99998E-1 9E-1 9E-1 8.99989E-1 8.99868E-1 9E-1 9E-1 9E-1 9.00012E-1 9.0001E-1 9.00013E-1 9E-1 9E-1 9E-1
-9999 -9999 -9999 -9999 -9999 -9999 -9999 -9999 -9999 -9999 -9999 -9999 -9999 -9999 -9999 -9999 -9999 -9999 8.98989E-1 8.96945E-1 8.97136E-1 8.13441E-1 8.0704E-1 8.84566E-1 8.70219E-1 8.96344E-1 8.7676E-1 8.98276E-1 8.99993E-1 8.99998E-1 8.99909E-1 8.99364E-1 8.99915E-1 8.99965E-1 8.99986E-1 9.0001E-1 9.00243E-1 8.99971E-1 8.99928E-1 8.99893E-1 8.98921E-1 8.99999E-1 8.99883E-1 8.99944E-1 8.99999E-1 8.99999E-1 8.99789E-1 8.99905E-1 8.99955E-1 8.99787E-1 8.99821E-1 8.99995E-1 9E-1 8.99997E-1 9E-1 8.99999E-1 9E-1 8.99999E-1 9E-1 9E-1 9E-1 9E-1 9E-1 9E-1 9E-1 9E-1 9E-1 9E-1
