ENM/Final_Models/M_2_F_q_Set_1_E/Gustavia_santanderiensis_0_Choco.asc
ncols         367
nrows         963
xllcorner     -78.6
yllcorner     0.65
cellsize      0.00833333333333323
NODATA_value  -9999
[rows 450 to 479 of 963, columns 207 to 275 of 367]
1E0 1E0 1E0 1E0 1E0 9.99866E-1 9.99158E-1 1E0 1E0 1E0 1E0 1E0 1E0 1E0 1E0 1E0 1E0 1E0 1E0 1E0 1E0 1E0 1E0 1E0 1E0 1E0 9.99897E-1 9.99985E-1 1E0 9.99986E-1 9.99998E-1 9.9219E-1 9.99998E-1 9.96617E-1 9.96845E-1 9.99018E-1 9.99997E-1 1E0 1E0 9.99999E-1 9.98819E-1 9.68038E-1 9.23195E-1 8.49447E-1 8.53608E-1 3.91524E-1 3.09381E-1 5.40105E-2 4.00978E-2 1.04596E-1 2.98908E-1 2.47364E-1 8.19016E-2 3.97562E-1 2.47078E-1 1.57744E-2 1.0907E-1 4.67548E-2 2.69895E-2 3.24761E-2 1.54925E-2 2.85761E-2 1.11905E-1 4.71974E-1 4.46464E-1 3.93897E-1 2.48531E-1 1.42E-1 3.84986E-1
1E0 1E0 1E0 1E0 1E0 1E0 1E0 1E0 1E0 1E0 1E0 1E0 1E0 1E0 1E0 1E0 1E0 1E0 1E0 1E0 1E0 1E0 1E0 1E0 9.99999E-1 1E0 9.99943E-1 9.99967E-1 1E0 9.99844E-1 9.99915E-1 9.99966E-1 9.9965E-1 9.759E-1 9.8004E-1 9.91912E-1 9.99938E-1 1E0 9.99884E-1 9.93414E-1 8.3031E-1 4.77157E-1 1.02569E-1 5.60211E-2 2.01285E-1 7.00541E-1 2.48854E-1 5.16606E-2 6.00415E-2 2.04671E-1 3.7682E-1 5.47118E-1 2.03713E-1 1.24308E-1 3.51459E-2 2.26043E-3 2.14158E-2 3.76498E-2 1.94004E-1 5.8525E-2 6.32914E-2 5.37961E-2 4.58573E-2 1.51928E-1 1.32788E-1 1.6676E-1 1.2213E-1 7.85592E-2 1.65669E-1
1E0 1E0 1E0 1E0 1E0 1E0 1E0 1E0 1E0 1E0 9.99995E-1 1E0 1E0 1E0 1E0 1E0 1E0 1E0 1E0 1E0 1E0 1E0 1E0 1E0 1E0 9.99999E-1 1E0 9.99999E-1 9.99989E-1 1E0 9.92256E-1 9.47852E-1 9.76202E-1 9.81855E-1 9.95857E-1 9.95197E-1 9.99998E-1 9.99999E-1 9.7937E-1 5.28657E-1 2.49544E-1 3.45897E-2 7.11329E-3 5.306E-3 2.32671E-2 1.28387E-1 1.21905E-1 1.99805E-1 1.21769E-1 2.73995E-1 7.6704E-1 2.81637E-2 6.98991E-2 4.99094E-2 1.77733E-2 2.64172E-3 2.03053E-2 5.7048E-2 1.14026E-1 5.08798E-2 2.00774E-2 3.03217E-2 3.29848E-2 1.41197E-1 1.80193E-1 7.48046E-2 3.70597E-2 6.44328E-2 1.05955E-1
1E0 1E0 1E0 1E0 1E0 1E0 1E0 1E0 1E0 1E0 1E0 1E0 1E0 1E0 1E0 1E0 9.99989E-1 1E0 1E0 1E0 1E0 1E0 1E0 1E0 1E0 1E0 9.99987E-1 9.99759E-1 1E0 9.99861E-1 9.96721E-1 9.45555E-1 9.93259E-1 9.99921E-1 9.95618E-1 9.95184E-1 9.99892E-1 9.96543E-1 9.82652E-1 3.08984E-1 1.1121E-1 1.57195E-2 4.42003E-3 7.07544E-3 1.7101E-2 2.03339E-2 1.19997E-2 1.46563E-1 7.25805E-2 3.51156E-1 3.08345E-1 2.89954E-1 1.08758E-1 7.10265E-2 6.84332E-2 1.66085E-2 4.33543E-3 1.09137E-2 1.37713E-2 1.55559E-2 1.25462E-2 1.24022E-2 2.08506E-2 2.76121E-2 3.20057E-2 4.15158E-2 6.68154E-2 3.28295E-1 6.39495E-2
1E0 1E0 1E0 1E0 1E0 1E0 1E0 1E0 1E0 1E0 1E0 1E0 1E0 9.99981E-1 9.99999E-1 1E0 1E0 1E0 1E0 1E0 1E0 1E0 1E0 1E0 1E0 1E0 1E0 1E0 9.97723E-1 9.99787E-1 9.99919E-1 9.99751E-1 1E0 9.99704E-1 9.59844E-1 9.94111E-1 9.58296E-1 7.78038E-1 8.5619E-1 3.28042E-2 6.08215E-3 4.38715E-3 1.52469E-3 2.63278E-3 8.84621E-3 2.95268E-2 1.33031E-2 7.64036E-2 7.21024E-2 8.72423E-2 1.89581E-2 6.87653E-1 3.89977E-1 1.42338E-1 5.51802E-2 1.14409E-2 1.36061E-3 1.13515E-3 1.24267E-3 2.07167E-3 6.14598E-3 2.55187E-2 4.3802E-2 4.73504E-2 6.62223E-2 7.71926E-2 2.8064E-1 2.52887E-1 1.208E-1
1E0 1E0 9.99993E-1 9.9965E-1 9.99997E-1 1E0 1E0 1E0 1E0 1E0 1E0 1E0 1E0 1E0 1E0 1E0 1E0 1E0 1E0 1E0 1E0 1E0 1E0 1E0 1E0 1E0 9.99999E-1 1E0 1E0 9.85738E-1 9.95521E-1 9.99679E-1 9.92296E-1 9.71755E-1 9.52437E-1 9.9314E-1 9.49928E-1 7.50946E-1 4.53729E-1 8.71422E-2 1.94745E-2 2.08523E-3 2.42076E-3 2.18065E-3 8.58399E-3 1.24507E-2 1.98014E-2 3.8512E-2 8.65808E-2 1.12848E-1 2.29929E-2 7.20593E-1 1.0507E-1 4.49051E-2 2.14086E-1 1.86332E-1 1.0775E-1 7.23418E-2 3.47869E-2 1.69629E-2 4.88004E-4 1.04904E-3 9.05955E-3 2.30315E-2 7.81433E-3 2.73061E-2 1.05239E-1 1.5115E-1 6.66399E-2
1E0 1E0 9.99989E-1 9.99998E-1 9.99994E-1 1E0 1E0 1E0 1E0 1E0 1E0 1E0 1E0 1E0 1E0 1E0 1E0 1E0 1E0 1E0 1E0 9.99945E-1 9.99883E-1 9.98783E-1 1E0 9.99998E-1 9.99998E-1 9.99998E-1 1E0 9.99892E-1 9.99591E-1 9.97041E-1 9.65202E-1 9.46362E-1 9.22071E-1 9.7027E-1 9.64557E-1 4.34757E-1 4.81589E-2 3.6138E-2 1.56313E-2 2.31017E-2 2.27023E-3 4.3779E-3 2.65369E-3 4.30484E-3 2.14311E-2 7.28279E-2 2.00709E-1 3.28953E-1 1.23536E-1 3.86924E-1 2.2059E-1 3.55175E-1 6.05207E-1 2.75058E-1 2.43613E-1 3.02849E-1 3.14803E-1 4.35789E-2 9.78967E-2 2.30635E-2 1.63961E-2 1.62027E-3 7.43994E-3 6.53677E-3 2.76136E-2 4.81093E-2 8.04264E-2
1E0 9.99982E-1 1E0 1E0 1E0 1E0 1E0 1E0 1E0 1E0 1E0 1E0 1E0 1E0 1E0 1E0 1E0 1E0 1E0 1E0 1E0 9.99997E-1 9.99946E-1 9.99991E-1 1E0 9.99998E-1 9.99997E-1 9.99933E-1 9.99985E-1 9.97763E-1 9.87621E-1 9.98715E-1 9.99649E-1 9.98529E-1 9.94713E-1 9.95497E-1 9.69888E-1 3.52764E-1 2.24062E-2 4.82963E-3 3.94124E-3 5.19615E-3 6.26404E-3 1.21414E-2 3.83745E-3 7.39523E-3 1.08678E-2 4.06714E-2 2.23094E-1 3.01092E-1 8.26313E-2 3.25134E-1 4.6396E-1 5.44715E-1 3.11112E-1 2.11197E-1 2.69149E-1 5.12837E-1 3.85369E-1 1.46554E-1 1.39094E-1 2.26133E-1 2.55953E-2 1.35866E-2 5.99871E-3 4.8625E-3 8.91706E-2 3.55359E-2 5.14832E-2
1E0 1E0 9.99999E-1 1E0 1E0 1E0 1E0 1E0 1E0 1E0 1E0 1E0 1E0 1E0 1E0 1E0 1E0 9.99996E-1 1E0 1E0 1E0 1E0 1E0 9.99976E-1 1E0 9.99675E-1 1E0 1E0 9.99715E-1 9.78951E-1 9.88644E-1 9.99994E-1 1E0 9.99996E-1 9.99997E-1 9.98697E-1 7.56483E-1 6.8681E-2 7.66478E-3 1.43686E-3 2.19537E-3 1.92794E-3 8.07761E-3 2.21314E-2 1.10732E-2 1.20837E-2 3.7534E-2 5.05526E-2 1.91249E-1 2.53521E-1 1.40972E-2 1.98041E-1 1.4124E-1 4.98237E-1 6.50958E-1 2.2021E-1 6.73402E-2 3.3329E-2 9.4722E-2 3.90926E-1 3.44539E-1 1.85331E-1 7.72629E-2 2.25896E-2 2.08717E-3 3.46197E-3 5.35455E-2 2.30698E-2 6.79682E-2
1E0 1E0 1E0 1E0 1E0 1E0 1E0 1E0 1E0 1E0 1E0 9.99974E-1 9.99999E-1 9.99993E-1 1E0 1E0 1E0 1E0 1E0 1E0 1E0 1E0 1E0 9.99875E-1 1E0 9.99993E-1 9.99934E-1 9.96287E-1 9.99991E-1 9.99958E-1 9.99902E-1 9.99992E-1 9.99965E-1 9.99123E-1 9.88032E-1 7.83027E-1 6.96053E-2 2.42744E-3 9.97731E-4 2.22286E-3 4.56039E-3 6.43089E-3 1.71089E-3 5.86568E-3 1.01558E-2 2.44566E-2 2.69444E-3 2.74046E-2 1.41701E-1 2.88175E-1 1.03416E-1 5.19715E-2 1.3701E-1 7.55959E-2 1.25111E-1 1.68695E-1 6.11289E-2 9.56188E-2 4.8704E-2 1.21182E-1 2.01945E-1 3.62112E-1 1.01716E-1 1.38559E-2 1.69659E-2 1.745E-2 6.64469E-2 3.37435E-2 3.00407E-2
1E0 1E0 1E0 1E0 1E0 1E0 1E0 1E0 9.99996E-1 9.99996E-1 9.99997E-1 9.99996E-1 1E0 1E0 1E0 1E0 1E0 1E0 1E0 9.99999E-1 9.99998E-1 9.99607E-1 9.99485E-1 1E0 9.99833E-1 9.99997E-1 9.998E-1 9.98365E-1 9.99209E-1 9.99356E-1 9.99996E-1 1E0 9.99999E-1 9.987E-1 5.40702E-1 3.31347E-1 6.56557E-2 3.06311E-3 1.89531E-3 1.15551E-3 4.03577E-3 6.24553E-3 3.89693E-3 7.53111E-3 7.39652E-3 1.95116E-2 2.73911E-2 5.25384E-2 1.46166E-1 3.01877E-2 3.29581E-2 2.38201E-2 7.70934E-3 4.7607E-3 1.05478E-3 1.49883E-3 3.54416E-1 1.32133E-1 7.45972E-3 3.75584E-3 1.00864E-2 4.40774E-2 5.54181E-3 4.51981E-2 1.09511E-1 5.55409E-2 2.47218E-2 1.57237E-2 7.40376E-3
1E0 1E0 1E0 1E0 1E0 1E0 1E0 1E0 1E0 1E0 1E0 1E0 1E0 1E0 1E0 1E0 1E0 1E0 1E0 1E0 1E0 9.99678E-1 9.99235E-1 9.9168E-1 9.99452E-1 1E0 9.99883E-1 9.99565E-1 9.97519E-1 9.99676E-1 9.99988E-1 1E0 1E0 9.9996E-1 8.69954E-1 4.1702E-1 2.17806E-2 2.58189E-3 2.92084E-3 9.60303E-3 7.00105E-3 1.10316E-2 6.6235E-3 4.33597E-3 4.509E-3 4.47245E-3 1.06756E-2 2.75103E-2 6.89364E-2 1.25714E-1 1.3589E-1 2.09746E-1 1.89675E-1 3.93848E-3 2.30061E-3 6.27701E-3 5.7681E-2 6.36211E-2 3.85055E-2 9.02166E-3 1.7577E-2 4.04909E-2 1.27471E-1 2.60652E-2 2.47248E-2 1.86855E-2 1.0769E-2 2.61084E-3 1.39541E-3
1E0 1E0 1E0 1E0 1E0 1E0 1E0 1E0 1E0 1E0 1E0 1E0 1E0 1E0 1E0 1E0 1E0 1E0 1E0 1E0 9.99815E-1 9.69837E-1 9.99059E-1 9.99982E-1 1E0 1E0 9.9636E-1 9.99783E-1 9.99731E-1 9.99953E-1 9.99997E-1 1E0 1E0 9.99978E-1 8.92501E-1 4.01244E-1 3.10025E-2 7.49862E-3 7.08846E-3 1.03327E-2 8.28321E-3 1.63571E-2 7.33152E-3 2.59713E-3 7.57784E-4 7.54783E-3 2.35462E-2 5.22016E-2 9.77478E-2 1.03757E-1 9.94439E-2 8.93616E-2 3.47562E-1 2.8658E-2 1.85132E-2 2.503E-3 4.59209E-3 1.4376E-2 9.93431E-3 1.12304E-2 6.49778E-3 3.03486E-2 3.50492E-2 1.60329E-2 1.59669E-2 7.12857E-3 3.50329E-3 2.79027E-3 4.21377E-3
9.99999E-1 1E0 1E0 1E0 1E0 1E0 1E0 1E0 1E0 1E0 1E0 1E0 1E0 1E0 1E0 1E0 1E0 1E0 1E0 1E0 9.9949E-1 9.72404E-1 9.7033E-1 9.97081E-1 9.9999E-1 1E0 1E0 9.99664E-1 9.99712E-1 9.99972E-1 1E0 1E0 9.99379E-1 8.58756E-1 3.56923E-1 2.21367E-1 2.37664E-2 5.31177E-3 7.59086E-3 9.38838E-3 5.51965E-3 1.07105E-2 1.04428E-2 3.64222E-3 2.01664E-3 1.11808E-2 3.51447E-2 3.62039E-2 8.50009E-2 1.34942E-1 4.06364E-3 6.99206E-2 9.76564E-2 2.8545E-1 2.93144E-1 1.39565E-2 2.79799E-2 5.14733E-2 4.23505E-3 9.01963E-3 6.87124E-3 5.81688E-3 1.07736E-1 2.33685E-2 4.22079E-2 1.10403E-2 8.26766E-3 2.4091E-2 1.04581E-2
1E0 1E0 1E0 1E0 1E0 1E0 1E0 1E0 1E0 1E0 1E0 1E0 1E0 1E0 1E0 1E0 1E0 1E0 1E0 1E0 1E0 9.93137E-1 9.93533E-1 9.99669E-1 9.98896E-1 9.99827E-1 9.99981E-1 9.99852E-1 9.99902E-1 9.99994E-1 1E0 9.99861E-1 9.90228E-1 9.19611E-1 3.40472E-1 1.4506E-1 4.92676E-3 2.59289E-3 7.68181E-3 1.07663E-2 7.38599E-3 8.36295E-3 6.33284E-3 1.9053E-3 4.63896E-3 9.51715E-3 1.40414E-2 4.28578E-2 7.30805E-2 1.18989E-1 9.54187E-2 4.59639E-3 4.53796E-2 3.03004E-1 1.56679E-1 5.28599E-2 2.6764E-2 1.25588E-2 2.89447E-2 1.57234E-2 5.54756E-3 7.45641E-3 1.61321E-2 2.46831E-2 2.0953E-2 2.19781E-2 2.79175E-2 1.84362E-2 8.94374E-3
1E0 1E0 1E0 1E0 1E0 1E0 1E0 1E0 1E0 1E0 9.99999E-1 1E0 1E0 1E0 1E0 1E0 9.99999E-1 1E0 1E0 1E0 1E0 9.99992E-1 9.99432E-1 9.98935E-1 9.96793E-1 9.99028E-1 9.94792E-1 9.99993E-1 9.99999E-1 1E0 1E0 9.99674E-1 9.99513E-1 9.98966E-1 6.96212E-1 7.53227E-2 5.16929E-3 4.86162E-3 2.76614E-3 1.02146E-2 7.33771E-3 4.2585E-3 2.07905E-3 1.9635E-4 3.1363E-4 2.48184E-4 2.34581E-3 1.61556E-2 2.58238E-2 1.76403E-2 8.23651E-2 2.0587E-1 6.44321E-2 1.2644E-2 3.77081E-2 2.60434E-2 1.68173E-2 1.37612E-2 2.09603E-2 1.56975E-2 1.90582E-2 2.17887E-3 7.41093E-3 2.19037E-2 3.03487E-2 1.90101E-2 1.04132E-2 1.1997E-2 2.03647E-2
1E0 1E0 1E0 1E0 1E0 1E0 1E0 1E0 1E0 1E0 1E0 1E0 1E0 1E0 1E0 1E0 1E0 1E0 1E0 1E0 1E0 1E0 9.99986E-1 9.99591E-1 9.98558E-1 9.9999E-1 9.96251E-1 9.99813E-1 9.99939E-1 9.99999E-1 1E0 9.99951E-1 9.99906E-1 9.99982E-1 6.75739E-1 2.71071E-1 1.2632E-2 7.37936E-3 2.62951E-3 9.13351E-3 9.78484E-3 6.35659E-3 1.29292E-3 1.23297E-3 3.73409E-5 8.09837E-5 2.58416E-4 1.09936E-3 4.82033E-3 1.03148E-2 2.1821E-2 5.24638E-2 5.85681E-2 1.08478E-2 4.1424E-3 7.31598E-3 1.49909E-2 2.04926E-2 3.0823E-2 4.97131E-2 1.56431E-2 5.0689E-2 1.49429E-2 2.32083E-2 2.12064E-2 1.2724E-2 2.06352E-2 2.15089E-2 8.24759E-3
1E0 1E0 9.99997E-1 9.99981E-1 1E0 9.99994E-1 1E0 9.99886E-1 1E0 1E0 9.99999E-1 1E0 1E0 1E0 1E0 1E0 1E0 1E0 1E0 1E0 1E0 1E0 9.99993E-1 9.99955E-1 9.99812E-1 9.98635E-1 9.99972E-1 1E0 1E0 9.99992E-1 1E0 9.99999E-1 9.9997E-1 9.99985E-1 8.14172E-1 4.95189E-2 2.14336E-2 1.0164E-2 5.86385E-3 6.61481E-3 2.40934E-2 1.02545E-2 1.64237E-2 5.15682E-4 8.34616E-5 1.69293E-5 1.32298E-4 2.0969E-3 5.26572E-3 1.00692E-2 1.12851E-2 3.05142E-2 2.80954E-2 6.56637E-3 6.22699E-3 4.19425E-3 1.49104E-2 1.14431E-2 9.01392E-2 3.9678E-2 5.27817E-2 2.79252E-2 5.83221E-2 3.64789E-2 5.78784E-2 2.15669E-2 1.23327E-2 1.05537E-2 1.30714E-2
1E0 1E0 9.99899E-1 9.99894E-1 9.9979E-1 9.99989E-1 1E0 9.99998E-1 1E0 9.99999E-1 9.99999E-1 1E0 1E0 9.99997E-1 1E0 9.9999E-1 1E0 1E0 1E0 1E0 1E0 1E0 9.99941E-1 9.99977E-1 9.98239E-1 9.99997E-1 9.86975E-1 9.99993E-1 1E0 1E0 1E0 1E0 9.99995E-1 9.9942E-1 8.20152E-1 8.69372E-2 2.23018E-2 7.58948E-3 3.64913E-3 8.41524E-3 2.52968E-2 6.22021E-2 1.20891E-2 1.18838E-3 1.84178E-4 4.16402E-5 1.32772E-4 3.51574E-3 2.32308E-3 3.35957E-3 1.33214E-2 2.63759E-2 4.20628E-2 1.20255E-2 1.10298E-2 9.14603E-3 1.2578E-2 2.65379E-2 8.11869E-2 5.7526E-2 3.31898E-2 1.21477E-2 1.17859E-2 1.00272E-2 1.79603E-2 1.11287E-2 9.55546E-3 1.03615E-2 3.29997E-3
1E0 9.99964E-1 9.97206E-1 9.98796E-1 9.99964E-1 1E0 1E0 1E0 9.99997E-1 9.99999E-1 9.99978E-1 1E0 1E0 1E0 9.99988E-1 9.99672E-1 9.99998E-1 1E0 9.99996E-1 9.9999E-1 1E0 1E0 9.99521E-1 9.99723E-1 9.85024E-1 9.04765E-1 9.66317E-1 9.99974E-1 1E0 1E0 1E0 1E0 9.99998E-1 9.98751E-1 8.59257E-1 4.58665E-2 2.64137E-2 4.83747E-3 1.78717E-3 1.13253E-2 3.90514E-2 9.91113E-3 8.64074E-3 9.12545E-3 3.44034E-4 6.89812E-5 2.19072E-4 1.35443E-3 1.35346E-3 2.32152E-3 1.11439E-2 2.3666E-2 4.83335E-2 2.17932E-2 2.05294E-2 1.77193E-2 1.41526E-2 1.15937E-2 3.78616E-2 4.15869E-2 2.51723E-2 1.35141E-2 3.42843E-3 2.27352E-3 2.74372E-3 7.14974E-3 4.04015E-3 3.40036E-3 4.29918E-4
9.99992E-1 9.80246E-1 9.40395E-1 9.6015E-1 9.89994E-1 9.99995E-1 9.99998E-1 1E0 1E0 1E0 9.99988E-1 9.99998E-1 9.99999E-1 9.99998E-1 9.99969E-1 9.99981E-1 9.99998E-1 9.99996E-1 9.99998E-1 1E0 1E0 1E0 9.9999E-1 9.99932E-1 9.8068E-1 9.96526E-1 9.97522E-1 9.99999E-1 1E0 1E0 1E0 1E0 9.99957E-1 1E0 5.91412E-1 3.51915E-2 5.56211E-3 2.42846E-3 8.12884E-3 4.34285E-2 9.58732E-2 1.23738E-3 6.55518E-4 1.06657E-2 2.22801E-3 3.7332E-4 3.16512E-3 4.86038E-3 1.07956E-3 1.70714E-3 1.61659E-3 1.16936E-2 7.21471E-3 5.4524E-2 2.35005E-2 3.60694E-2 2.0135E-2 1.24977E-2 2.3542E-2 7.34726E-3 2.12634E-3 2.31885E-3 1.56071E-3 1.14408E-3 2.08019E-3 5.1996E-3 1.66573E-3 4.43593E-4 1.39075E-4
9.99999E-1 9.99987E-1 9.79277E-1 9.8192E-1 9.92989E-1 9.99998E-1 1E0 1E0 1E0 1E0 1E0 1E0 9.99999E-1 9.99997E-1 1E0 9.99994E-1 9.99915E-1 9.99976E-1 9.99798E-1 9.99981E-1 1E0 1E0 1E0 1E0 1E0 9.99614E-1 9.99999E-1 9.99995E-1 9.99992E-1 9.99936E-1 1E0 1E0 9.99998E-1 9.99971E-1 4.88228E-1 4.12956E-2 1.03797E-2 1.20712E-2 1.63285E-2 7.76329E-2 1.32407E-1 8.03897E-2 7.33816E-2 3.04393E-2 4.92103E-3 7.94785E-3 3.36898E-2 1.11385E-2 5.25216E-3 1.06014E-4 2.21518E-3 7.01919E-3 4.47904E-2 4.42643E-2 9.32833E-2 5.58367E-2 4.18777E-2 2.78529E-2 1.04291E-2 2.47786E-3 5.45964E-3 5.43801E-3 4.03982E-3 5.76988E-3 5.77609E-3 6.09109E-3 9.60762E-4 6.89728E-5 3.41382E-5
1E0 9.99696E-1 9.9561E-1 9.94633E-1 9.86923E-1 1E0 1E0 9.99998E-1 1E0 1E0 1E0 1E0 1E0 1E0 1E0 1E0 9.99996E-1 9.99989E-1 9.98601E-1 9.99999E-1 9.99977E-1 1E0 1E0 1E0 1E0 1E0 1E0 9.99598E-1 9.92732E-1 9.77655E-1 9.9999E-1 1E0 9.99987E-1 1E0 9.10245E-1 1.40754E-1 4.6679E-2 1.10525E-2 9.83003E-3 1.80934E-2 4.52266E-2 5.05791E-2 1.71767E-2 4.74E-3 3.27696E-3 8.96206E-3 4.21849E-2 2.21278E-2 1.08448E-2 1.41347E-3 2.66348E-3 1.95397E-2 9.35223E-2 1.80088E-1 3.03929E-1 1.88126E-1 1.00243E-1 8.55813E-2 2.1346E-2 1.2456E-2 3.32498E-2 3.44827E-2 1.34828E-2 1.13015E-2 6.76508E-3 4.56221E-4 1.55882E-3 3.84431E-4 4.02412E-4
9.99981E-1 9.99872E-1 9.99995E-1 1E0 1E0 1E0 1E0 1E0 1E0 1E0 1E0 1E0 1E0 9.99998E-1 9.99998E-1 9.99997E-1 9.99989E-1 9.9985E-1 9.99997E-1 1E0 1E0 1E0 1E0 9.99997E-1 1E0 1E0 9.9988E-1 9.84872E-1 9.88403E-1 9.99538E-1 9.99988E-1 1E0 1E0 9.99994E-1 8.63934E-1 1.28388E-1 4.23997E-2 1.23219E-2 3.8988E-2 1.14635E-1 1.37016E-1 6.73341E-2 2.62616E-2 8.11058E-3 1.44757E-2 7.02342E-2 1.43454E-1 7.21536E-2 1.7418E-2 9.81026E-3 1.67452E-2 9.7767E-2 3.82747E-1 3.34924E-1 5.42621E-1 1.50446E-1 3.80332E-1 9.20016E-2 3.96428E-2 1.6192E-2 4.89024E-2 2.74141E-2 4.56324E-2 2.89681E-2 1.17759E-2 1.72881E-2 9.90931E-3 9.08253E-3 1.31147E-3
1E0 1E0 9.99998E-1 9.99997E-1 9.99999E-1 9.99996E-1 1E0 1E0 1E0 1E0 1E0 1E0 9.99998E-1 9.99989E-1 9.99997E-1 9.99852E-1 9.99995E-1 9.99996E-1 1E0 9.99925E-1 1E0 9.99999E-1 1E0 1E0 1E0 9.99999E-1 9.99999E-1 9.99999E-1 9.99999E-1 9.99981E-1 1E0 9.99999E-1 9.99979E-1 9.99921E-1 9.76229E-1 3.57407E-1 8.07213E-2 1.62514E-1 6.15513E-1 6.66923E-1 6.7402E-1 2.14227E-1 1.9033E-1 3.20581E-1 2.34968E-1 4.13347E-1 1.59381E-1 1.13935E-1 4.39297E-2 7.22898E-2 7.67904E-2 5.11031E-1 2.56522E-1 2.70989E-1 3.10573E-2 1.09349E-2 4.23357E-2 5.96755E-2 4.19474E-2 9.58005E-3 2.49519E-2 1.65338E-2 1.2085E-2 5.9768E-3 4.07114E-2 1.73649E-2 1.48614E-2 5.61857E-3 1.15679E-3
9.99999E-1 1E0 9.9999E-1 1E0 1E0 9.99998E-1 9.99983E-1 1E0 1E0 9.99998E-1 1E0 1E0 9.99992E-1 9.97881E-1 9.99115E-1 9.96636E-1 9.99623E-1 9.99999E-1 9.99999E-1 9.99996E-1 1E0 9.99999E-1 9.99988E-1 1E0 1E0 1E0 1E0 1E0 1E0 9.99999E-1 1E0 9.99999E-1 9.99979E-1 9.9872E-1 9.32855E-1 3.77512E-1 5.2336E-1 7.2072E-1 8.10568E-1 9.22576E-1 8.11024E-1 4.75577E-1 5.41624E-1 7.91922E-1 9.04092E-1 8.7704E-1 7.80863E-1 7.99475E-1 3.37757E-1 4.96989E-1 2.29679E-1 7.47996E-1 1.33914E-1 1.39719E-2 8.43565E-2 1.26679E-1 8.94173E-2 7.16226E-2 8.13625E-2 6.18265E-2 2.08431E-2 2.77997E-2 3.15807E-2 1.89949E-2 9.37192E-2 4.38621E-2 1.97314E-2 8.46328E-3 1.1166E-3
1E0 9.99647E-1 9.99989E-1 1E0 1E0 9.99994E-1 9.99997E-1 1E0 1E0 1E0 1E0 1E0 1E0 9.9995E-1 9.9862E-1 9.96632E-1 9.99996E-1 9.99994E-1 9.99999E-1 9.99999E-1 1E0 1E0 1E0 1E0 1E0 1E0 1E0 1E0 1E0 9.99957E-1 9.99999E-1 9.99993E-1 9.99885E-1 9.97588E-1 9.19146E-1 7.79953E-1 9.13934E-1 9.54574E-1 8.37171E-1 9.1768E-1 9.47798E-1 6.63468E-1 6.53846E-1 9.54204E-1 9.93484E-1 8.67148E-1 7.50083E-1 9.7585E-1 7.62685E-1 6.428E-1 4.78437E-1 2.41742E-1 3.56378E-2 2.27923E-3 2.03219E-2 3.59017E-2 6.17447E-2 1.99139E-2 1.25109E-1 8.33482E-2 2.3589E-2 3.19416E-2 4.65183E-2 5.19572E-2 1.69242E-2 1.67506E-2 1.17986E-2 3.38296E-3 8.8712E-4
9.99995E-1 1E0 9.99994E-1 9.99998E-1 9.99997E-1 9.99999E-1 9.99999E-1 9.99999E-1 1E0 9.99995E-1 1E0 9.99999E-1 9.99984E-1 9.99999E-1 9.99268E-1 1E0 9.99999E-1 9.99998E-1 9.99999E-1 1E0 1E0 1E0 1E0 1E0 1E0 9.99995E-1 1E0 9.99989E-1 9.99998E-1 9.99758E-1 9.99949E-1 9.99974E-1 9.99748E-1 9.97991E-1 9.972E-1 9.67903E-1 9.93194E-1 9.60684E-1 8.74248E-1 9.60836E-1 9.4105E-1 8.39053E-1 6.91795E-1 9.35315E-1 9.93208E-1 9.47013E-1 2.40311E-1 1.27104E-1 5.58561E-2 4.13031E-2 5.73768E-3 4.57934E-2 3.6343E-3 8.05192E-2 7.59064E-2 1.39811E-1 3.79622E-2 6.33841E-2 3.27876E-2 2.01162E-2 2.02016E-2 7.95117E-2 7.39869E-2 2.01814E-2 3.34255E-2 8.44259E-3 9.70653E-3 2.8439E-3 6.06667E-4
9.99996E-1 1E0 1E0 1E0 1E0 9.99998E-1 1E0 9.99993E-1 1E0 1E0 1E0 1E0 1E0 1E0 9.99972E-1 1E0 1E0 9.99978E-1 1E0 1E0 1E0 9.99999E-1 9.99999E-1 1E0 1E0 1E0 1E0 9.99985E-1 9.99965E-1 9.99999E-1 9.99983E-1 9.99747E-1 9.91057E-1 8.66569E-1 9.76478E-1 8.62021E-1 8.55504E-1 6.85381E-1 8.17674E-1 9.97771E-1 7.63155E-1 7.30858E-1 5.92907E-1 6.01028E-1 2.79233E-1 1.74579E-2 1.25273E-2 8.91271E-2 1.78327E-1 1.65626E-1 1.51476E-1 2.76193E-1 3.91883E-1 1.67453E-2 6.07586E-2 2.45203E-1 1.67273E-1 3.18914E-1 1.0159E-1 2.8922E-2 4.2122E-2 5.68313E-2 5.60688E-2 2.55665E-2 1.6522E-2 8.61693E-3 7.58035E-3 1.22624E-3 6.90189E-4
9.99991E-1 9.9999E-1 1E0 1E0 1E0 9.99997E-1 9.99998E-1 1E0 1E0 1E0 1E0 1E0 1E0 1E0 1E0 1E0 9.99994E-1 9.99957E-1 9.99968E-1 9.99998E-1 9.99998E-1 9.99994E-1 9.99972E-1 1E0 1E0 9.99982E-1 9.99979E-1 9.99981E-1 9.99675E-1 9.99637E-1 9.99932E-1 9.99892E-1 9.23893E-1 9.63589E-1 8.26431E-1 8.20874E-1 5.99395E-1 5.44879E-1 2.67378E-1 9.05131E-1 2.81118E-1 7.92951E-2 7.31867E-2 1.06172E-1 3.00119E-1 8.6425E-3 7.95249E-3 1.15703E-2 7.68429E-3 6.25883E-2 3.14462E-1 4.51363E-1 3.77746E-1 2.42244E-1 7.90512E-2 2.90223E-1 4.97309E-1 5.7266E-1 2.5045E-1 2.29654E-1 1.43045E-1 3.50223E-1 2.12942E-1 1.36487E-1 5.228E-2 1.95966E-2 4.54365E-3 1.61744E-3 1.24658E-4
