ENM/Final_Models/M_2_F_q_Set_1_E/Gustavia_santanderiensis_5_Choco.asc
ncols         367
nrows         963
xllcorner     -78.6
yllcorner     0.65
cellsize      0.00833333333333323
NODATA_value  -9999
[rows 864 to 895 of 963, columns 0 to 72 of 367]
-9999 -9999 -9999 -9999 -9999 -9999 -9999 -9999 -9999 -9999 -9999 -9999 -9999 -9999 -9999 -9999 -9999 -9999 -9999 -9999 -9999 -9999 -9999 -9999 -9999 -9999 -9999 -9999 -9999 -9999 -9999 -9999 -9999 -9999 -9999 -9999 -9999 -9999 7.30725E-1 6.90748E-1 7.43942E-1 7.35444E-1 7.51866E-1 7.88154E-1 9.29246E-1 8.3242E-1 7.02726E-1 7.66672E-1 7.83054E-1 7.11433E-1 6.99744E-1 7.0754E-1 6.85986E-1 5.2225E-1 4.58086E-1 5.21148E-1 6.93917E-1 7.90593E-1 8.84652E-1 6.66227E-1 5.16988E-1 7.2557E-1 7.34402E-1 7.49194E-1 8.81047E-1 9.48105E-1 9.58292E-1 9.69248E-1 9.99823E-1 9.97419E-1 9.51654E-1 8.3881E-1 3.534E-1
-9999 -9999 -9999 -9999 -9999 -9999 -9999 -9999 -9999 -9999 -9999 -9999 -9999 -9999 -9999 -9999 -9999 -9999 -9999 -9999 -9999 -9999 -9999 -9999 -9999 -9999 -9999 -9999 -9999 -9999 -9999 -9999 -9999 -9999 -9999 -9999 -9999 6.88952E-1 6.79867E-1 5.8537E-1 7.06234E-1 6.21389E-1 7.51478E-1 7.87401E-1 9.01554E-1 9.39184E-1 8.67499E-1 8.14298E-1 7.94154E-1 8.50486E-1 6.46229E-1 6.86887E-1 4.91057E-1 5.82076E-1 4.56281E-1 4.1959E-1 5.37298E-1 7.34694E-1 7.74505E-1 7.30498E-1 5.24947E-1 5.83639E-1 7.48681E-1 6.85594E-1 8.13786E-1 8.43595E-1 7.4351E-1 7.42763E-1 9.99227E-1 9.72103E-1 9.11777E-1 7.25058E-1 6.71907E-1
-9999 -9999 -9999 -9999 -9999 -9999 -9999 -9999 -9999 -9999 -9999 -9999 -9999 -9999 -9999 -9999 -9999 -9999 -9999 -9999 -9999 -9999 -9999 -9999 -9999 -9999 -9999 -9999 -9999 -9999 -9999 -9999 -9999 -9999 -9999 -9999 5.23776E-1 7.33776E-1 6.87061E-1 6.15879E-1 6.51008E-1 6.05433E-1 6.87835E-1 7.93396E-1 9.59337E-1 8.72626E-1 7.75351E-1 7.44603E-1 8.76227E-1 8.14676E-1 6.80471E-1 7.6999E-1 7.48917E-1 5.31198E-1 4.23728E-1 4.56976E-1 6.35205E-1 5.15983E-1 6.62883E-1 6.22377E-1 5.13469E-1 5.18376E-1 6.30006E-1 7.30699E-1 6.43814E-1 7.63779E-1 8.79024E-1 9.96594E-1 9.9368E-1 9.82802E-1 8.92761E-1 8.45553E-1 6.78102E-1
-9999 -9999 -9999 -9999 -9999 -9999 -9999 -9999 -9999 -9999 -9999 -9999 -9999 -9999 -9999 -9999 -9999 -9999 -9999 -9999 -9999 -9999 -9999 -9999 -9999 -9999 -9999 -9999 -9999 -9999 -9999 -9999 -9999 -9999 -9999 -9999 5.42413E-1 6.0375E-1 7.27281E-1 5.9226E-1 6.06848E-1 5.03974E-1 6.28534E-1 6.69083E-1 8.89343E-1 7.37025E-1 8.21227E-1 6.87214E-1 7.32437E-1 7.39575E-1 7.10572E-1 6.24631E-1 5.04008E-1 5.41038E-1 4.14179E-1 3.18979E-1 5.97535E-1 4.72724E-1 5.45208E-1 4.05587E-1 4.60745E-1 4.65238E-1 5.88306E-1 5.35308E-1 3.98477E-1 4.15193E-1 5.14256E-1 9.28245E-1 9.84143E-1 9.53246E-1 9.07243E-1 9.71562E-1 8.42393E-1
-9999 -9999 -9999 -9999 -9999 -9999 -9999 -9999 -9999 -9999 -9999 -9999 -9999 -9999 -9999 -9999 -9999 -9999 -9999 -9999 -9999 -9999 -9999 -9999 -9999 -9999 -9999 -9999 -9999 -9999 -9999 -9999 -9999 -9999 -9999 -9999 4.8275E-1 5.32239E-1 5.49665E-1 5.18361E-1 5.50949E-1 5.77543E-1 5.59391E-1 6.76459E-1 7.4908E-1 8.95163E-1 5.51632E-1 6.67325E-1 7.94857E-1 6.72087E-1 5.50483E-1 5.02914E-1 3.01918E-1 4.67318E-1 4.35259E-1 3.68131E-1 5.12393E-1 4.13135E-1 4.92877E-1 3.99125E-1 4.07985E-1 4.39259E-1 4.19903E-1 4.27746E-1 3.69233E-1 5.80489E-1 8.18213E-1 7.00077E-1 9.79428E-1 9.60311E-1 9.60705E-1 9.47777E-1 7.94431E-1
-9999 -9999 -9999 -9999 -9999 -9999 -9999 -9999 -9999 -9999 -9999 -9999 -9999 -9999 -9999 -9999 -9999 -9999 -9999 -9999 -9999 -9999 -9999 -9999 -9999 -9999 -9999 -9999 -9999 -9999 -9999 -9999 -9999 -9999 -9999 -9999 5.20777E-1 5.70686E-1 5.33541E-1 4.93381E-1 6.00394E-1 5.21113E-1 5.03576E-1 5.73012E-1 7.33478E-1 8.82952E-1 6.97787E-1 6.35785E-1 6.69761E-1 5.1531E-1 4.05844E-1 5.5008E-1 4.43078E-1 4.33091E-1 2.90595E-1 2.55139E-1 3.32883E-1 6.11833E-1 4.05907E-1 3.13467E-1 2.84999E-1 3.89525E-1 4.473E-1 3.65736E-1 3.59035E-1 5.50401E-1 4.59236E-1 6.30512E-1 8.33262E-1 9.23027E-1 9.64274E-1 9.0693E-1 9.01367E-1
-9999 -9999 -9999 -9999 -9999 -9999 -9999 -9999 -9999 -9999 -9999 -9999 -9999 -9999 -9999 -9999 -9999 -9999 -9999 -9999 -9999 -9999 -9999 -9999 -9999 -9999 -9999 -9999 -9999 -9999 -9999 -9999 -9999 -9999 -9999 8.21083E-1 7.40628E-1 6.09016E-1 5.09406E-1 5.21311E-1 5.45923E-1 4.26239E-1 4.66403E-1 5.52393E-1 6.03017E-1 8.84044E-1 8.6114E-1 8.07368E-1 6.92023E-1 5.77994E-1 4.74715E-1 5.40704E-1 2.97188E-1 5.54832E-1 3.84753E-1 3.47891E-1 3.83475E-1 5.32075E-1 4.85557E-1 4.06666E-1 3.10476E-1 2.9556E-1 3.59696E-1 2.95709E-1 4.30274E-1 4.40493E-1 6.70024E-1 8.47479E-1 6.81874E-1 8.37139E-1 8.34483E-1 9.59847E-1 9.17865E-1
-9999 -9999 -9999 -9999 -9999 -9999 -9999 -9999 -9999 -9999 -9999 -9999 -9999 -9999 -9999 -9999 -9999 -9999 -9999 -9999 -9999 -9999 -9999 -9999 -9999 -9999 -9999 -9999 -9999 -9999 -9999 -9999 -9999 7.40515E-1 6.66422E-1 6.39588E-1 6.95503E-1 6.32257E-1 6.65765E-1 6.08043E-1 5.42854E-1 5.37358E-1 4.67629E-1 5.7081E-1 6.41949E-1 8.62249E-1 7.73531E-1 6.44732E-1 5.17893E-1 4.98015E-1 4.47919E-1 4.07974E-1 5.18257E-1 2.65833E-1 3.12161E-1 3.23505E-1 3.67067E-1 4.04583E-1 4.1287E-1 3.57865E-1 2.88379E-1 2.48166E-1 2.40292E-1 2.64739E-1 2.95965E-1 3.58445E-1 5.61785E-1 4.91932E-1 9.09944E-1 8.50663E-1 8.76189E-1 9.246E-1 9.41842E-1
-9999 -9999 -9999 -9999 -9999 -9999 -9999 -9999 -9999 -9999 -9999 -9999 -9999 -9999 -9999 -9999 -9999 -9999 -9999 -9999 -9999 -9999 -9999 -9999 -9999 -9999 -9999 -9999 -9999 -9999 -9999 -9999 7.99985E-1 7.2251E-1 6.13488E-1 6.81056E-1 6.2129E-1 6.17275E-1 6.23364E-1 5.54615E-1 4.76018E-1 5.15151E-1 5.33818E-1 4.58917E-1 4.91767E-1 7.37508E-1 7.62459E-1 5.91796E-1 5.63315E-1 5.58687E-1 4.86342E-1 4.4534E-1 3.8561E-1 3.45286E-1 2.95305E-1 2.62259E-1 3.00069E-1 2.3831E-1 2.66908E-1 2.97895E-1 3.37482E-1 2.22862E-1 2.66637E-1 2.35447E-1 2.76857E-1 3.7461E-1 5.65917E-1 7.57945E-1 9.03911E-1 8.04887E-1 7.18844E-1 9.1074E-1 7.1482E-1
-9999 -9999 -9999 -9999 -9999 -9999 -9999 -9999 -9999 -9999 -9999 -9999 -9999 -9999 -9999 -9999 -9999 -9999 -9999 -9999 -9999 -9999 -9999 -9999 -9999 -9999 -9999 -9999 -9999 -9999 -9999 8.42243E-1 8.38439E-1 8.26009E-1 5.74297E-1 5.59201E-1 6.9259E-1 6.46404E-1 6.1911E-1 5.86838E-1 5.34999E-1 5.13474E-1 5.1165E-1 4.82733E-1 5.18512E-1 5.94982E-1 7.18248E-1 6.77858E-1 6.86018E-1 4.49181E-1 4.33514E-1 4.46764E-1 3.60449E-1 2.98117E-1 3.47158E-1 4.04555E-1 2.7262E-1 2.60512E-1 2.3076E-1 2.79918E-1 2.76978E-1 2.19059E-1 2.98791E-1 2.96665E-1 2.78343E-1 4.24983E-1 7.56804E-1 8.28617E-1 8.34027E-1 8.46809E-1 6.68897E-1 8.49595E-1 8.38099E-1
-9999 -9999 -9999 -9999 -9999 -9999 -9999 -9999 -9999 -9999 -9999 -9999 -9999 -9999 -9999 -9999 -9999 -9999 -9999 -9999 -9999 -9999 -9999 -9999 -9999 -9999 -9999 -9999 -9999 -9999 6.90175E-1 6.56748E-1 7.6633E-1 6.58453E-1 8.56129E-1 6.51592E-1 6.09848E-1 6.82937E-1 6.02702E-1 6.24221E-1 7.09799E-1 6.16338E-1 6.08502E-1 4.7044E-1 4.85567E-1 5.23254E-1 7.29769E-1 7.1565E-1 6.01162E-1 4.70257E-1 4.32183E-1 3.89752E-1 3.4708E-1 3.07073E-1 3.00498E-1 3.77632E-1 2.13237E-1 2.3154E-1 1.59733E-1 3.36022E-1 2.64208E-1 2.4996E-1 2.73226E-1 2.46562E-1 3.10027E-1 5.19128E-1 7.88792E-1 7.3778E-1 8.40266E-1 7.99351E-1 5.93649E-1 6.31687E-1 8.14557E-1
-9999 -9999 -9999 -9999 -9999 -9999 -9999 -9999 -9999 -9999 -9999 -9999 -9999 -9999 -9999 -9999 -9999 -9999 -9999 -9999 -9999 -9999 -9999 -9999 -9999 -9999 -9999 -9999 -9999 8.01891E-1 7.20101E-1 6.95179E-1 8.08641E-1 7.493E-1 7.9715E-1 8.00955E-1 7.94223E-1 7.09555E-1 5.20107E-1 6.15521E-1 7.42628E-1 6.07827E-1 6.71857E-1 7.60831E-1 5.96042E-1 4.91346E-1 5.42397E-1 6.68358E-1 4.90343E-1 4.20947E-1 3.8061E-1 3.80296E-1 3.5431E-1 3.02526E-1 2.67959E-1 3.1321E-1 3.81197E-1 3.90662E-1 2.67906E-1 2.6384E-1 2.5483E-1 2.43384E-1 2.73447E-1 3.697E-1 5.27412E-1 7.61049E-1 6.62855E-1 5.28695E-1 7.12308E-1 7.11054E-1 6.13022E-1 6.56467E-1 4.90064E-1
-9999 -9999 -9999 -9999 -9999 -9999 -9999 -9999 -9999 -9999 -9999 -9999 -9999 -9999 -9999 -9999 -9999 -9999 -9999 -9999 -9999 -9999 -9999 -9999 -9999 -9999 -9999 -9999 8.09467E-1 6.7683E-1 7.54324E-1 7.02361E-1 6.78971E-1 7.60466E-1 6.84534E-1 6.57325E-1 8.31365E-1 5.953E-1 4.8019E-1 4.65334E-1 4.45345E-1 4.205E-1 5.01561E-1 7.15597E-1 8.00781E-1 5.10296E-1 4.48792E-1 5.01766E-1 4.61118E-1 4.74125E-1 3.54188E-1 3.31336E-1 3.49955E-1 3.14784E-1 2.96868E-1 2.98984E-1 3.2823E-1 3.15762E-1 2.73884E-1 2.35323E-1 2.48536E-1 2.81507E-1 4.0764E-1 4.61809E-1 6.29071E-1 6.83087E-1 4.84536E-1 5.18023E-1 4.34826E-1 4.84922E-1 4.80718E-1 4.27764E-1 4.43909E-1
-9999 -9999 -9999 -9999 -9999 -9999 -9999 -9999 -9999 -9999 -9999 -9999 -9999 -9999 -9999 -9999 -9999 -9999 -9999 -9999 -9999 -9999 -9999 -9999 -9999 -9999 -9999 -9999 9.19022E-1 7.51764E-1 6.94695E-1 6.77169E-1 6.2289E-1 7.53749E-1 6.58967E-1 6.84516E-1 6.09036E-1 5.15041E-1 5.21242E-1 6.53244E-1 5.47603E-1 4.61508E-1 4.00866E-1 5.61747E-1 8.24152E-1 7.42953E-1 5.77556E-1 2.15669E-1 2.64057E-1 3.78709E-1 3.18151E-1 3.21106E-1 2.90634E-1 2.57415E-1 3.01841E-1 2.9599E-1 2.99715E-1 2.77066E-1 2.66314E-1 2.15572E-1 2.49118E-1 3.11283E-1 5.04148E-1 4.70324E-1 4.56144E-1 3.39913E-1 4.19209E-1 4.73098E-1 3.29403E-1 5.3334E-1 5.57682E-1 4.551E-1 1.71022E-1
-9999 -9999 -9999 -9999 -9999 -9999 -9999 -9999 -9999 -9999 -9999 -9999 -9999 -9999 -9999 -9999 -9999 -9999 -9999 -9999 -9999 -9999 -9999 -9999 -9999 -9999 -9999 -9999 -9999 -9999 -9999 7.65183E-1 6.43465E-1 5.89463E-1 7.21574E-1 5.98333E-1 5.25746E-1 5.75161E-1 6.3085E-1 6.04896E-1 4.40579E-1 4.27893E-1 4.14001E-1 4.8618E-1 5.02295E-1 6.91745E-1 7.62204E-1 5.53778E-1 5.73511E-1 6.07334E-1 4.09758E-1 3.75395E-1 3.26089E-1 2.90317E-1 3.28378E-1 2.6882E-1 2.60245E-1 2.94387E-1 2.33099E-1 2.39752E-1 3.64973E-1 4.00754E-1 4.83606E-1 4.81664E-1 3.17424E-1 2.32756E-1 1.69032E-1 2.2202E-1 1.26703E-1 3.54845E-1 4.68382E-1 4.81941E-1 1.15851E-1
-9999 -9999 -9999 -9999 -9999 -9999 -9999 -9999 -9999 -9999 -9999 -9999 -9999 -9999 -9999 -9999 -9999 -9999 -9999 -9999 -9999 -9999 -9999 -9999 -9999 -9999 -9999 -9999 -9999 -9999 -9999 6.84071E-1 6.57778E-1 5.56077E-1 5.12363E-1 5.71598E-1 4.44153E-1 4.61071E-1 4.07008E-1 5.83787E-1 5.10554E-1 3.76749E-1 3.92012E-1 3.80292E-1 3.86925E-1 4.58361E-1 4.72083E-1 3.01098E-1 2.69257E-1 3.93128E-1 5.38126E-1 4.72695E-1 3.85249E-1 3.27275E-1 3.3568E-1 3.27185E-1 2.03488E-1 2.64796E-1 2.54663E-1 3.2759E-1 4.13467E-1 3.98255E-1 3.3556E-1 2.31469E-1 1.21726E-1 5.85838E-2 8.51417E-2 6.05872E-2 4.35579E-2 2.15809E-1 4.29873E-1 4.19529E-1 1.42974E-1
-9999 -9999 -9999 -9999 -9999 -9999 -9999 -9999 -9999 -9999 -9999 -9999 -9999 -9999 -9999 -9999 -9999 -9999 -9999 -9999 -9999 -9999 -9999 -9999 -9999 -9999 -9999 -9999 -9999 -9999 7.28156E-1 5.82091E-1 6.32667E-1 5.51271E-1 4.99176E-1 5.57968E-1 4.82014E-1 4.59126E-1 4.35221E-1 5.05518E-1 5.47241E-1 3.81987E-1 3.64831E-1 3.43662E-1 3.74757E-1 4.59708E-1 4.061E-1 3.84702E-1 2.79911E-1 3.18765E-1 4.17711E-1 5.96013E-1 5.01568E-1 3.25234E-1 2.13119E-1 2.68242E-1 2.87296E-1 2.34982E-1 2.51768E-1 3.42361E-1 3.82897E-1 2.07203E-1 1.05119E-1 7.60455E-2 2.73071E-2 4.02389E-2 5.52149E-2 3.89944E-2 1.81221E-2 1.72059E-1 5.03748E-1 3.26513E-1 3.29423E-2
-9999 -9999 -9999 -9999 -9999 -9999 -9999 -9999 -9999 -9999 -9999 -9999 -9999 -9999 -9999 -9999 -9999 -9999 -9999 -9999 -9999 -9999 -9999 -9999 -9999 -9999 -9999 -9999 -9999 -9999 6.34629E-1 5.10285E-1 5.00986E-1 4.85074E-1 4.73853E-1 4.84699E-1 5.64988E-1 4.6014E-1 4.06861E-1 3.68367E-1 4.05766E-1 4.24711E-1 3.38347E-1 3.63545E-1 3.3692E-1 3.54714E-1 3.91838E-1 3.82427E-1 4.05103E-1 4.3698E-1 4.1981E-1 4.95322E-1 7.26175E-1 5.82963E-1 2.92952E-1 2.51347E-1 2.68281E-1 2.11884E-1 2.22517E-1 3.2458E-1 2.17155E-1 7.74734E-2 1.90563E-2 9.4025E-3 6.26171E-3 7.33568E-3 6.57173E-3 7.31063E-3 1.94542E-2 1.65665E-1 3.94549E-1 1.12908E-1 1.44534E-2
-9999 -9999 -9999 -9999 -9999 -9999 -9999 -9999 -9999 -9999 -9999 -9999 -9999 -9999 -9999 -9999 -9999 -9999 -9999 -9999 -9999 -9999 -9999 -9999 -9999 8.9223E-1 7.82556E-1 7.33757E-1 7.1509E-1 7.9635E-1 6.7396E-1 5.65839E-1 4.96247E-1 5.02499E-1 4.34434E-1 4.54135E-1 4.40545E-1 4.9235E-1 4.67639E-1 3.29233E-1 2.70511E-1 3.8685E-1 4.0811E-1 3.70412E-1 3.47011E-1 4.1193E-1 4.41426E-1 3.78645E-1 4.03715E-1 3.0849E-1 3.75081E-1 3.63874E-1 5.59505E-1 5.12455E-1 4.3319E-1 2.33802E-1 2.54774E-1 1.99323E-1 2.25701E-1 3.35841E-1 1.68259E-1 4.01556E-2 3.62274E-3 7.47884E-4 5.80323E-4 3.30238E-4 3.43252E-4 2.75978E-3 6.72625E-2 1.76463E-1 2.41651E-1 2.17878E-1 6.28928E-2
-9999 -9999 -9999 -9999 -9999 -9999 -9999 -9999 -9999 -9999 -9999 -9999 -9999 -9999 -9999 -9999 -9999 -9999 -9999 -9999 -9999 -9999 8.70019E-1 8.021E-1 8.04953E-1 8.32133E-1 8.99211E-1 7.75629E-1 7.49246E-1 8.04067E-1 7.34074E-1 7.77384E-1 6.43015E-1 5.09494E-1 4.77288E-1 4.27379E-1 3.57345E-1 3.1769E-1 3.8101E-1 4.10752E-1 2.94767E-1 3.45072E-1 3.89942E-1 3.22245E-1 3.4918E-1 4.07666E-1 3.59625E-1 3.16235E-1 3.54307E-1 3.17279E-1 3.20551E-1 3.21837E-1 5.39899E-1 6.905E-1 4.0832E-1 4.38481E-1 3.99776E-1 3.51639E-1 1.4388E-1 2.72177E-1 9.37324E-2 8.03225E-3 1.30158E-3 5.28474E-4 4.82544E-4 1.9369E-4 8.9033E-5 1.33507E-3 2.42768E-2 3.77497E-2 9.68633E-2 1.43511E-1 7.27077E-2
-9999 -9999 -9999 -9999 -9999 -9999 -9999 -9999 -9999 -9999 -9999 -9999 -9999 -9999 -9999 -9999 -9999 -9999 -9999 -9999 -9999 9.06505E-1 9.97012E-1 9.51991E-1 9.93867E-1 9.90633E-1 8.7148E-1 8.0736E-1 9.02167E-1 6.76142E-1 6.04022E-1 6.71923E-1 4.64229E-1 4.77288E-1 4.06956E-1 3.97156E-1 3.19653E-1 3.38633E-1 3.92523E-1 3.65922E-1 2.99496E-1 2.80597E-1 3.34029E-1 3.56729E-1 3.25757E-1 3.5445E-1 3.92367E-1 3.53738E-1 2.99846E-1 2.96261E-1 3.30737E-1 3.20012E-1 4.07304E-1 4.27997E-1 3.28532E-1 5.48845E-1 4.51204E-1 3.57039E-1 2.2416E-1 1.93487E-1 4.80947E-2 1.58918E-2 3.31842E-3 1.18846E-3 4.57249E-4 3.08854E-4 2.32195E-4 1.07818E-3 3.48446E-3 1.14635E-2 1.85096E-2 5.95203E-2 1.02978E-1
-9999 -9999 -9999 -9999 -9999 -9999 -9999 -9999 -9999 -9999 -9999 -9999 -9999 -9999 -9999 -9999 -9999 -9999 -9999 -9999 -9999 9.3449E-1 9.33587E-1 9.09742E-1 9.37187E-1 9.79799E-1 9.95254E-1 9.90839E-1 7.78387E-1 5.94278E-1 5.51316E-1 4.60366E-1 4.53797E-1 5.70681E-1 5.43673E-1 4.0385E-1 3.57506E-1 3.65807E-1 3.89446E-1 2.97211E-1 2.53996E-1 3.0602E-1 3.05038E-1 3.05491E-1 3.24899E-1 3.58558E-1 3.76173E-1 2.97426E-1 3.23636E-1 2.91823E-1 2.51161E-1 3.15818E-1 3.66149E-1 3.77321E-1 2.94016E-1 2.69739E-1 3.85021E-1 2.98585E-1 1.88974E-1 1.52436E-1 1.00286E-1 4.66923E-2 9.99532E-3 3.7583E-3 1.43841E-3 7.7386E-4 7.6872E-4 6.58144E-4 1.32006E-3 1.95657E-3 5.49745E-3 6.37622E-2 6.83653E-2
-9999 -9999 -9999 -9999 -9999 -9999 -9999 -9999 -9999 -9999 -9999 -9999 -9999 -9999 -9999 -9999 -9999 -9999 -9999 -9999 -9999 9.77469E-1 8.97886E-1 9.00893E-1 9.44475E-1 9.57329E-1 9.94314E-1 9.90787E-1 9.65702E-1 5.87636E-1 6.21849E-1 5.44119E-1 4.5176E-1 5.10976E-1 5.34552E-1 4.45886E-1 3.86679E-1 2.56973E-1 2.91913E-1 3.2044E-1 2.95593E-1 2.98352E-1 2.87703E-1 3.01445E-1 3.21583E-1 3.88933E-1 3.79167E-1 3.27179E-1 2.70795E-1 3.03416E-1 2.4363E-1 2.90854E-1 2.77513E-1 2.80222E-1 2.02666E-1 1.94777E-1 4.17571E-1 3.28301E-1 2.16331E-1 1.23527E-1 1.44368E-1 5.82011E-2 1.69259E-2 5.60221E-3 3.25994E-3 1.68202E-3 1.18358E-3 4.95488E-4 7.95013E-4 1.90619E-3 4.17409E-3 4.58978E-2 4.32307E-2
-9999 -9999 -9999 -9999 -9999 -9999 -9999 -9999 -9999 -9999 -9999 -9999 -9999 -9999 -9999 -9999 -9999 -9999 -9999 -9999 -9999 -9999 9.61817E-1 7.91199E-1 9.15294E-1 9.1108E-1 9.13724E-1 9.55457E-1 9.76416E-1 9.49907E-1 8.79556E-1 8.71465E-1 8.16199E-1 5.95562E-1 4.85013E-1 5.34437E-1 4.0317E-1 3.25035E-1 2.91926E-1 3.20787E-1 2.69548E-1 2.69877E-1 2.77989E-1 3.01469E-1 3.33478E-1 3.41772E-1 3.20555E-1 3.20876E-1 2.88833E-1 3.5661E-1 3.37391E-1 2.70263E-1 2.72867E-1 2.63153E-1 2.03573E-1 2.05768E-1 2.83986E-1 3.77243E-1 3.88226E-1 2.94E-1 1.55385E-1 5.78843E-2 1.32203E-2 2.75928E-3 2.02806E-3 1.87513E-3 8.63019E-4 7.3921E-4 7.65093E-4 1.3864E-3 2.95835E-3 1.29587E-2 1.01703E-2
-9999 -9999 -9999 -9999 -9999 -9999 -9999 -9999 -9999 -9999 -9999 -9999 -9999 -9999 -9999 -9999 -9999 -9999 -9999 -9999 -9999 -9999 9.52571E-1 9.57769E-1 8.12563E-1 7.6897E-1 6.94755E-1 7.18879E-1 9.51374E-1 9.97004E-1 9.97963E-1 9.51017E-1 8.26393E-1 4.61618E-1 7.00587E-1 5.64346E-1 4.66244E-1 3.51499E-1 3.11841E-1 3.15382E-1 2.69722E-1 2.78456E-1 3.80223E-1 2.55154E-1 2.54302E-1 3.16831E-1 3.11304E-1 3.40155E-1 3.07911E-1 3.28079E-1 2.97824E-1 2.91095E-1 2.64528E-1 1.65038E-1 7.70094E-2 7.11166E-2 1.06729E-1 1.62913E-1 3.8517E-1 2.7765E-1 1.80643E-1 7.68601E-2 1.56579E-2 7.06898E-3 3.49797E-3 2.76601E-3 2.31038E-3 1.48982E-3 5.56966E-4 6.48182E-4 1.55607E-3 3.73297E-3 2.70585E-3
-9999 -9999 -9999 -9999 -9999 -9999 -9999 -9999 -9999 -9999 -9999 -9999 -9999 -9999 -9999 -9999 -9999 -9999 -9999 -9999 -9999 -9999 7.65998E-1 9.18769E-1 9.13267E-1 9.25418E-1 9.09627E-1 6.89439E-1 6.94552E-1 8.60697E-1 9.47055E-1 9.61389E-1 9.30995E-1 6.41883E-1 6.91161E-1 5.10261E-1 4.89332E-1 3.57096E-1 3.24025E-1 2.95039E-1 3.48951E-1 5.50747E-1 3.48885E-1 5.59859E-1 6.12409E-1 5.8647E-1 5.8862E-1 4.16353E-1 3.511E-1 3.17358E-1 3.4384E-1 2.92507E-1 2.27291E-1 1.20345E-1 3.36336E-2 1.15148E-2 1.13419E-2 8.51081E-2 3.05233E-1 2.97723E-1 2.18954E-1 1.25783E-1 6.18704E-2 2.09044E-2 7.49298E-3 3.9572E-3 2.59286E-3 1.68411E-3 8.55123E-4 4.21951E-4 6.34587E-4 5.87364E-4 1.61449E-3
-9999 -9999 -9999 -9999 -9999 -9999 -9999 -9999 -9999 -9999 -9999 -9999 -9999 -9999 -9999 -9999 -9999 -9999 -9999 -9999 -9999 -9999 8.24507E-1 9.33492E-1 9.23959E-1 9.55442E-1 9.1841E-1 8.29714E-1 7.50957E-1 8.94052E-1 9.28598E-1 8.82399E-1 9.23594E-1 9.82197E-1 9.9058E-1 9.84836E-1 9.25097E-1 5.91322E-1 4.90276E-1 3.8998E-1 6.33503E-1 8.38962E-1 7.1587E-1 8.14718E-1 8.29685E-1 7.96809E-1 4.99669E-1 2.97814E-1 3.23366E-1 2.62951E-1 2.41475E-1 2.70595E-1 1.68512E-1 9.05122E-2 1.50996E-2 1.30526E-3 3.32117E-3 2.97725E-2 1.69468E-1 3.73624E-1 3.02515E-1 8.50337E-2 3.86826E-2 1.65726E-2 6.52972E-3 3.75873E-3 1.78429E-3 1.52691E-3 1.74091E-3 1.82965E-3 3.07367E-3 4.62285E-3 2.93459E-3
-9999 -9999 -9999 -9999 -9999 -9999 -9999 -9999 -9999 -9999 -9999 -9999 -9999 -9999 -9999 -9999 -9999 -9999 -9999 -9999 -9999 -9999 -9999 7.33913E-1 8.18143E-1 9.1484E-1 9.22254E-1 8.91703E-1 8.92965E-1 8.40632E-1 8.91914E-1 9.16511E-1 9.16888E-1 7.74987E-1 9.62863E-1 9.58184E-1 9.79292E-1 9.10993E-1 8.24862E-1 7.38936E-1 9.80877E-1 9.46679E-1 7.57711E-1 7.789E-1 5.04052E-1 4.37323E-1 4.09625E-1 3.04432E-1 3.09886E-1 2.45476E-1 1.67689E-1 1.55541E-1 1.41477E-1 6.19317E-2 9.90211E-3 4.69059E-4 3.44029E-3 4.75581E-2 2.2314E-1 3.86156E-1 2.81906E-1 7.72629E-2 9.07368E-3 4.51622E-3 3.95411E-3 3.17558E-3 8.04277E-3 5.60361E-3 4.15534E-3 1.50586E-2 6.09598E-3 1.85714E-3 2.00628E-3
-9999 -9999 -9999 -9999 -9999 -9999 -9999 -9999 -9999 -9999 -9999 -9999 -9999 -9999 -9999 -9999 -9999 -9999 -9999 -9999 -9999 -9999 -9999 8.2561E-1 7.69061E-1 7.37029E-1 8.48448E-1 7.11312E-1 8.13565E-1 8.8747E-1 8.6792E-1 8.17588E-1 9.59411E-1 9.44296E-1 9.38938E-1 9.25575E-1 9.43264E-1 9.59172E-1 9.68217E-1 9.74413E-1 9.59198E-1 9.57779E-1 9.01689E-1 5.98086E-1 6.52638E-1 4.72572E-1 6.62928E-1 4.04845E-1 2.93548E-1 2.22763E-1 1.8138E-1 1.44121E-1 7.60325E-2 2.75641E-2 5.62759E-3 9.87858E-4 3.68246E-3 2.85907E-2 2.19262E-1 2.73279E-1 3.09595E-1 1.15691E-1 1.12149E-2 5.06292E-3 9.42778E-3 7.85049E-2 5.15653E-2 2.94267E-2 8.05498E-2 5.44561E-2 1.26616E-2 1.63139E-3 3.319E-4
-9999 -9999 -9999 -9999 -9999 -9999 -9999 -9999 -9999 -9999 -9999 -9999 -9999 -9999 -9999 -9999 -9999 -9999 -9999 -9999 -9999 -9999 -9999 -9999 -9999 7.00344E-1 7.37899E-1 7.61263E-1 6.8412E-1 8.83402E-1 8.08702E-1 6.95552E-1 8.46263E-1 9.08336E-1 8.82906E-1 8.21291E-1 7.61816E-1 6.41865E-1 6.96528E-1 9.52286E-1 7.80266E-1 8.89919E-1 9.64567E-1 8.74576E-1 8.63566E-1 6.8769E-1 6.6937E-1 5.07615E-1 3.35916E-1 2.79047E-1 2.1887E-1 1.81763E-1 1.17577E-1 3.84898E-2 1.10784E-2 2.18253E-3 9.66777E-3 4.37573E-2 1.74228E-1 2.06658E-1 3.12007E-1 1.97144E-1 2.84639E-2 1.57695E-2 5.51546E-2 1.50562E-1 1.03677E-1 7.05605E-2 1.09604E-1 9.24667E-2 7.97203E-2 1.22906E-2 5.51248E-3
-9999 -9999 -9999 -9999 -9999 -9999 -9999 -9999 -9999 -9999 -9999 -9999 -9999 -9999 -9999 -9999 -9999 -9999 -9999 -9999 -9999 7.67327E-1 7.85359E-1 -9999 -9999 6.45942E-1 5.71918E-1 6.21861E-1 6.50225E-1 6.66303E-1 7.50825E-1 6.45503E-1 7.47914E-1 8.11721E-1 8.19165E-1 6.02985E-1 5.14806E-1 5.09031E-1 5.24684E-1 7.15847E-1 5.37284E-1 6.40021E-1 8.47927E-1 9.55141E-1 8.28977E-1 7.0853E-1 6.25768E-1 2.46423E-1 3.31111E-1 2.98569E-1 2.28773E-1 1.89285E-1 1.03805E-1 2.62636E-2 1.0266E-2 2.66994E-3 1.40015E-2 8.06524E-2 1.70011E-1 2.5721E-1 2.46786E-1 2.55058E-1 8.72405E-2 1.77027E-1 1.80333E-1 2.05652E-1 1.51496E-1 1.24334E-1 6.2993E-2 1.8957E-2 8.15613E-2 6.03314E-2 3.58404E-2
-9999 -9999 -9999 -9999 -9999 -9999 -9999 -9999 -9999 -9999 -9999 -9999 -9999 -9999 -9999 -9999 -9999 -9999 -9999 -9999 -9999 6.07508E-1 5.82545E-1 6.30965E-1 6.35315E-1 5.68357E-1 5.11391E-1 4.57577E-1 5.47358E-1 5.21943E-1 5.17008E-1 5.20373E-1 5.8212E-1 7.33231E-1 8.21767E-1 6.35384E-1 4.89727E-1 3.49029E-1 3.60468E-1 4.31333E-1 2.63542E-1 3.69746E-1 5.87212E-1 8.72817E-1 6.84164E-1 3.61316E-1 3.04502E-1 2.54984E-1 3.11808E-1 2.734E-1 2.16404E-1 2.00396E-1 8.14758E-2 2.92414E-2 2.70243E-3 1.16024E-3 6.25645E-3 6.81972E-2 2.30634E-1 3.35702E-1 1.55576E-1 1.8665E-1 1.96542E-1 8.79442E-2 8.23529E-2 7.64391E-2 9.9802E-2 6.87924E-2 3.39087E-3 8.21749E-4 1.07424E-2 3.17919E-2 5.80902E-2
