ENM/Final_Models/M_2_F_q_Set_1_E/Gustavia_santanderiensis_2_Choco.asc
ncols         367
nrows         963
xllcorner     -78.6
yllcorner     0.65
cellsize      0.00833333333333323
NODATA_value  -9999
[rows 651 to 681 of 963, columns 138 to 206 of 367]
-9999 -9999 -9999 -9999 -9999 -9999 -9999 -9999 -9999 9.99993E-1 9.99938E-1 9.99577E-1 9.99924E-1 9.99781E-1 9.99573E-1 9.99656E-1 9.9972E-1 9.99861E-1 9.99761E-1 9.99908E-1 9.9997E-1 9.99995E-1 9.99761E-1 9.99509E-1 9.99853E-1 9.99963E-1 9.99984E-1 9.99945E-1 9.9748E-1 9.54854E-1 9.19138E-1 9.16317E-1 9.81982E-1 9.8497E-1 9.97977E-1 9.79805E-1 9.30382E-1 8.9147E-1 9.47248E-1 9.78852E-1 9.62835E-1 8.84081E-1 8.30751E-1 9.85954E-1 9.97384E-1 9.07394E-1 4.95908E-1 6.52417E-1 5.3583E-1 3.74079E-1 8.11686E-1 8.12969E-1 8.91063E-1 7.93155E-1 7.59902E-2 6.33296E-2 3.99345E-2 1.13329E-2 4.31587E-3 7.26699E-3 6.97516E-4 4.46539E-3 4.8171E-2 4.28807E-2 5.43953E-2 7.05256E-2 1.4219E-2 6.48072E-3 9.30811E-3
-9999 -9999 -9999 -9999 -9999 -9999 -9999 -9999 9.99996E-1 9.99991E-1 9.99905E-1 9.99939E-1 9.99914E-1 9.99835E-1 9.9995E-1 9.99879E-1 9.99853E-1 9.99533E-1 9.99986E-1 9.99861E-1 9.99973E-1 9.99973E-1 9.99992E-1 9.99908E-1 9.99981E-1 9.98762E-1 9.99973E-1 9.99996E-1 9.9983E-1 9.71961E-1 9.66172E-1 9.54733E-1 9.83765E-1 9.90808E-1 9.64083E-1 9.87057E-1 9.22223E-1 8.36453E-1 8.537E-1 9.42228E-1 8.18056E-1 9.91065E-1 9.9598E-1 9.92473E-1 9.54958E-1 7.39422E-1 2.22199E-1 2.33725E-1 3.14527E-1 4.07636E-1 4.24462E-1 3.92276E-1 4.93594E-1 5.27355E-1 1.4763E-1 1.3056E-1 8.7732E-2 3.41545E-2 7.17363E-3 8.96845E-3 8.64406E-3 1.28624E-2 1.88556E-2 3.38637E-2 6.24232E-2 5.3598E-2 5.85282E-3 5.37997E-3 2.22101E-2
-9999 -9999 -9999 -9999 -9999 -9999 -9999 1E0 9.99999E-1 9.99995E-1 9.99978E-1 9.99959E-1 9.99941E-1 9.99906E-1 9.99953E-1 9.99516E-1 9.99408E-1 9.99994E-1 9.99916E-1 9.99913E-1 9.99893E-1 9.99961E-1 9.99995E-1 9.99997E-1 9.99999E-1 9.99967E-1 9.99985E-1 9.9974E-1 9.99854E-1 9.69359E-1 9.69801E-1 9.03528E-1 9.17546E-1 9.71317E-1 8.62806E-1 9.97912E-1 9.80041E-1 8.36198E-1 9.34425E-1 9.16223E-1 8.84204E-1 9.94062E-1 9.98076E-1 9.9492E-1 9.50218E-1 7.16046E-1 4.37513E-1 1.09998E-1 5.73361E-2 1.01169E-1 5.88413E-2 1.03397E-1 1.9844E-1 3.41804E-1 3.71988E-2 5.5564E-2 1.22235E-1 6.96774E-2 3.14631E-2 2.36009E-2 1.26931E-2 1.28258E-2 2.01702E-2 2.03347E-2 8.87683E-2 7.49541E-2 3.01096E-2 3.34109E-2 6.96821E-2
-9999 -9999 -9999 -9999 -9999 -9999 -9999 9.99998E-1 9.99974E-1 9.99987E-1 1E0 9.99992E-1 9.99984E-1 9.99979E-1 9.99566E-1 9.99664E-1 9.9945E-1 9.99916E-1 9.99961E-1 9.99997E-1 9.99989E-1 9.99986E-1 9.99976E-1 9.98714E-1 9.99912E-1 9.99774E-1 9.99991E-1 9.99978E-1 9.99512E-1 9.9199E-1 9.73652E-1 9.18348E-1 7.92921E-1 7.79686E-1 9.45143E-1 8.90221E-1 9.52183E-1 8.64081E-1 9.9605E-1 9.84992E-1 9.65553E-1 9.96949E-1 9.87293E-1 9.9856E-1 9.15488E-1 9.01788E-1 6.37087E-1 2.11839E-1 3.35349E-2 2.96523E-2 3.86853E-2 3.73774E-2 6.63191E-2 4.70566E-2 3.57197E-3 2.29339E-2 5.4478E-2 9.28025E-2 4.6307E-2 3.87238E-2 3.34186E-2 1.29332E-2 1.05903E-2 2.08901E-2 1.37067E-1 1.39091E-1 8.51293E-2 7.91481E-2 1.08713E-1
-9999 -9999 -9999 -9999 -9999 -9999 -9999 1E0 1E0 9.99999E-1 9.99999E-1 1E0 9.99997E-1 1E0 9.99989E-1 9.99962E-1 9.99875E-1 9.99928E-1 9.99963E-1 9.99994E-1 1E0 9.99987E-1 9.99859E-1 9.99963E-1 9.99993E-1 9.9995E-1 9.99418E-1 9.99303E-1 9.9993E-1 9.02392E-1 9.96367E-1 9.77041E-1 7.96753E-1 7.63493E-1 8.86567E-1 8.88002E-1 9.80071E-1 9.94692E-1 9.94013E-1 9.97324E-1 9.69962E-1 9.37195E-1 9.76354E-1 9.98764E-1 9.9056E-1 9.13801E-1 8.40735E-1 5.16942E-1 2.37806E-1 6.7985E-2 2.56852E-2 1.4948E-2 8.10312E-3 2.44587E-3 3.18918E-3 4.81502E-3 1.74989E-2 2.32576E-2 3.05736E-2 5.00508E-2 4.28058E-2 2.10577E-2 3.88092E-2 4.37192E-2 1.58842E-1 1.7776E-1 1.74636E-1 2.44015E-1 1.54752E-1
-9999 -9999 -9999 -9999 -9999 1E0 1E0 1E0 1E0 1E0 9.99997E-1 9.99999E-1 9.99999E-1 9.99999E-1 9.99999E-1 9.99983E-1 9.99956E-1 9.99937E-1 9.99983E-1 9.99997E-1 9.99633E-1 9.998E-1 9.99988E-1 9.99966E-1 9.99929E-1 1E0 9.99997E-1 9.99994E-1 9.95963E-1 9.76967E-1 9.87219E-1 9.83292E-1 9.18782E-1 7.53422E-1 9.16236E-1 9.21897E-1 9.7674E-1 9.67934E-1 9.91742E-1 9.925E-1 9.75633E-1 9.69469E-1 9.96989E-1 9.91615E-1 9.97866E-1 9.94886E-1 9.59678E-1 6.26851E-1 3.36619E-1 2.35611E-1 1.37825E-1 1.4034E-2 5.48859E-3 8.18475E-3 3.62257E-3 2.87099E-2 3.27987E-2 1.67177E-2 1.06724E-2 1.22277E-2 1.98777E-2 1.38727E-2 2.4993E-2 2.04237E-1 1.97855E-1 1.9811E-1 1.97608E-1 3.12829E-1 2.28808E-1
-9999 -9999 -9999 -9999 -9999 9.99999E-1 9.99997E-1 1E0 1E0 1E0 9.99999E-1 9.99991E-1 9.99972E-1 9.99991E-1 9.99999E-1 9.99997E-1 9.99822E-1 9.99906E-1 9.99987E-1 9.99983E-1 9.99995E-1 9.99994E-1 9.99995E-1 9.99979E-1 9.99963E-1 9.99977E-1 1E0 9.99999E-1 9.98873E-1 9.98372E-1 9.92133E-1 9.99802E-1 9.9186E-1 9.10679E-1 9.58401E-1 9.71479E-1 9.98269E-1 9.98472E-1 9.93738E-1 9.22294E-1 8.65151E-1 9.84831E-1 9.9737E-1 9.97122E-1 9.99409E-1 9.72018E-1 7.25179E-1 4.26658E-1 5.0582E-1 4.44743E-1 4.15741E-1 1.67579E-1 1.32098E-2 2.96072E-2 8.68562E-2 2.55765E-1 1.40558E-1 5.36858E-2 3.90671E-2 1.5857E-2 1.90474E-2 4.28263E-2 4.01313E-2 1.50973E-1 2.45753E-1 2.14489E-1 1.88779E-1 1.15487E-1 7.13556E-2
-9999 -9999 -9999 -9999 1E0 9.99999E-1 9.9999E-1 1E0 1E0 1E0 9.99997E-1 9.99954E-1 9.99997E-1 9.99998E-1 9.99995E-1 9.99999E-1 9.99967E-1 9.99939E-1 9.99996E-1 9.99988E-1 9.99999E-1 9.99992E-1 9.99929E-1 9.99957E-1 9.99971E-1 9.99941E-1 9.99988E-1 9.99994E-1 9.691E-1 9.86164E-1 9.983E-1 9.99767E-1 8.91668E-1 7.10956E-1 7.60649E-1 9.89174E-1 9.62235E-1 9.71993E-1 9.43024E-1 8.69908E-1 8.63128E-1 9.51698E-1 9.63823E-1 9.99994E-1 9.99962E-1 9.81207E-1 8.62535E-1 4.84286E-1 7.67116E-1 8.45655E-1 5.99611E-1 5.74932E-1 5.71936E-2 1.21636E-1 3.95074E-1 3.74683E-1 1.7827E-1 7.48106E-2 5.87752E-2 6.88399E-2 1.35097E-1 1.9007E-1 8.75896E-2 1.82607E-1 2.33221E-1 2.13121E-1 1.08664E-1 4.59253E-2 3.22738E-2
-9999 -9999 -9999 9.99999E-1 1E0 9.99999E-1 9.99999E-1 1E0 1E0 1E0 1E0 9.99999E-1 9.99999E-1 9.99999E-1 9.99984E-1 1E0 1E0 9.99998E-1 9.99998E-1 9.99998E-1 9.99985E-1 9.99999E-1 9.99991E-1 9.99986E-1 9.99993E-1 9.99998E-1 9.99983E-1 9.99995E-1 9.95946E-1 9.93222E-1 9.99535E-1 9.97419E-1 9.70018E-1 8.63562E-1 8.2945E-1 9.74719E-1 9.89957E-1 8.70194E-1 9.04806E-1 7.41173E-1 8.10424E-1 9.77702E-1 9.72286E-1 9.99893E-1 1E0 9.99844E-1 9.9745E-1 8.33547E-1 9.49074E-1 9.48943E-1 8.97507E-1 9.04434E-1 2.60067E-1 4.13924E-1 7.01694E-1 3.16582E-1 9.61975E-2 6.96483E-2 6.53368E-2 1.59067E-1 4.41258E-1 3.96945E-1 1.84416E-1 1.61996E-1 2.50229E-1 1.45519E-1 9.61738E-2 3.7047E-2 7.7197E-3
-9999 -9999 9.99998E-1 9.99999E-1 9.99998E-1 1E0 9.99999E-1 1E0 1E0 1E0 1E0 1E0 9.99997E-1 9.99999E-1 1E0 1E0 9.99984E-1 9.99868E-1 9.92386E-1 9.99979E-1 1E0 1E0 9.99942E-1 9.99952E-1 9.99957E-1 9.99996E-1 9.99936E-1 9.99586E-1 9.98725E-1 9.80292E-1 9.88033E-1 9.83358E-1 9.50574E-1 9.80839E-1 9.93005E-1 8.64668E-1 9.67306E-1 9.98657E-1 9.13081E-1 8.08619E-1 9.11491E-1 9.91197E-1 7.32608E-1 9.67474E-1 9.96979E-1 9.77575E-1 9.88969E-1 9.53139E-1 9.78022E-1 9.26476E-1 9.36586E-1 9.0236E-1 2.69924E-1 3.14916E-1 3.15748E-1 1.19801E-1 7.4798E-2 6.89388E-2 4.89867E-2 1.0359E-1 1.80216E-1 8.70745E-2 2.65457E-1 2.17825E-1 3.0653E-1 2.8327E-1 1.39918E-1 4.29943E-2 1.71092E-2
-9999 1E0 1E0 1E0 1E0 9.99999E-1 1E0 1E0 1E0 9.99999E-1 1E0 9.99999E-1 9.99995E-1 9.99903E-1 9.99996E-1 9.99999E-1 1E0 1E0 9.97392E-1 9.98708E-1 9.9985E-1 9.98819E-1 9.99978E-1 9.99782E-1 9.99928E-1 9.9999E-1 9.99733E-1 9.99941E-1 9.95155E-1 9.96783E-1 9.46158E-1 9.75137E-1 8.99097E-1 9.96957E-1 9.67151E-1 6.47813E-1 8.066E-1 9.97522E-1 9.99745E-1 9.98363E-1 9.83336E-1 9.36594E-1 8.16084E-1 9.17621E-1 9.69513E-1 9.98385E-1 7.84927E-1 9.43258E-1 8.70777E-1 7.34608E-1 4.80229E-1 2.30325E-1 6.94536E-2 1.2755E-1 2.14291E-1 8.48184E-2 5.44497E-2 4.17472E-2 5.44625E-2 1.19834E-1 1.93033E-1 2.56495E-1 3.67613E-1 2.5627E-1 5.45921E-1 4.14953E-1 1.3955E-1 6.96802E-2 2.23845E-2
-9999 1E0 1E0 9.99999E-1 1E0 9.99998E-1 9.99999E-1 1E0 1E0 1E0 1E0 1E0 9.99999E-1 9.99946E-1 9.99896E-1 1E0 9.99993E-1 9.99864E-1 9.99987E-1 9.99967E-1 9.99847E-1 9.9873E-1 9.99915E-1 9.9995E-1 9.99989E-1 9.99657E-1 9.99848E-1 9.99914E-1 9.99591E-1 9.93216E-1 9.95995E-1 9.54678E-1 9.91998E-1 9.28685E-1 9.69557E-1 9.64009E-1 9.91842E-1 9.98857E-1 9.9984E-1 9.9987E-1 9.99918E-1 9.99906E-1 9.52033E-1 9.65107E-1 9.03799E-1 6.60841E-1 6.41145E-1 4.96431E-1 9.25528E-1 7.78762E-1 5.67841E-1 6.48931E-1 9.01903E-1 8.54142E-1 8.32861E-1 2.15311E-1 3.21804E-1 1.05504E-1 1.51518E-1 1.995E-1 2.92082E-1 5.05113E-1 4.23233E-1 4.51787E-1 5.342E-1 1.99656E-1 1.37305E-1 6.71202E-2 1.57192E-2
9.99999E-1 1E0 9.99985E-1 9.99991E-1 9.99997E-1 1E0 9.99999E-1 1E0 1E0 1E0 9.99999E-1 1E0 1E0 1E0 9.9999E-1 9.99996E-1 9.9999E-1 9.99995E-1 9.99988E-1 1E0 9.99994E-1 9.99999E-1 9.99999E-1 9.99623E-1 9.99478E-1 9.99995E-1 9.99711E-1 9.99986E-1 9.99976E-1 9.99515E-1 9.99971E-1 9.99805E-1 9.9464E-1 9.98774E-1 9.98423E-1 9.97635E-1 9.97263E-1 9.98722E-1 9.94138E-1 9.99864E-1 9.99999E-1 9.87791E-1 9.27471E-1 9.31514E-1 9.01911E-1 5.90525E-1 3.69826E-1 4.14698E-1 6.92722E-1 4.34888E-1 7.38215E-1 6.15415E-1 1.70566E-1 6.08461E-1 8.51586E-1 8.10601E-1 2.82147E-1 6.68973E-2 1.52683E-1 4.39986E-1 6.74549E-1 6.78302E-1 5.49911E-1 8.06515E-1 4.33363E-1 3.60775E-1 1.70091E-1 9.5304E-2 1.4801E-2
1E0 1E0 9.99999E-1 9.99999E-1 9.99999E-1 1E0 1E0 1E0 9.99999E-1 1E0 9.99996E-1 1E0 1E0 1E0 1E0 9.99998E-1 9.99999E-1 9.99998E-1 9.99998E-1 1E0 9.99988E-1 1E0 9.99999E-1 9.99368E-1 9.9976E-1 9.90152E-1 9.99435E-1 9.99131E-1 9.99642E-1 9.99775E-1 9.99746E-1 9.88931E-1 9.99215E-1 9.97928E-1 9.98124E-1 9.99733E-1 9.97776E-1 9.15994E-1 8.10578E-1 9.99862E-1 9.99846E-1 9.97426E-1 9.71722E-1 6.91363E-1 6.28662E-1 3.99319E-1 2.19696E-1 3.51367E-1 4.09656E-1 4.34374E-1 2.66265E-1 2.84257E-1 1.94524E-1 4.4798E-1 7.57857E-1 9.12891E-1 7.52413E-1 2.48888E-1 2.2066E-1 3.75518E-1 5.84959E-1 6.48745E-1 8.82471E-1 6.66066E-1 2.32115E-1 2.78669E-1 3.72918E-1 1.81803E-1 1.10347E-1
1E0 9.99996E-1 9.99996E-1 9.99996E-1 9.99999E-1 1E0 1E0 1E0 1E0 1E0 9.99999E-1 1E0 9.99998E-1 1E0 1E0 1E0 1E0 9.99999E-1 1E0 9.99998E-1 9.99998E-1 9.99996E-1 9.99999E-1 1E0 9.99589E-1 9.67435E-1 9.98617E-1 9.99732E-1 9.90821E-1 9.98234E-1 9.91376E-1 9.98857E-1 9.99343E-1 9.99804E-1 9.99805E-1 9.96274E-1 9.82589E-1 7.00649E-1 7.48526E-1 9.99779E-1 9.99986E-1 9.99984E-1 9.91401E-1 8.27231E-1 8.96423E-1 7.26384E-1 4.50196E-1 2.24521E-1 1.24463E-1 9.07485E-2 3.25274E-2 1.49517E-1 2.75259E-1 2.73215E-1 4.71184E-1 7.77387E-1 9.53648E-1 4.1693E-1 3.93211E-1 3.27053E-1 3.8641E-1 4.68641E-1 8.74436E-1 8.3734E-1 6.86579E-1 3.30927E-1 3.13894E-1 4.60793E-1 1.94867E-1
1E0 9.99989E-1 9.99994E-1 9.99999E-1 1E0 1E0 9.99999E-1 1E0 1E0 1E0 9.99997E-1 9.99966E-1 9.99995E-1 1E0 1E0 1E0 1E0 9.99999E-1 9.99995E-1 9.99992E-1 9.99999E-1 9.99998E-1 9.99999E-1 9.99958E-1 9.99985E-1 9.98603E-1 9.99723E-1 9.92565E-1 9.96878E-1 9.71891E-1 9.96777E-1 9.96711E-1 9.99912E-1 9.99933E-1 9.99705E-1 9.92354E-1 9.29701E-1 5.91399E-1 7.19009E-1 9.97916E-1 9.99121E-1 9.93615E-1 9.85756E-1 8.26422E-1 5.50785E-1 3.69455E-1 1.66694E-1 2.11684E-1 1.55456E-2 2.07156E-3 8.02086E-3 1.28454E-1 2.11183E-1 2.69166E-1 3.25251E-1 2.34252E-1 8.37166E-1 8.59573E-1 8.56639E-1 7.09401E-1 5.98948E-1 8.55323E-1 9.09217E-1 6.22268E-1 7.64733E-1 5.25694E-1 5.35427E-1 3.13414E-1 2.60679E-1
9.99988E-1 9.99991E-1 9.99992E-1 9.99993E-1 1E0 1E0 1E0 1E0 1E0 1E0 1E0 9.99994E-1 1E0 1E0 1E0 1E0 1E0 1E0 9.99815E-1 9.99915E-1 9.99997E-1 9.99997E-1 9.99999E-1 9.99514E-1 1E0 9.99997E-1 9.96683E-1 9.97857E-1 9.97789E-1 9.98335E-1 9.99981E-1 9.99138E-1 9.99976E-1 9.95376E-1 9.90451E-1 9.65888E-1 8.11867E-1 6.51809E-1 7.22261E-1 9.96616E-1 9.70161E-1 6.66192E-1 8.75534E-1 8.57367E-1 6.35166E-1 3.42364E-2 1.91992E-2 1.36091E-2 1.81859E-3 1.19135E-3 3.82572E-3 1.54806E-1 2.47432E-1 2.6896E-1 2.03505E-1 2.09511E-1 6.04619E-1 8.42953E-1 6.88956E-1 8.89709E-1 7.87018E-1 9.45232E-1 7.68487E-1 2.98487E-1 2.08975E-1 1.50831E-1 1.15612E-1 1.23165E-1 2.41579E-1
9.9999E-1 9.99998E-1 9.99978E-1 9.99983E-1 1E0 1E0 1E0 1E0 1E0 1E0 1E0 9.99995E-1 9.99998E-1 1E0 1E0 1E0 1E0 9.99999E-1 9.9999E-1 9.99823E-1 9.99996E-1 9.99876E-1 9.99863E-1 9.99999E-1 1E0 9.99998E-1 9.9953E-1 9.3135E-1 9.09222E-1 9.87749E-1 9.99253E-1 9.98779E-1 9.96842E-1 9.98868E-1 9.82511E-1 8.63195E-1 7.40347E-1 4.44164E-1 5.77392E-1 9.93664E-1 9.62644E-1 6.86046E-1 7.59638E-1 6.16516E-1 1.36656E-1 2.02395E-2 5.16946E-3 1.37048E-3 2.58249E-4 3.11607E-3 6.71055E-3 1.31857E-1 3.02218E-1 2.64502E-1 9.93526E-2 3.41358E-1 6.49624E-1 8.75777E-1 4.45445E-1 6.04319E-1 7.81166E-1 9.52938E-1 7.53387E-1 2.48326E-1 2.75555E-1 1.07379E-1 7.81656E-2 4.27997E-2 1.39682E-1
9.99999E-1 1E0 9.99989E-1 9.99967E-1 9.9995E-1 1E0 1E0 1E0 1E0 1E0 1E0 1E0 1E0 1E0 1E0 1E0 1E0 9.99989E-1 9.99995E-1 9.99829E-1 9.99804E-1 9.99991E-1 9.99999E-1 1E0 1E0 9.99964E-1 9.9086E-1 9.9669E-1 9.98795E-1 9.48376E-1 9.92062E-1 9.91126E-1 9.94706E-1 9.91859E-1 9.42753E-1 8.03985E-1 5.52899E-1 3.56421E-1 5.7229E-1 9.1606E-1 9.91005E-1 8.34303E-1 7.16098E-1 4.06101E-1 7.54165E-2 1.34195E-2 1.39665E-2 4.5678E-3 7.88739E-4 3.95795E-3 1.53145E-2 2.13527E-1 1.4694E-1 2.32996E-1 1.97158E-1 4.51441E-1 4.30544E-1 7.12047E-1 7.11527E-1 4.14923E-1 5.04177E-1 6.95385E-1 9.20727E-1 7.33853E-1 3.37417E-1 2.5209E-1 1.39884E-1 3.31003E-2 1.23635E-2
9.99998E-1 9.99999E-1 1E0 1E0 9.99999E-1 9.99988E-1 9.99994E-1 9.99999E-1 1E0 1E0 1E0 1E0 1E0 1E0 1E0 1E0 1E0 9.99996E-1 9.99997E-1 9.99878E-1 9.99986E-1 9.99995E-1 9.99999E-1 9.99918E-1 1E0 1E0 9.99997E-1 9.99992E-1 9.9999E-1 9.92939E-1 9.14572E-1 9.97144E-1 9.70954E-1 9.85801E-1 9.3089E-1 7.78554E-1 5.7457E-1 7.02705E-1 6.92786E-1 7.44416E-1 6.58091E-1 4.73901E-1 7.85996E-1 4.5793E-1 5.12819E-2 1.86638E-2 7.55958E-3 4.37087E-3 4.55846E-4 6.12607E-3 1.30118E-2 7.84603E-2 1.37543E-1 2.42379E-1 2.47838E-1 3.55647E-1 2.86279E-1 4.39146E-1 5.40614E-1 5.23424E-1 3.68383E-1 3.11797E-1 7.29559E-1 8.59443E-1 6.68816E-1 4.08282E-1 2.09979E-1 1.12772E-1 1.43673E-2
9.99999E-1 1E0 1E0 9.99997E-1 9.99907E-1 9.99999E-1 9.99544E-1 1E0 9.99998E-1 9.99999E-1 1E0 1E0 1E0 9.99999E-1 1E0 1E0 1E0 9.99999E-1 9.99992E-1 9.99986E-1 9.9999E-1 9.99998E-1 9.99999E-1 9.99992E-1 1E0 1E0 1E0 9.99362E-1 9.99296E-1 9.65885E-1 9.84797E-1 9.94277E-1 9.77714E-1 9.98845E-1 9.96602E-1 8.98693E-1 9.61026E-1 9.89921E-1 9.95182E-1 9.91249E-1 8.31572E-1 8.64753E-1 9.69765E-1 6.44247E-1 1.26172E-2 5.73682E-3 3.89708E-3 1.61407E-3 3.81002E-4 1.11842E-3 1.24113E-2 4.50733E-2 1.79163E-1 2.18106E-1 1.39068E-1 2.1166E-1 2.03337E-1 3.54365E-1 1.02198E-1 3.25935E-1 2.9052E-1 1.71462E-1 4.14278E-1 4.62867E-1 5.76518E-1 5.81306E-1 4.00334E-1 1.80144E-1 1.59412E-2
9.99996E-1 1E0 1E0 1E0 9.9997E-1 9.9999E-1 9.99994E-1 9.99999E-1 9.99999E-1 1E0 1E0 1E0 1E0 1E0 1E0 1E0 9.99999E-1 1E0 9.99997E-1 9.99998E-1 9.99998E-1 9.99932E-1 9.99896E-1 9.99956E-1 9.99999E-1 9.99999E-1 9.99977E-1 9.96358E-1 9.83035E-1 9.87925E-1 9.56001E-1 9.62453E-1 9.7306E-1 9.98966E-1 9.89633E-1 9.9508E-1 9.47482E-1 9.9279E-1 9.99284E-1 9.96767E-1 9.74458E-1 9.89437E-1 9.62134E-1 3.13622E-1 2.87557E-2 3.44046E-2 2.04105E-2 3.85555E-3 5.02925E-4 9.08658E-4 1.0014E-2 5.0089E-2 1.48248E-1 1.8474E-1 6.64691E-2 7.50636E-2 1.67846E-1 2.64586E-1 1.10729E-1 2.80836E-1 2.03839E-1 1.78623E-1 2.5859E-1 1.38591E-1 1.9396E-1 1.44199E-1 2.34024E-1 1.91891E-1 7.05712E-2
1E0 9.99999E-1 9.99983E-1 9.99999E-1 9.99975E-1 9.9998E-1 1E0 1E0 1E0 1E0 1E0 1E0 9.99999E-1 1E0 1E0 1E0 1E0 1E0 1E0 9.99998E-1 9.99997E-1 9.99867E-1 9.99812E-1 9.99881E-1 9.99813E-1 9.99997E-1 9.99999E-1 9.97833E-1 9.55001E-1 9.74232E-1 9.84077E-1 9.88693E-1 9.97396E-1 9.82876E-1 9.89918E-1 8.99393E-1 9.9276E-1 9.77072E-1 9.99396E-1 9.94664E-1 9.97831E-1 9.86367E-1 9.74099E-1 3.32802E-1 2.99171E-2 7.90548E-3 1.23943E-2 2.49216E-3 2.83185E-4 8.38394E-4 1.3726E-2 6.06413E-2 7.08661E-2 7.07245E-2 1.90483E-2 3.04694E-2 1.23109E-1 8.73279E-2 7.67397E-2 2.11754E-1 2.20431E-1 1.22198E-1 1.17127E-1 8.78573E-2 1.37883E-1 1.75209E-1 2.36564E-1 2.50452E-1 9.46513E-2
1E0 1E0 9.99999E-1 9.99972E-1 9.99995E-1 9.99999E-1 1E0 1E0 1E0 1E0 1E0 1E0 1E0 1E0 1E0 1E0 1E0 9.99999E-1 9.99999E-1 9.99975E-1 9.99927E-1 9.99957E-1 9.99904E-1 9.99907E-1 9.99975E-1 9.9993E-1 9.99709E-1 9.97389E-1 9.89004E-1 9.96697E-1 9.85456E-1 9.98981E-1 9.96154E-1 9.80986E-1 9.91727E-1 9.00762E-1 9.19997E-1 9.77445E-1 9.98642E-1 8.59118E-1 8.34452E-1 8.05369E-1 6.48219E-1 7.77364E-1 7.6042E-2 1.2946E-1 3.89386E-2 1.62221E-2 8.99733E-4 1.70305E-4 4.13298E-3 2.63071E-2 1.4769E-1 1.58728E-1 9.15126E-2 1.16984E-1 7.69736E-2 9.18637E-2 2.56203E-2 7.16617E-2 8.0815E-2 1.035E-1 5.30244E-2 2.82435E-2 7.06375E-2 1.31438E-1 1.22228E-1 7.73429E-2 5.32591E-2
1E0 1E0 1E0 1E0 1E0 1E0 1E0 1E0 1E0 1E0 1E0 1E0 9.99999E-1 1E0 9.99999E-1 9.99993E-1 9.99999E-1 9.99999E-1 1E0 1E0 9.99998E-1 9.99991E-1 9.99994E-1 9.99895E-1 9.99887E-1 9.99983E-1 9.99992E-1 9.99922E-1 9.99118E-1 9.99308E-1 9.97587E-1 9.99998E-1 9.86311E-1 9.94877E-1 8.95203E-1 9.60604E-1 9.74154E-1 9.99466E-1 9.98814E-1 9.7559E-1 6.95457E-1 6.44412E-1 3.81582E-1 2.237E-1 4.47608E-1 7.43902E-2 2.05885E-2 2.36434E-3 8.38847E-4 4.06139E-3 5.67383E-3 2.15124E-2 5.29799E-2 5.04063E-2 5.71762E-2 1.05651E-1 6.73329E-2 3.40833E-2 3.59218E-2 4.46048E-2 7.82722E-2 3.6576E-2 1.75856E-2 2.75257E-2 4.77726E-2 4.20994E-2 6.00536E-2 4.27122E-2 7.29437E-3
1E0 1E0 1E0 1E0 1E0 1E0 1E0 1E0 1E0 1E0 1E0 1E0 9.99943E-1 9.99933E-1 9.99968E-1 9.99983E-1 9.99958E-1 9.9997E-1 1E0 9.99999E-1 9.99927E-1 9.99986E-1 9.99995E-1 9.99999E-1 9.99987E-1 9.99942E-1 9.99999E-1 9.99968E-1 9.99182E-1 9.99568E-1 9.99744E-1 9.99991E-1 9.9998E-1 9.96821E-1 8.43603E-1 9.97488E-1 9.99709E-1 9.99917E-1 9.95163E-1 9.78783E-1 7.16124E-1 8.94088E-1 8.46877E-1 4.17945E-1 2.17317E-1 4.83536E-2 3.08785E-2 7.54019E-3 6.36165E-3 1.1359E-2 2.63576E-2 6.99773E-2 1.2205E-2 1.37872E-2 1.20581E-2 3.91769E-2 3.47599E-2 1.71391E-2 3.16143E-2 1.89384E-2 2.82634E-2 2.73813E-2 1.00055E-2 6.46917E-3 9.87975E-3 8.04425E-3 3.85838E-2 1.63576E-2 3.71619E-3
1E0 1E0 9.99999E-1 9.99999E-1 1E0 1E0 1E0 1E0 1E0 1E0 1E0 9.99997E-1 9.9956E-1 1E0 1E0 9.99847E-1 9.99969E-1 9.99999E-1 9.99997E-1 9.99996E-1 9.99994E-1 9.99994E-1 9.99987E-1 9.99997E-1 9.99996E-1 9.99999E-1 9.99984E-1 9.99913E-1 9.99469E-1 9.99705E-1 9.99984E-1 9.99997E-1 9.93206E-1 9.99442E-1 9.6651E-1 9.82864E-1 9.95067E-1 9.71742E-1 9.64519E-1 9.41466E-1 9.37918E-1 9.13097E-1 8.89633E-1 7.69348E-1 6.30639E-1 4.86913E-2 7.90879E-2 4.13676E-2 1.10669E-2 5.20645E-2 2.97335E-1 6.88436E-2 1.65377E-2 2.98103E-2 2.78222E-2 2.1935E-2 1.00046E-2 1.02948E-2 1.55332E-2 1.22925E-2 2.09379E-2 2.69423E-2 4.95858E-3 2.65781E-3 1.06279E-3 2.15853E-3 7.10906E-3 1.86485E-2 1.34485E-2
1E0 1E0 1E0 9.99999E-1 1E0 1E0 1E0 1E0 1E0 1E0 1E0 9.99999E-1 9.99978E-1 9.99986E-1 1E0 9.99999E-1 9.9999E-1 9.99998E-1 9.9999E-1 9.99988E-1 9.99869E-1 9.99952E-1 9.99992E-1 9.99795E-1 9.99618E-1 9.99969E-1 1E0 9.99999E-1 9.99996E-1 9.99931E-1 9.9999E-1 9.99997E-1 9.99961E-1 9.81476E-1 9.98593E-1 9.94344E-1 9.3665E-1 8.91079E-1 8.25961E-1 9.1712E-1 9.96872E-1 9.98394E-1 9.9602E-1 8.78903E-1 9.0792E-1 7.34025E-1 3.56395E-1 2.21365E-1 7.94907E-2 2.58832E-1 3.57706E-1 2.51526E-1 1.24658E-1 2.03204E-1 1.23811E-1 2.50176E-2 5.94666E-3 1.25678E-2 5.74692E-3 6.84209E-3 8.25238E-3 9.53702E-3 3.09667E-3 1.01377E-3 8.6481E-4 9.59859E-4 6.13882E-3 1.17915E-2 9.26092E-3
1E0 1E0 1E0 1E0 1E0 1E0 1E0 1E0 1E0 1E0 1E0 1E0 1E0 9.99999E-1 9.99999E-1 9.99963E-1 9.99989E-1 9.99738E-1 9.99997E-1 9.99665E-1 9.99959E-1 9.99997E-1 9.99814E-1 9.99843E-1 9.99706E-1 9.99984E-1 9.99957E-1 1E0 9.99962E-1 9.99732E-1 1E0 9.99859E-1 9.98034E-1 9.91908E-1 9.50242E-1 9.70131E-1 9.0577E-1 8.78572E-1 9.8728E-1 9.03508E-1 9.97981E-1 9.97658E-1 9.98166E-1 9.88168E-1 7.4272E-1 4.6008E-1 5.25026E-1 3.66809E-1 1.23235E-1 3.96228E-1 6.06241E-1 2.89943E-1 3.449E-1 6.90581E-1 4.89509E-1 2.49395E-1 9.87506E-2 3.29486E-2 7.28608E-3 4.60578E-3 5.3684E-3 1.19434E-2 5.0749E-4 1.81077E-4 5.83677E-4 1.33627E-3 2.51533E-3 3.55355E-3 1.79911E-3
1E0 1E0 1E0 1E0 -9999 9.99998E-1 1E0 9.99999E-1 9.99989E-1 1E0 1E0 1E0 1E0 9.99999E-1 1E0 9.99999E-1 9.99962E-1 9.99998E-1 9.99985E-1 9.99861E-1 9.99999E-1 9.99704E-1 9.96784E-1 9.99866E-1 9.9772E-1 9.99728E-1 9.97997E-1 9.99821E-1 9.99867E-1 9.99999E-1 9.99997E-1 9.98502E-1 9.75646E-1 9.99156E-1 9.84596E-1 9.9727E-1 9.54459E-1 9.63653E-1 9.69997E-1 9.7732E-1 5.56089E-1 4.64826E-1 5.00435E-1 2.00545E-1 9.10153E-1 9.81663E-1 9.33866E-1 6.54435E-1 3.42282E-1 7.24599E-1 8.55185E-1 5.26703E-1 7.18271E-1 9.47618E-1 7.28386E-1 4.98542E-1 3.526E-1 5.57602E-2 2.63632E-2 1.06502E-2 8.67212E-4 4.75142E-4 8.05812E-5 1.11667E-4 1.44847E-4 1.18404E-3 4.26543E-4 8.59016E-4 2.97639E-4
-9999 1E0 1E0 9.99999E-1 1E0 1E0 1E0 9.99999E-1 1E0 1E0 1E0 9.99999E-1 1E0 1E0 9.99976E-1 9.99995E-1 9.99998E-1 9.99974E-1 9.99911E-1 9.98461E-1 9.99718E-1 9.99793E-1 9.99493E-1 9.98495E-1 9.95173E-1 9.99839E-1 9.99453E-1 9.9981E-1 9.9816E-1 9.99648E-1 9.99546E-1 9.96396E-1 9.39639E-1 9.87279E-1 9.7274E-1 9.99579E-1 9.9857E-1 9.67262E-1 9.99402E-1 9.95931E-1 9.40712E-1 6.62808E-1 6.46173E-1 7.41976E-1 8.73717E-1 9.62579E-1 9.94595E-1 9.53171E-1 9.40121E-1 9.13926E-1 8.43412E-1 7.54599E-1 9.24044E-1 9.41199E-1 5.77533E-1 6.07437E-1 2.83455E-1 2.23497E-1 4.34499E-2 5.26566E-3 9.46844E-3 5.09727E-4 3.49979E-5 1.7197E-5 1.19421E-4 5.06443E-4 4.11515E-4 3.10257E-4 3.3408E-4
