ENM/Final_Models/M_2_F_q_Set_1_E/Gustavia_santanderiensis_0_Choco.asc
ncols         367
nrows         963
xllcorner     -78.6
yllcorner     0.65
cellsize      0.00833333333333323
NODATA_value  -9999
[rows 390 to 419 of 963, columns 138 to 206 of 367]
-9999 -9999 -9999 -9999 -9999 -9999 -9999 -9999 5.29329E-1 8.65037E-1 5.44491E-1 6.31639E-1 1.21006E-1 8.80492E-2 6.37724E-2 1.05339E-1 3.87486E-1 8.59468E-1 8.02406E-1 6.60987E-1 2.081E-1 3.36305E-2 6.06455E-3 2.65472E-3 4.02509E-4 5.25973E-4 1.67348E-3 3.93899E-3 5.97899E-4 1.68034E-3 1.17237E-2 2.33174E-2 5.80153E-2 9.50632E-1 9.98728E-1 9.89856E-1 9.8019E-1 8.0796E-1 8.99879E-1 7.87222E-1 9.24179E-1 9.29687E-1 9.35188E-1 9.97912E-1 9.86547E-1 9.8204E-1 9.98347E-1 9.98552E-1 9.93248E-1 9.98806E-1 9.80335E-1 9.87563E-1 9.99813E-1 9.99992E-1 1E0 9.99998E-1 9.99999E-1 9.99997E-1 1E0 1E0 1E0 1E0 1E0 1E0 1E0 1E0 1E0 1E0 1E0
-9999 -9999 -9999 -9999 -9999 -9999 -9999 -9999 -9999 9.41966E-1 9.55E-1 8.1731E-1 3.14294E-1 2.01366E-1 1.36891E-1 2.3695E-1 2.42102E-1 5.05208E-1 9.18611E-1 8.06375E-1 8.35096E-1 9.95501E-2 2.17931E-2 2.79596E-3 4.48067E-4 3.97972E-4 2.9868E-4 4.63546E-3 1.08771E-3 1.19515E-3 3.0198E-3 1.22613E-1 2.76271E-1 9.58707E-1 9.98848E-1 9.94435E-1 9.80723E-1 8.66544E-1 8.50162E-1 8.15648E-1 8.59431E-1 9.54794E-1 8.87438E-1 9.91682E-1 9.96708E-1 9.92915E-1 9.69401E-1 9.6557E-1 9.81849E-1 9.69878E-1 9.99793E-1 9.99999E-1 1E0 1E0 9.99993E-1 1E0 1E0 9.99999E-1 1E0 1E0 1E0 1E0 1E0 1E0 1E0 1E0 1E0 1E0 1E0
-9999 -9999 -9999 -9999 -9999 -9999 -9999 -9999 -9999 6.156E-1 6.84281E-1 4.1442E-1 6.92167E-1 6.8286E-1 2.21174E-1 4.71812E-1 5.36926E-1 6.70687E-1 8.60582E-1 8.80609E-1 7.83352E-1 3.91464E-1 1.13428E-1 3.28842E-3 5.95961E-4 1.28788E-3 1.82302E-3 1.28668E-2 3.21442E-2 3.02518E-2 1.00297E-1 7.60486E-1 9.57339E-1 9.97657E-1 9.85905E-1 9.75886E-1 9.87285E-1 8.6673E-1 8.23953E-1 9.03504E-1 9.98417E-1 9.91945E-1 9.92243E-1 9.9493E-1 9.97703E-1 9.94359E-1 9.87016E-1 9.67893E-1 9.88572E-1 9.98987E-1 9.99993E-1 1E0 1E0 1E0 1E0 1E0 1E0 1E0 1E0 1E0 1E0 1E0 1E0 1E0 1E0 1E0 1E0 1E0 9.99974E-1
-9999 -9999 -9999 -9999 -9999 -9999 -9999 -9999 -9999 -9999 -9999 3.29571E-1 4.02668E-1 6.02853E-1 2.24593E-1 7.10676E-1 8.93644E-1 7.80963E-1 6.67971E-1 3.97711E-1 6.50419E-1 3.01404E-1 1.79422E-2 2.5979E-3 2.07653E-3 6.61618E-3 7.46463E-3 1.37452E-2 1.24815E-1 9.18054E-2 3.32374E-1 9.60849E-1 9.99848E-1 9.99613E-1 9.82109E-1 9.17552E-1 9.53502E-1 9.6116E-1 9.63809E-1 9.51064E-1 9.99974E-1 9.99564E-1 9.99531E-1 9.45213E-1 9.87883E-1 9.99355E-1 9.99398E-1 9.62286E-1 9.72479E-1 9.86715E-1 9.99567E-1 9.99997E-1 1E0 1E0 1E0 1E0 1E0 1E0 1E0 1E0 1E0 1E0 1E0 1E0 9.99999E-1 1E0 1E0 1E0 1E0
-9999 -9999 -9999 -9999 -9999 -9999 -9999 -9999 -9999 -9999 -9999 -9999 8.74006E-1 5.83749E-1 4.55909E-1 8.94299E-1 9.30588E-1 6.57812E-1 5.1828E-1 3.01073E-1 7.35503E-2 6.70273E-1 1.76602E-1 2.92244E-2 1.43773E-2 1.59485E-2 1.49959E-2 5.36281E-2 1.27945E-1 3.69529E-1 8.19887E-1 9.83743E-1 9.99443E-1 9.9963E-1 9.98005E-1 9.59815E-1 9.45456E-1 9.40897E-1 8.20456E-1 9.52139E-1 9.14048E-1 9.94256E-1 9.99926E-1 9.93041E-1 9.99318E-1 9.99773E-1 9.91985E-1 9.84241E-1 9.88785E-1 9.99335E-1 9.99999E-1 9.99988E-1 1E0 1E0 1E0 9.99994E-1 1E0 1E0 1E0 1E0 1E0 1E0 1E0 1E0 9.99999E-1 1E0 1E0 1E0 1E0
-9999 -9999 -9999 -9999 -9999 -9999 -9999 -9999 -9999 -9999 -9999 -9999 -9999 9.85642E-1 9.77359E-1 9.60342E-1 9.31189E-1 8.222E-1 4.695E-1 8.71542E-2 4.13531E-2 1.0593E-1 2.20423E-1 3.31413E-1 9.20785E-2 9.39644E-2 7.3686E-2 4.97931E-2 8.00456E-2 1.864E-1 5.2361E-1 8.21789E-1 9.8314E-1 9.20308E-1 9.93879E-1 9.70983E-1 9.04429E-1 7.37225E-1 6.90078E-1 7.51112E-1 9.11161E-1 9.32347E-1 9.78629E-1 9.97946E-1 9.99889E-1 9.99789E-1 9.99803E-1 9.96115E-1 9.98082E-1 9.99264E-1 9.99999E-1 9.99415E-1 9.99888E-1 9.99972E-1 9.99996E-1 9.99283E-1 9.99998E-1 9.99983E-1 9.99982E-1 1E0 1E0 1E0 1E0 1E0 1E0 9.99999E-1 1E0 1E0 1E0
-9999 -9999 -9999 -9999 -9999 -9999 -9999 -9999 -9999 -9999 -9999 -9999 -9999 9.98746E-1 9.9844E-1 9.32671E-1 6.61037E-1 7.75965E-1 5.52779E-1 1.33958E-1 1.81623E-2 1.00682E-2 8.34874E-2 1.4139E-1 9.67568E-2 7.09781E-2 5.12382E-2 9.94132E-3 1.56732E-2 6.08913E-2 1.32323E-1 3.02228E-1 9.47623E-1 9.89072E-1 9.94686E-1 9.16893E-1 7.77379E-1 8.16246E-1 8.41192E-1 7.70157E-1 8.093E-1 6.0438E-1 8.81164E-1 9.80715E-1 9.95675E-1 9.99428E-1 9.99963E-1 9.9997E-1 9.99814E-1 9.99987E-1 9.9998E-1 9.9993E-1 9.9995E-1 1E0 1E0 9.99992E-1 9.99996E-1 1E0 1E0 1E0 1E0 1E0 1E0 9.99994E-1 9.99993E-1 1E0 1E0 1E0 1E0
-9999 -9999 -9999 -9999 -9999 -9999 -9999 -9999 -9999 -9999 -9999 -9999 -9999 9.83166E-1 9.75061E-1 8.26717E-1 8.8798E-1 7.77573E-1 5.02997E-1 3.73775E-2 8.6459E-3 5.04889E-3 1.15829E-3 8.09924E-3 1.45173E-2 2.3751E-2 1.65258E-2 7.68685E-3 1.2143E-2 4.38722E-2 1.62076E-1 4.21481E-1 8.34663E-1 9.42383E-1 9.97575E-1 9.99042E-1 8.64092E-1 8.48365E-1 7.91014E-1 8.43575E-1 8.43348E-1 9.3249E-1 9.51964E-1 9.82266E-1 9.99195E-1 9.9999E-1 9.9895E-1 9.99608E-1 9.99992E-1 9.99346E-1 9.98959E-1 9.97134E-1 9.94705E-1 9.99997E-1 1E0 9.99977E-1 9.99998E-1 9.99996E-1 9.99998E-1 1E0 1E0 1E0 1E0 9.99994E-1 9.99998E-1 1E0 1E0 1E0 1E0
-9999 -9999 -9999 -9999 -9999 -9999 -9999 -9999 -9999 -9999 -9999 -9999 -9999 9.63957E-1 9.22085E-1 9.49514E-1 5.32654E-1 5.93321E-1 7.19428E-1 9.06119E-2 1.15008E-1 5.49255E-2 7.93276E-3 1.83198E-2 4.08381E-2 1.41222E-2 1.69284E-2 2.98102E-2 2.38167E-2 2.49266E-2 8.56916E-2 3.86989E-1 7.08208E-1 7.50618E-1 9.86554E-1 9.95823E-1 9.60682E-1 7.86968E-1 8.82966E-1 9.28501E-1 9.81091E-1 9.53583E-1 9.70135E-1 9.80937E-1 9.89719E-1 9.99125E-1 9.9901E-1 9.9955E-1 9.98794E-1 9.99999E-1 9.99685E-1 9.99224E-1 9.99112E-1 9.99773E-1 9.99984E-1 1E0 9.99969E-1 1E0 1E0 1E0 1E0 1E0 1E0 9.99999E-1 9.99997E-1 1E0 1E0 1E0 1E0
-9999 -9999 -9999 -9999 -9999 -9999 -9999 -9999 -9999 -9999 -9999 -9999 -9999 9.91053E-1 9.51233E-1 8.83014E-1 6.27643E-1 6.74847E-1 6.94604E-1 1.70039E-1 2.10025E-1 2.58111E-1 2.76007E-1 9.16261E-2 1.10328E-1 8.55171E-2 3.74692E-2 4.8703E-2 1.83491E-2 1.35482E-2 6.75882E-2 3.38947E-1 6.42488E-1 8.24433E-1 9.82599E-1 9.96464E-1 8.65433E-1 9.01199E-1 9.42867E-1 8.99282E-1 9.58799E-1 9.4771E-1 9.67692E-1 9.94423E-1 9.9658E-1 9.98549E-1 9.99578E-1 9.9914E-1 9.97487E-1 9.99921E-1 9.9994E-1 9.99201E-1 9.90808E-1 9.97815E-1 9.98695E-1 1E0 9.99996E-1 1E0 9.99999E-1 1E0 1E0 1E0 1E0 1E0 1E0 1E0 1E0 1E0 1E0
-9999 -9999 -9999 -9999 -9999 -9999 -9999 -9999 -9999 -9999 -9999 -9999 -9999 9.69416E-1 9.40695E-1 9.99903E-1 9.94924E-1 9.06248E-1 9.48436E-1 5.07069E-1 6.27724E-1 7.75374E-1 5.27351E-1 1.99714E-1 1.17939E-1 8.68762E-2 4.6157E-2 5.30859E-2 1.34752E-2 5.51632E-3 3.33994E-2 3.52779E-1 9.62177E-1 9.9976E-1 9.95627E-1 9.95634E-1 9.03969E-1 9.03732E-1 9.71428E-1 8.52374E-1 9.84618E-1 9.9697E-1 9.92028E-1 9.94617E-1 9.97428E-1 9.99718E-1 9.99685E-1 9.99792E-1 9.99994E-1 9.99996E-1 9.99873E-1 9.94455E-1 9.98168E-1 9.99423E-1 9.97553E-1 9.99999E-1 1E0 1E0 1E0 1E0 1E0 1E0 1E0 1E0 1E0 1E0 1E0 1E0 1E0
-9999 -9999 -9999 -9999 -9999 -9999 -9999 -9999 -9999 -9999 -9999 -9999 -9999 9.99623E-1 9.99843E-1 9.99997E-1 9.99016E-1 9.62089E-1 8.52546E-1 8.83203E-1 9.80549E-1 9.16991E-1 5.0269E-1 1.03314E-1 5.00854E-2 8.54344E-2 5.20421E-2 2.5819E-2 1.46547E-2 4.52123E-3 1.72528E-2 2.80538E-1 9.9556E-1 9.83723E-1 9.90756E-1 9.81394E-1 9.25931E-1 9.50083E-1 9.45375E-1 9.54067E-1 9.48409E-1 9.75101E-1 9.91271E-1 9.9674E-1 9.97333E-1 9.99957E-1 9.9985E-1 9.99847E-1 9.99998E-1 9.99998E-1 9.99853E-1 9.99858E-1 9.97768E-1 9.9996E-1 9.99946E-1 9.96481E-1 9.99998E-1 1E0 1E0 1E0 1E0 1E0 1E0 1E0 1E0 1E0 1E0 1E0 1E0
-9999 -9999 -9999 -9999 -9999 -9999 -9999 -9999 -9999 -9999 -9999 -9999 -9999 9.98546E-1 9.99017E-1 9.98778E-1 9.36916E-1 9.24958E-1 6.60883E-1 8.61822E-1 9.14693E-1 8.87477E-1 8.40615E-1 5.89495E-2 1.28237E-2 1.439E-2 1.05144E-2 1.69064E-2 5.10987E-3 1.80274E-2 6.26638E-2 3.77403E-1 7.54893E-1 8.08485E-1 9.73516E-1 9.82275E-1 9.82106E-1 9.23896E-1 9.17873E-1 9.92297E-1 9.97092E-1 9.99845E-1 9.96036E-1 9.88423E-1 9.99619E-1 9.95015E-1 9.99968E-1 9.99988E-1 9.99989E-1 9.99985E-1 9.97678E-1 9.99872E-1 9.99889E-1 9.99956E-1 9.99992E-1 9.97846E-1 1E0 1E0 1E0 1E0 1E0 1E0 1E0 1E0 1E0 1E0 1E0 1E0 1E0
-9999 -9999 -9999 -9999 -9999 -9999 -9999 -9999 -9999 -9999 -9999 -9999 -9999 9.72919E-1 9.90993E-1 9.80748E-1 8.1798E-1 9.72842E-1 6.45054E-1 7.46989E-1 3.62249E-1 6.45885E-1 6.27472E-1 5.77363E-2 1.10077E-2 2.01585E-3 1.18187E-3 2.32352E-3 1.98064E-3 4.93199E-3 9.13082E-2 4.32146E-1 7.39703E-1 9.05475E-1 9.15703E-1 9.86287E-1 8.66047E-1 9.95817E-1 9.98523E-1 9.62016E-1 9.71532E-1 9.84407E-1 9.87959E-1 9.87572E-1 9.99913E-1 9.99159E-1 9.87462E-1 9.99118E-1 9.99946E-1 9.98387E-1 9.80511E-1 9.99709E-1 9.99987E-1 9.99797E-1 9.95989E-1 9.99281E-1 1E0 1E0 1E0 1E0 1E0 1E0 1E0 1E0 1E0 1E0 1E0 1E0 1E0
-9999 -9999 -9999 -9999 -9999 -9999 -9999 -9999 -9999 -9999 -9999 -9999 -9999 9.78146E-1 9.9914E-1 9.69461E-1 9.61435E-1 9.53371E-1 7.8297E-1 8.21242E-1 3.15339E-1 3.59262E-1 3.21218E-1 5.17008E-2 1.76857E-2 4.2277E-3 1.75433E-3 3.25824E-3 2.89684E-3 6.46558E-3 6.3136E-2 4.77111E-1 9.55965E-1 9.48776E-1 9.24968E-1 9.85523E-1 9.53219E-1 9.94914E-1 9.96421E-1 9.97412E-1 9.90809E-1 9.85007E-1 9.98068E-1 9.84632E-1 9.96893E-1 9.97731E-1 9.9479E-1 9.98965E-1 9.99428E-1 9.86544E-1 9.93103E-1 9.99995E-1 9.9991E-1 9.99922E-1 9.96044E-1 9.97795E-1 9.99984E-1 1E0 1E0 1E0 1E0 1E0 1E0 1E0 1E0 1E0 1E0 1E0 1E0
-9999 -9999 -9999 -9999 -9999 -9999 -9999 -9999 -9999 -9999 -9999 -9999 -9999 9.96163E-1 9.8511E-1 9.96612E-1 9.70048E-1 9.85221E-1 9.9975E-1 8.94349E-1 4.13466E-1 3.38276E-1 3.4811E-1 4.98214E-2 1.24348E-2 9.05645E-3 3.76977E-3 3.22224E-3 2.69277E-3 9.8816E-3 1.0759E-1 7.6524E-1 9.60153E-1 8.74678E-1 9.22087E-1 9.60985E-1 9.80654E-1 9.82751E-1 9.78713E-1 9.85604E-1 9.67014E-1 9.86727E-1 9.9547E-1 9.92897E-1 9.99719E-1 9.78755E-1 9.96603E-1 9.98286E-1 9.99664E-1 9.89967E-1 9.99685E-1 9.99789E-1 9.97528E-1 9.98536E-1 9.98207E-1 9.99958E-1 9.9746E-1 9.96433E-1 1E0 1E0 9.99999E-1 9.99998E-1 1E0 1E0 1E0 1E0 1E0 1E0 1E0
-9999 -9999 -9999 -9999 -9999 -9999 -9999 -9999 -9999 -9999 -9999 -9999 -9999 9.92788E-1 9.75518E-1 9.90268E-1 9.98131E-1 9.68378E-1 9.98704E-1 8.54821E-1 3.66208E-1 2.84581E-1 1.24883E-1 3.88004E-2 7.56624E-3 1.23151E-2 2.83143E-3 3.12302E-3 8.66091E-3 3.30467E-2 1.81268E-1 9.72354E-1 9.92431E-1 7.49819E-1 7.78678E-1 9.91725E-1 9.51302E-1 9.66119E-1 9.88829E-1 9.97574E-1 9.91993E-1 9.79407E-1 9.90112E-1 9.89729E-1 9.95728E-1 9.88479E-1 9.99866E-1 9.98297E-1 9.98964E-1 9.93162E-1 9.93611E-1 9.99974E-1 9.99996E-1 9.99983E-1 9.95894E-1 9.98347E-1 9.95773E-1 9.99727E-1 1E0 1E0 1E0 9.99999E-1 1E0 1E0 1E0 1E0 1E0 1E0 1E0
-9999 -9999 -9999 -9999 -9999 -9999 -9999 -9999 -9999 -9999 -9999 -9999 -9999 9.84535E-1 9.9898E-1 9.99761E-1 9.99891E-1 9.98354E-1 9.98372E-1 9.77389E-1 5.39769E-1 4.1913E-1 9.47501E-2 8.62088E-3 1.38087E-2 5.84109E-3 3.33069E-3 5.20437E-3 1.02576E-2 2.5533E-2 2.73892E-1 9.89749E-1 9.99023E-1 9.28349E-1 8.69012E-1 9.68463E-1 9.117E-1 9.78121E-1 9.42624E-1 9.94085E-1 9.86731E-1 9.82947E-1 9.99304E-1 9.97838E-1 9.97747E-1 9.97603E-1 9.9997E-1 9.93864E-1 9.99294E-1 9.98666E-1 9.99401E-1 9.99782E-1 9.99966E-1 9.99998E-1 9.99812E-1 9.91832E-1 9.75725E-1 9.99963E-1 1E0 9.99999E-1 1E0 1E0 9.99998E-1 1E0 1E0 1E0 1E0 1E0 1E0
-9999 -9999 -9999 -9999 -9999 -9999 -9999 -9999 -9999 -9999 -9999 -9999 -9999 9.99454E-1 1E0 1E0 9.99998E-1 9.99793E-1 9.99941E-1 9.99123E-1 8.77348E-1 4.94838E-1 1.0892E-1 2.62274E-2 3.0955E-2 1.84843E-2 1.40399E-2 7.04284E-3 2.23734E-2 1.45407E-2 2.96225E-1 9.99695E-1 9.99975E-1 9.93904E-1 9.93091E-1 9.79709E-1 9.84251E-1 9.71676E-1 9.75481E-1 9.94986E-1 9.98107E-1 9.99967E-1 9.94124E-1 9.93324E-1 9.97062E-1 9.96522E-1 9.99281E-1 9.99982E-1 9.98664E-1 9.99398E-1 9.97805E-1 9.99999E-1 9.99997E-1 9.99974E-1 9.99421E-1 9.99954E-1 9.99187E-1 9.99947E-1 1E0 1E0 1E0 9.99999E-1 9.99998E-1 1E0 1E0 1E0 1E0 1E0 1E0
-9999 -9999 -9999 -9999 -9999 -9999 -9999 -9999 -9999 -9999 -9999 -9999 -9999 9.97292E-1 9.99984E-1 1E0 9.99416E-1 9.97743E-1 9.96862E-1 9.92402E-1 9.85258E-1 7.94365E-1 4.55641E-1 4.77184E-1 4.87413E-1 2.05196E-1 3.99758E-2 2.19643E-2 8.3792E-2 1.15905E-1 3.54901E-1 9.92632E-1 9.87201E-1 9.77818E-1 9.93202E-1 9.76106E-1 9.91626E-1 9.74465E-1 9.82585E-1 9.90058E-1 9.16122E-1 9.35185E-1 9.35496E-1 9.30555E-1 9.96228E-1 9.99283E-1 9.99979E-1 9.99937E-1 9.99557E-1 9.9318E-1 9.92667E-1 9.99841E-1 9.99927E-1 9.99521E-1 9.85504E-1 9.98855E-1 9.99841E-1 9.99981E-1 1E0 9.99906E-1 9.99952E-1 9.99937E-1 9.99964E-1 9.99989E-1 1E0 1E0 1E0 1E0 1E0
-9999 -9999 -9999 -9999 -9999 -9999 -9999 -9999 -9999 -9999 -9999 -9999 -9999 9.99353E-1 9.99998E-1 9.99678E-1 9.9966E-1 9.62025E-1 7.67957E-1 8.86884E-1 9.85578E-1 7.39042E-1 3.53581E-1 5.05014E-1 5.44232E-1 3.15704E-1 9.21648E-2 4.7399E-2 1.00796E-1 3.52879E-1 5.83366E-1 9.98055E-1 9.87553E-1 9.76453E-1 9.87984E-1 9.91334E-1 9.81352E-1 9.10085E-1 9.86063E-1 9.92833E-1 9.92866E-1 9.91393E-1 9.6169E-1 9.99581E-1 9.99688E-1 1E0 9.99999E-1 1E0 9.99998E-1 9.99388E-1 9.95889E-1 9.99866E-1 9.99208E-1 9.71497E-1 9.96293E-1 9.99204E-1 9.9996E-1 1E0 1E0 1E0 9.99987E-1 9.99919E-1 9.99999E-1 1E0 1E0 1E0 1E0 1E0 1E0
-9999 -9999 -9999 -9999 -9999 -9999 -9999 -9999 -9999 -9999 -9999 -9999 -9999 9.99688E-1 9.99909E-1 9.99913E-1 9.99986E-1 9.94996E-1 9.82061E-1 4.50213E-1 9.34186E-1 5.16529E-1 2.06549E-1 7.9489E-2 1.54605E-1 1.98552E-1 7.5094E-2 5.97783E-2 1.91049E-1 5.70958E-1 9.70987E-1 9.60955E-1 9.89263E-1 9.58117E-1 9.89515E-1 9.92731E-1 9.79924E-1 9.9697E-1 9.99047E-1 9.99835E-1 9.99741E-1 9.98139E-1 9.71101E-1 9.82336E-1 9.99923E-1 9.99998E-1 1E0 1E0 9.996E-1 9.99391E-1 9.99869E-1 9.99909E-1 9.99242E-1 9.87644E-1 9.99262E-1 9.99226E-1 9.99491E-1 9.99998E-1 1E0 9.99973E-1 9.99982E-1 1E0 1E0 1E0 1E0 1E0 1E0 1E0 1E0
-9999 -9999 -9999 -9999 -9999 -9999 -9999 -9999 -9999 -9999 -9999 -9999 -9999 9.92269E-1 9.85096E-1 9.99606E-1 9.9964E-1 9.84796E-1 9.87803E-1 9.67112E-1 9.19459E-1 7.18218E-1 3.40721E-1 1.16187E-1 7.55961E-2 9.14317E-2 4.25139E-2 1.84644E-1 2.64899E-1 6.40647E-1 9.86126E-1 9.7406E-1 9.69931E-1 9.96567E-1 9.98942E-1 9.85756E-1 9.56152E-1 9.91159E-1 9.97246E-1 9.99532E-1 9.99573E-1 9.91461E-1 9.73798E-1 9.95055E-1 9.99774E-1 9.99999E-1 9.99988E-1 1E0 9.99999E-1 9.99569E-1 9.99955E-1 9.99231E-1 9.99833E-1 9.94114E-1 9.99737E-1 9.99904E-1 9.99957E-1 9.99995E-1 1E0 1E0 1E0 1E0 1E0 1E0 1E0 1E0 1E0 1E0 1E0
-9999 -9999 -9999 -9999 -9999 -9999 -9999 -9999 -9999 -9999 -9999 -9999 -9999 9.94024E-1 9.78883E-1 9.9999E-1 9.99974E-1 9.99997E-1 9.97272E-1 9.411E-1 8.56279E-1 8.93669E-1 6.37925E-1 3.36184E-1 3.17317E-1 2.61152E-1 1.08542E-1 7.22554E-2 1.3256E-1 6.76934E-1 9.69788E-1 9.97618E-1 9.9677E-1 9.96407E-1 9.99114E-1 9.95882E-1 9.29063E-1 9.66237E-1 9.90376E-1 9.97276E-1 9.98702E-1 9.96308E-1 9.82376E-1 9.86818E-1 9.99965E-1 1E0 9.99996E-1 9.99997E-1 9.99966E-1 9.99927E-1 9.99991E-1 9.99998E-1 9.99811E-1 9.99951E-1 9.99957E-1 9.98348E-1 9.99996E-1 9.99932E-1 1E0 1E0 1E0 1E0 1E0 1E0 1E0 1E0 1E0 1E0 1E0
-9999 -9999 -9999 -9999 -9999 -9999 -9999 -9999 -9999 -9999 -9999 -9999 -9999 9.94391E-1 9.83458E-1 9.66012E-1 9.37283E-1 9.9979E-1 9.99613E-1 8.96413E-1 9.8097E-1 9.9468E-1 8.19153E-1 4.76938E-1 7.07781E-1 8.44939E-1 5.71081E-1 2.89131E-1 2.35743E-1 8.99556E-1 9.99372E-1 9.99464E-1 9.83345E-1 9.83736E-1 9.92689E-1 9.9169E-1 9.57923E-1 9.63639E-1 7.63771E-1 9.79933E-1 9.73755E-1 9.79145E-1 9.80232E-1 9.87783E-1 9.99922E-1 1E0 9.99983E-1 9.97978E-1 9.99362E-1 9.99696E-1 9.99993E-1 9.99896E-1 9.9968E-1 9.98066E-1 9.94473E-1 9.97602E-1 1E0 9.99999E-1 1E0 9.99986E-1 9.99987E-1 1E0 1E0 1E0 1E0 1E0 1E0 1E0 1E0
-9999 -9999 -9999 -9999 -9999 -9999 -9999 -9999 -9999 -9999 -9999 -9999 -9999 -9999 9.99793E-1 9.99512E-1 9.96296E-1 9.99977E-1 1E0 9.99531E-1 9.92831E-1 9.98954E-1 8.45487E-1 9.47247E-1 9.93296E-1 9.63915E-1 8.85828E-1 9.75457E-1 9.98617E-1 9.81683E-1 9.99338E-1 9.99992E-1 9.99966E-1 9.97799E-1 9.95815E-1 9.78619E-1 9.94211E-1 9.86613E-1 9.67903E-1 9.12167E-1 9.62386E-1 9.95956E-1 9.98319E-1 9.99988E-1 9.99999E-1 9.99785E-1 9.9997E-1 9.99936E-1 9.92108E-1 9.99961E-1 9.98423E-1 9.99879E-1 9.99169E-1 9.99991E-1 9.99945E-1 9.99447E-1 9.99751E-1 9.99999E-1 1E0 9.99923E-1 9.9998E-1 9.99828E-1 1E0 1E0 1E0 1E0 9.9999E-1 1E0 1E0
-9999 -9999 -9999 -9999 -9999 -9999 -9999 -9999 -9999 -9999 -9999 -9999 -9999 -9999 9.93972E-1 9.99289E-1 9.99834E-1 9.9761E-1 9.99991E-1 1E0 9.99997E-1 9.99825E-1 9.99862E-1 9.98238E-1 9.87287E-1 9.56463E-1 9.97911E-1 9.9974E-1 9.9999E-1 9.99912E-1 9.99595E-1 9.99989E-1 9.99791E-1 9.99077E-1 9.7767E-1 9.83809E-1 9.79534E-1 9.9192E-1 9.89056E-1 9.95185E-1 9.98444E-1 9.9987E-1 9.99645E-1 9.99729E-1 9.99447E-1 1E0 9.9984E-1 9.99997E-1 9.98473E-1 9.99069E-1 9.99955E-1 9.99981E-1 9.99508E-1 9.92623E-1 9.94959E-1 9.98997E-1 9.99934E-1 1E0 1E0 9.99997E-1 9.99751E-1 9.99997E-1 1E0 1E0 1E0 1E0 9.99962E-1 1E0 1E0
-9999 -9999 -9999 -9999 -9999 -9999 -9999 -9999 -9999 -9999 -9999 -9999 -9999 -9999 -9999 9.99852E-1 9.53577E-1 9.93833E-1 9.97026E-1 9.99985E-1 9.99972E-1 9.99998E-1 9.99994E-1 9.99997E-1 9.9568E-1 9.95557E-1 9.99944E-1 9.99998E-1 9.99917E-1 9.99625E-1 9.99927E-1 9.99996E-1 9.99748E-1 9.98871E-1 9.79279E-1 9.91835E-1 9.93514E-1 9.91285E-1 9.90918E-1 9.99366E-1 9.86487E-1 9.98406E-1 9.99844E-1 9.99041E-1 9.98863E-1 9.99758E-1 9.98023E-1 9.83053E-1 9.82796E-1 9.99696E-1 1E0 9.99996E-1 9.99999E-1 9.99933E-1 9.99831E-1 9.99958E-1 9.9998E-1 9.98424E-1 9.99919E-1 9.99945E-1 9.99884E-1 9.99999E-1 1E0 1E0 1E0 1E0 1E0 1E0 1E0
-9999 -9999 -9999 -9999 -9999 -9999 -9999 -9999 -9999 -9999 -9999 -9999 -9999 -9999 -9999 9.83781E-1 9.68681E-1 9.91562E-1 9.96427E-1 9.99959E-1 9.99945E-1 1E0 9.99995E-1 9.99988E-1 9.99999E-1 9.96575E-1 9.99986E-1 9.9999E-1 9.99998E-1 9.9982E-1 9.99626E-1 9.99982E-1 9.99996E-1 9.99908E-1 9.71699E-1 9.99715E-1 9.93857E-1 9.96812E-1 9.82615E-1 9.99185E-1 9.95003E-1 9.98966E-1 9.99358E-1 9.99246E-1 9.99959E-1 9.99995E-1 9.99558E-1 9.93161E-1 9.99923E-1 9.99892E-1 9.99665E-1 9.99988E-1 1E0 1E0 1E0 9.99999E-1 1E0 9.99999E-1 9.99692E-1 9.99951E-1 1E0 1E0 1E0 1E0 1E0 1E0 1E0 1E0 1E0
-9999 -9999 -9999 -9999 -9999 -9999 -9999 -9999 -9999 -9999 -9999 -9999 -9999 -9999 -9999 9.3038E-1 9.99586E-1 9.99897E-1 9.99774E-1 9.99983E-1 1E0 1E0 1E0 1E0 1E0 9.9999E-1 9.99987E-1 9.99996E-1 9.99996E-1 9.99917E-1 9.99841E-1 9.99959E-1 9.99998E-1 9.99907E-1 9.97613E-1 9.7617E-1 9.87854E-1 9.96879E-1 9.88563E-1 9.94512E-1 9.95421E-1 9.99838E-1 9.99447E-1 9.99962E-1 9.99977E-1 9.99384E-1 9.98097E-1 9.99902E-1 9.99926E-1 9.99431E-1 9.99892E-1 9.99994E-1 9.9999E-1 9.99993E-1 9.99992E-1 1E0 1E0 9.9985E-1 9.99997E-1 9.99986E-1 1E0 1E0 1E0 1E0 1E0 1E0 1E0 1E0 1E0
