ENM/Final_Models/M_2_F_q_Set_1_E/Gustavia_santanderiensis_9_Choco.asc
ncols         367
nrows         963
xllcorner     -78.6
yllcorner     0.65
cellsize      0.00833333333333323
NODATA_value  -9999
[rows 744 to 774 of 963, columns 136 to 203 of 367]
1.70746E-2 6.18254E-3 1.05733E-2 3.53266E-2 3.60435E-2 4.40575E-2 1.40243E-2 6.71661E-3 4.16445E-3 3.9568E-3 3.80704E-3 2.25965E-4 1.40057E-5 1.42539E-5 2.59719E-5 3.04518E-5 2.17352E-6 1.62536E-6 2.78074E-6 2.26908E-5 6.06102E-5 1.20342E-4 1.46606E-4 1.15485E-4 1.04418E-3 2.37843E-3 3.66133E-3 7.11249E-3 2.00091E-2 8.54327E-3 4.34714E-3 1.58712E-4 8.97107E-5 6.97338E-4 1.15824E-3 1.92635E-4 4.84922E-4 4.55209E-4 3.06635E-5 5.8372E-6 1.09698E-5 2.39448E-4 1.85382E-3 4.60648E-3 7.02982E-4 5.54623E-4 5.99923E-3 2.34907E-3 3.94548E-4 1.20237E-3 6.93463E-5 1.17214E-5 5.97573E-5 5.94209E-5 6.44854E-5 4.84729E-6 1.36464E-6 5.96907E-7 9.15204E-7 7.03442E-7 7.10879E-7 5.3586E-7 1.93547E-6 7.93684E-7 1.78436E-6 2.52842E-6 1.72035E-6 1.98416E-6
1.27025E-2 3.9677E-3 2.7324E-3 6.49483E-3 2.91756E-2 3.95585E-2 1.50909E-2 1.04836E-3 9.37984E-5 3.7551E-4 2.0972E-3 8.45492E-5 6.62944E-6 4.16938E-6 2.63374E-6 4.95785E-6 2.17432E-6 1.06143E-6 8.6627E-7 1.66306E-6 6.81359E-6 8.86206E-5 3.76019E-4 7.62587E-4 2.65696E-3 3.39119E-3 6.78308E-3 8.75414E-3 1.11496E-2 3.23704E-3 5.73359E-4 9.80455E-4 1.60403E-4 4.48374E-5 2.86695E-4 1.5728E-4 4.0126E-5 2.74749E-4 4.44087E-5 8.12068E-6 8.99619E-6 1.43355E-4 5.88049E-4 3.78637E-4 1.169E-4 1.06029E-3 1.12694E-2 1.42226E-3 2.57239E-4 3.87229E-4 1.85196E-4 3.33414E-5 7.73134E-6 1.19158E-5 2.93866E-5 3.13894E-6 1.22463E-6 7.65249E-7 7.08613E-7 6.73141E-7 6.95197E-7 7.5789E-7 7.25281E-7 1.7255E-6 1.44319E-6 6.82609E-7 3.01987E-6 3.92699E-6
3.59826E-3 1.22098E-3 8.40618E-4 4.3732E-3 1.70312E-2 7.60265E-3 1.2027E-2 1.89057E-3 1.36568E-4 2.11176E-5 1.43012E-4 5.52238E-5 2.45242E-5 1.15607E-5 2.17419E-6 2.64912E-6 1.169E-6 4.42999E-7 1.39998E-7 1.069E-6 1.2698E-5 7.65972E-5 4.38493E-4 6.54826E-4 2.25885E-3 1.76707E-3 7.64342E-3 6.85625E-3 1.86778E-3 1.54949E-3 2.38289E-4 9.78209E-5 5.84673E-5 2.33172E-5 4.02364E-5 3.4789E-5 1.72456E-5 4.83531E-5 1.4989E-5 2.46486E-6 3.035E-6 1.59012E-5 3.81468E-5 4.10631E-5 3.70914E-4 9.36369E-4 4.61407E-3 4.40453E-4 4.96457E-5 1.59717E-4 1.0238E-4 2.19995E-5 3.8122E-6 5.49819E-6 6.05153E-6 2.02493E-6 7.38606E-7 2.80169E-7 1.55276E-6 9.50724E-7 9.7308E-7 8.24134E-7 1.0542E-6 6.92458E-7 2.59116E-6 2.89984E-6 1.89455E-6 2.77528E-6
6.31721E-3 6.45203E-4 1.25936E-3 5.24286E-3 5.05195E-3 6.5884E-4 2.27721E-3 5.73006E-3 6.82165E-4 7.64096E-6 3.65292E-6 1.65461E-6 7.41314E-6 1.51907E-6 1.23583E-6 4.44949E-7 1.34909E-7 1.0475E-7 1.65962E-7 2.39863E-6 2.6291E-5 8.33208E-5 2.39062E-4 6.04466E-4 1.67991E-3 1.92544E-3 5.81712E-3 4.07707E-3 1.89019E-3 1.54007E-3 8.64373E-5 1.30184E-5 7.34564E-6 3.42871E-6 2.41982E-6 2.03487E-6 2.5369E-6 1.38232E-6 2.42408E-6 1.49616E-6 1.62706E-6 2.3683E-6 4.36476E-5 3.16252E-4 4.91698E-4 1.63813E-3 1.70757E-3 5.21047E-4 7.20604E-5 2.82788E-5 3.27344E-5 1.48701E-5 2.28552E-6 3.11908E-6 2.72516E-6 1.57886E-6 9.51322E-7 9.85939E-7 1.30186E-6 1.28359E-6 1.26119E-6 1.50103E-6 1.67267E-6 1.99008E-6 1.29634E-6 5.41694E-6 5.54197E-6 5.85942E-6
7.3636E-4 8.4402E-4 1.56968E-3 1.8595E-3 1.93984E-3 3.05828E-4 1.34578E-4 1.03751E-3 7.42268E-4 1.31581E-5 2.13141E-6 5.9824E-7 1.13509E-6 9.86181E-7 4.84484E-7 1.22583E-7 1.28166E-7 2.37967E-7 1.59531E-6 7.35382E-6 1.45531E-5 5.59058E-5 1.13983E-4 9.08035E-4 1.03773E-3 1.96077E-3 1.729E-3 3.86115E-3 5.17093E-3 6.21954E-3 1.49661E-3 2.21981E-4 2.29843E-5 1.33662E-5 4.01781E-6 4.25732E-6 5.33231E-6 3.3366E-6 1.25159E-6 1.63967E-6 8.14763E-6 2.62829E-5 2.16424E-5 2.4952E-4 1.40916E-3 1.27145E-3 2.11966E-3 4.44733E-4 9.08474E-5 1.15224E-4 5.49094E-6 7.12326E-6 6.11005E-7 1.0031E-6 1.04481E-6 6.80696E-7 7.80781E-7 8.39705E-7 7.64199E-7 3.01643E-6 3.38925E-6 1.11145E-6 1.50544E-6 2.21051E-6 2.77471E-6 4.02173E-6 7.00092E-6 6.79685E-6
1.38665E-4 1.35271E-4 5.07953E-4 3.97141E-4 3.18372E-4 2.00275E-5 1.21299E-5 1.26548E-4 3.61093E-4 1.17571E-5 1.66226E-6 1.37388E-6 1.17188E-6 3.06591E-7 1.82399E-7 4.76181E-7 3.84761E-7 4.07684E-6 4.06512E-6 1.52158E-5 2.17731E-5 4.16246E-5 1.98822E-4 5.84611E-4 2.23921E-4 1.93596E-4 1.74209E-4 6.47089E-4 2.19714E-3 7.54878E-3 3.55271E-3 2.45218E-4 1.58702E-4 4.84793E-5 4.65491E-5 2.18661E-5 5.6895E-6 2.36277E-6 2.06643E-6 1.19978E-6 9.62407E-6 1.56058E-4 3.50175E-4 6.78767E-4 1.9221E-3 4.46062E-4 7.85729E-4 4.78318E-4 2.36709E-4 9.18446E-5 6.41396E-6 1.23228E-6 1.01733E-6 7.59824E-7 7.02661E-7 3.50315E-7 4.18815E-7 8.27975E-7 1.06357E-6 1.46233E-6 1.46396E-6 1.43943E-6 2.12527E-6 1.43857E-6 2.79025E-6 4.91591E-6 1.17923E-5 1.49428E-5
3.42681E-4 4.91402E-5 3.46375E-5 1.38149E-5 1.21158E-5 2.56978E-6 1.75812E-6 3.54704E-5 3.99622E-5 8.87078E-6 3.55321E-6 2.19759E-6 6.20067E-7 1.58392E-7 1.14201E-7 1.86676E-7 1.0769E-6 4.06673E-6 1.39287E-5 3.63275E-5 8.35824E-5 1.22811E-4 2.11018E-4 1.69916E-4 9.31522E-5 1.3905E-5 5.97789E-5 1.93064E-4 1.02835E-3 2.91846E-3 2.52436E-3 5.32444E-4 5.20582E-4 2.8173E-5 3.99779E-6 1.78932E-6 1.18578E-6 6.18085E-7 4.83335E-7 1.50789E-6 5.66971E-6 2.91545E-5 8.6794E-5 3.12157E-4 4.06691E-4 6.88212E-5 4.74973E-4 4.24398E-4 1.33109E-4 4.25789E-5 1.66062E-5 3.26116E-6 7.62697E-7 4.58352E-7 1.29739E-6 4.77569E-7 3.34786E-7 5.01565E-7 7.10675E-7 1.96301E-6 1.61763E-6 1.09758E-6 3.44099E-6 7.82631E-6 4.18621E-6 5.08547E-6 6.57987E-6 9.106E-6
4.63644E-4 7.87356E-5 1.66978E-5 2.93632E-6 2.4405E-7 4.08838E-7 5.50133E-7 5.89987E-6 1.13852E-6 9.27453E-7 6.41685E-7 1.43713E-7 1.04216E-7 8.43279E-8 1.44916E-7 9.40295E-7 1.45798E-6 6.86955E-6 1.56643E-5 3.96975E-5 5.91298E-5 1.05315E-4 2.25723E-5 1.85813E-5 1.32739E-4 2.18352E-5 1.73052E-5 9.99898E-5 5.53223E-4 1.94961E-3 3.25196E-3 1.03467E-3 1.62242E-4 3.69397E-6 6.93195E-7 1.52827E-6 2.74733E-6 6.33184E-7 2.90647E-7 5.20734E-7 1.59226E-6 4.73703E-6 5.60705E-5 4.01534E-4 4.21826E-5 5.09757E-5 1.88973E-4 1.72977E-4 5.55597E-5 2.15211E-5 2.84842E-6 2.33071E-6 8.55554E-7 6.08167E-7 2.54911E-7 5.65523E-7 6.40543E-7 5.06103E-7 8.5892E-7 1.35825E-6 2.37316E-6 1.02611E-5 3.00624E-5 3.54986E-5 7.47039E-6 5.93791E-6 9.40054E-6 1.60349E-5
1.32954E-4 2.62252E-5 1.0154E-6 4.67464E-7 1.97914E-7 2.31387E-7 9.82605E-7 8.96803E-7 3.72635E-7 1.4471E-7 5.81175E-8 8.07104E-8 1.25958E-7 3.59737E-7 1.55057E-7 1.42696E-6 3.59882E-6 4.06597E-6 7.20138E-6 9.13636E-6 1.3922E-5 3.63562E-5 4.25539E-6 1.73359E-5 2.54113E-5 2.483E-6 1.6358E-6 3.34043E-5 2.81018E-4 8.2856E-4 3.53007E-3 8.5731E-4 1.49696E-4 7.19583E-5 3.24533E-6 2.57365E-6 2.41462E-7 3.66867E-7 4.02115E-7 2.11109E-7 1.30572E-6 1.09264E-5 3.81023E-5 3.07031E-5 1.72757E-5 1.44327E-4 8.82693E-5 2.74499E-5 6.76273E-6 2.73997E-6 1.1488E-6 7.01921E-7 4.189E-7 1.78194E-6 1.62049E-6 1.07531E-6 2.75521E-7 5.73868E-7 9.65202E-7 1.43082E-6 2.00847E-5 2.56693E-5 3.92511E-5 1.3139E-4 4.18574E-5 3.7285E-5 3.16668E-5 2.55902E-5
3.83067E-5 2.07278E-6 2.24675E-7 7.06618E-7 4.70323E-7 1.50307E-7 3.91682E-7 3.28349E-7 1.55396E-7 7.23676E-8 9.17644E-8 7.4362E-8 1.18835E-7 5.71973E-7 3.82977E-7 1.00153E-6 2.93597E-6 4.58173E-6 1.52218E-6 7.01477E-6 2.76459E-6 4.80307E-6 2.01745E-6 1.58681E-5 4.54731E-6 3.68382E-6 1.30563E-5 3.43472E-5 2.56294E-4 6.79632E-4 2.6841E-3 5.90338E-5 1.22118E-5 8.20642E-5 3.16128E-5 6.01646E-6 1.12104E-6 5.83711E-7 2.12821E-7 2.1833E-7 2.38158E-7 1.92836E-6 2.37142E-6 1.48637E-5 6.60261E-5 7.92001E-5 1.70107E-5 4.00834E-6 1.87757E-6 1.38033E-6 8.58462E-7 4.99906E-7 9.67382E-7 2.17363E-6 1.71409E-6 7.68122E-7 4.29141E-7 6.55382E-7 1.65026E-6 2.69196E-6 1.91546E-5 6.03672E-5 1.87421E-4 1.73623E-4 2.96233E-4 2.81795E-4 2.17356E-4 4.50632E-5
5.83106E-6 4.57516E-7 8.63755E-8 2.94461E-7 8.65207E-8 7.24335E-8 5.09988E-8 1.27379E-7 1.09541E-7 8.749E-8 7.14245E-8 1.07276E-7 9.87356E-8 3.19259E-7 3.10146E-7 4.8817E-7 7.4602E-7 2.33306E-6 1.75334E-6 9.61491E-7 8.55388E-7 5.51539E-7 9.09046E-7 2.92172E-6 2.40402E-6 6.67341E-6 1.23014E-5 9.39032E-5 1.00025E-3 2.63365E-3 1.95749E-3 5.3937E-5 4.13089E-6 2.7478E-6 6.95169E-7 2.33169E-7 2.49569E-7 4.86693E-7 1.66396E-7 1.33417E-7 1.90383E-7 8.50936E-7 3.2064E-6 2.62354E-5 2.3403E-5 1.81389E-5 4.82785E-6 1.84417E-6 1.50962E-6 2.59763E-6 6.60258E-7 6.06751E-7 9.07335E-7 2.84078E-6 1.41245E-6 6.22032E-7 6.29385E-7 5.34732E-7 8.57757E-7 2.45069E-6 1.63339E-5 3.5036E-5 1.99738E-5 3.00824E-4 5.5599E-4 6.49964E-4 1.97532E-4 5.92191E-5
1.34118E-6 2.44045E-7 1.76066E-7 1.38204E-7 1.01681E-7 1.04457E-7 1.10055E-7 1.07316E-7 7.47439E-8 2.02187E-7 1.13178E-7 7.3645E-8 1.40603E-7 1.98755E-7 1.33735E-7 5.17309E-7 9.51902E-7 1.79611E-6 4.34143E-7 2.89246E-7 2.35295E-7 1.53607E-7 9.80139E-7 3.26993E-6 2.19834E-5 9.94602E-5 2.2999E-5 1.34722E-4 1.02639E-3 2.65267E-3 7.24836E-4 1.22694E-4 2.61071E-6 2.66993E-7 2.61138E-7 1.88013E-7 2.60209E-7 1.45454E-7 2.30648E-7 2.1099E-7 2.11748E-7 3.83406E-7 2.09378E-6 7.30843E-6 5.9044E-6 3.65182E-6 4.13895E-7 5.35867E-7 9.30625E-7 2.08382E-6 1.74293E-6 6.94992E-7 1.13574E-6 2.22389E-6 1.49118E-6 6.96089E-7 9.39664E-7 1.12065E-6 1.41922E-6 4.34068E-6 9.12755E-6 2.24676E-5 4.47007E-5 2.48973E-4 7.35315E-4 5.86416E-4 3.33231E-4 8.04827E-5
1.71994E-6 1.61585E-7 1.03736E-7 7.53262E-8 9.64011E-8 1.07749E-7 1.3939E-7 8.34732E-8 6.18615E-8 7.65386E-8 1.7278E-7 2.29885E-7 6.9454E-8 1.74184E-7 1.11128E-7 2.9211E-7 7.74851E-7 4.25876E-7 3.8912E-7 2.85494E-7 7.22773E-7 3.80045E-7 1.16283E-6 1.70408E-6 5.19381E-6 9.638E-5 1.43265E-4 2.68925E-4 2.29567E-3 1.36936E-3 2.20078E-4 2.53923E-5 1.30543E-6 1.38712E-6 1.92104E-7 2.7398E-7 2.3971E-7 1.92635E-7 2.31747E-7 3.70159E-7 2.29131E-7 3.4139E-7 2.70291E-6 5.21106E-6 7.78378E-7 5.34454E-7 1.3154E-6 2.36672E-7 2.23995E-7 1.91182E-7 2.71511E-7 5.56044E-7 1.07042E-6 5.44857E-6 5.52591E-7 1.21598E-6 9.16087E-7 3.45986E-6 9.51896E-6 9.46802E-6 1.21702E-5 3.47832E-5 3.97374E-4 6.59208E-4 8.14121E-4 3.13727E-4 1.64022E-4 1.08005E-4
8.48771E-7 1.38472E-7 9.72283E-8 1.18829E-7 1.10773E-7 8.87731E-8 4.36017E-8 9.34708E-8 1.10217E-7 1.49786E-7 2.52694E-7 3.43579E-7 2.41101E-7 1.61215E-7 1.01682E-7 7.72964E-8 2.08093E-7 3.11404E-7 3.06733E-7 3.74998E-7 4.11763E-7 4.37154E-7 2.46929E-6 2.34558E-6 3.5106E-5 8.40105E-5 4.48866E-4 8.33898E-4 1.43208E-3 2.24137E-4 2.09965E-4 3.0562E-5 3.85646E-6 2.23625E-7 3.52757E-7 2.502E-7 1.75042E-7 2.34389E-7 1.76347E-7 2.16223E-7 4.80813E-7 3.43085E-7 1.06663E-6 1.30168E-6 3.01414E-7 3.63504E-7 4.23927E-7 5.56103E-7 9.97285E-7 2.55129E-6 4.76639E-7 1.43566E-7 7.09549E-7 6.96073E-6 8.6772E-7 3.39813E-6 2.28801E-6 2.30373E-6 2.77678E-5 5.25049E-5 3.86205E-6 5.41034E-5 2.44232E-4 9.22054E-4 8.6239E-4 2.43223E-4 3.82795E-4 3.20919E-4
7.79354E-7 1.33101E-7 1.56163E-7 1.86009E-7 1.46405E-7 8.41811E-8 1.06068E-7 1.2151E-7 8.38075E-8 1.55628E-7 1.53196E-7 2.06251E-7 4.2827E-7 4.11926E-7 3.40569E-7 1.57838E-7 2.16817E-7 3.3059E-7 3.27364E-7 3.29749E-7 3.34125E-7 2.57268E-7 9.7246E-7 6.5179E-6 2.55906E-5 2.08199E-4 2.88273E-4 1.29702E-3 4.60589E-4 2.4497E-4 3.66847E-5 8.43337E-6 1.65852E-6 6.8813E-7 4.06871E-7 2.77488E-7 1.68235E-7 1.81704E-7 2.41087E-7 2.55234E-7 3.39266E-7 5.46459E-7 5.25623E-7 7.70759E-7 2.83302E-7 2.22719E-7 1.68759E-7 2.98628E-7 5.38029E-7 1.03025E-6 6.84638E-6 9.74367E-6 4.60711E-6 9.42464E-7 9.17091E-7 4.26818E-6 8.61553E-6 4.95904E-6 7.96062E-5 4.19464E-5 1.37482E-5 4.04819E-5 1.171E-4 3.85466E-4 2.07649E-3 6.34771E-4 8.2551E-4 1.5419E-3
3.86565E-7 1.5E-7 1.45938E-7 1.59389E-7 1.39085E-7 1.23413E-7 1.92771E-7 1.44941E-7 8.92961E-8 1.02508E-7 1.08792E-7 1.78193E-7 3.82275E-7 2.97724E-7 2.25373E-7 2.12042E-7 1.5687E-7 4.45506E-7 1.19344E-6 4.59707E-7 6.51766E-7 9.92439E-8 1.0957E-7 1.24608E-6 2.05076E-6 1.34338E-5 4.78411E-5 1.07509E-3 2.77128E-4 1.49107E-4 7.70923E-5 4.38308E-6 9.2322E-7 3.99148E-7 5.87413E-7 4.35187E-7 2.44739E-7 1.87816E-7 1.89671E-7 2.20795E-7 2.40311E-7 5.07226E-7 5.27528E-7 6.81744E-7 2.9205E-7 5.24319E-7 6.39638E-7 5.10254E-7 1.14151E-7 6.69211E-7 8.55568E-7 1.39383E-5 4.72322E-5 5.45077E-6 5.60438E-7 1.07749E-5 2.57427E-6 2.44641E-5 1.13178E-4 3.27753E-5 3.02798E-6 1.10179E-5 6.80502E-5 6.46116E-4 -9999 2.4106E-3 2.50913E-3 -9999
2.9169E-7 2.12593E-7 6.20993E-8 1.29646E-7 1.03176E-7 1.87136E-7 2.02563E-7 1.46152E-7 1.47727E-7 1.65034E-7 2.33846E-7 2.71308E-7 2.86986E-7 2.84956E-7 3.64589E-7 3.48842E-7 2.23883E-7 1.9051E-7 4.30628E-7 1.70556E-6 1.08052E-6 5.23598E-7 2.8781E-7 4.76688E-7 1.7187E-5 6.43977E-6 1.76635E-5 8.69386E-4 3.9266E-4 5.16891E-5 2.1634E-5 1.73821E-5 1.42737E-6 1.14397E-6 4.91969E-7 4.98403E-7 3.48878E-7 1.90256E-7 1.77112E-7 2.39034E-7 3.16608E-7 3.51166E-7 4.45568E-7 4.33617E-7 2.0806E-7 5.59795E-7 2.83158E-7 4.77906E-7 4.8332E-7 5.08578E-7 1.28337E-6 9.68227E-6 8.74992E-5 1.11083E-4 6.53933E-5 4.01964E-5 2.02808E-5 1.23895E-4 2.37678E-4 2.68903E-5 5.15479E-6 1.62749E-5 1.05544E-4 7.14109E-4 -9999 3.51594E-3 6.04232E-3 -9999
2.65524E-7 5.48298E-7 2.69307E-7 1.82905E-7 1.68505E-7 2.10904E-7 1.57984E-7 1.41883E-7 1.85483E-7 1.56361E-7 1.97073E-7 1.84654E-7 1.11545E-7 1.97416E-7 3.77351E-7 2.68742E-7 4.60702E-7 2.85096E-7 1.43505E-7 2.63491E-6 2.52325E-6 2.71613E-6 8.28555E-7 1.68239E-6 2.29497E-5 6.5005E-6 8.37851E-5 7.89872E-4 3.54557E-4 2.48736E-5 4.41397E-6 2.87797E-5 1.66219E-6 1.1123E-6 5.98028E-7 4.27772E-7 2.87702E-7 2.6111E-7 2.27255E-7 2.15115E-7 2.34928E-7 2.80845E-7 3.01917E-7 2.73313E-7 2.37713E-7 3.76441E-7 4.27299E-7 6.47916E-7 6.66054E-7 7.79103E-7 1.14941E-6 6.84141E-6 2.51309E-5 2.91498E-5 2.49291E-4 3.89743E-4 5.30256E-4 1.02698E-3 4.39077E-4 1.09024E-5 1.35818E-5 2.68361E-5 3.7009E-4 -9999 -9999 -9999 -9999 -9999
9.69624E-7 4.12582E-7 3.34932E-7 3.44467E-7 2.31874E-7 2.79702E-7 1.64231E-7 1.49539E-7 1.66378E-7 1.62146E-7 1.6378E-7 1.76962E-7 1.67812E-7 1.98688E-7 2.66432E-7 2.97136E-7 5.81421E-7 2.39293E-6 7.53708E-6 1.80003E-5 5.11163E-5 6.1257E-5 1.05017E-4 1.22496E-4 1.72068E-4 2.48527E-4 2.06275E-4 8.21246E-4 1.63758E-4 6.8618E-5 5.61008E-6 1.77518E-6 1.19402E-6 1.0635E-6 6.45284E-7 3.83858E-7 2.91639E-7 2.00536E-7 1.75105E-7 2.78213E-7 2.17977E-7 2.23341E-7 2.77675E-7 3.35365E-7 3.41475E-7 2.99923E-7 2.42536E-7 2.81687E-7 6.80633E-7 7.25602E-7 5.14055E-7 1.56351E-6 3.44578E-6 2.74992E-6 2.55677E-5 5.26638E-5 5.11947E-5 -9999 -9999 1.00224E-4 8.37367E-5 1.59607E-4 9.50232E-4 -9999 -9999 -9999 -9999 -9999
1.32158E-6 6.27499E-7 3.46574E-7 2.23232E-7 2.6706E-7 1.68167E-7 8.10028E-8 5.89481E-8 6.47073E-8 8.39733E-8 1.71632E-7 1.96951E-7 1.59425E-7 2.02227E-7 4.35222E-7 2.47594E-7 9.6251E-7 1.10955E-5 1.43826E-5 5.67581E-6 1.1811E-5 7.38952E-6 2.79013E-5 1.63859E-5 2.06693E-5 5.26101E-5 1.85089E-4 5.08632E-4 1.39044E-4 1.44738E-5 2.78298E-6 4.24149E-7 6.98087E-7 5.97957E-7 4.15076E-7 2.37882E-7 2.27413E-7 1.53316E-7 1.53885E-7 1.96045E-7 2.47884E-7 3.84903E-7 4.79442E-7 2.68034E-7 2.75622E-7 2.19537E-7 5.85578E-7 8.38811E-7 7.74026E-7 1.1385E-6 8.29694E-7 3.34648E-6 3.77918E-6 5.97825E-6 8.24482E-6 3.28613E-5 1.2E-4 -9999 -9999 -9999 4.42277E-4 3.62867E-4 2.7213E-3 -9999 -9999 -9999 -9999 -9999
8.51843E-7 3.49346E-7 1.96901E-7 2.3294E-7 1.47844E-7 6.16121E-8 1.50635E-7 1.66389E-7 1.50396E-7 7.41904E-8 1.03992E-7 1.57011E-7 1.19699E-7 3.40023E-7 3.00658E-7 3.60396E-7 4.40198E-7 2.15818E-6 5.6163E-6 7.512E-7 1.35587E-6 9.97451E-7 1.36439E-6 1.42747E-6 5.24691E-6 3.67882E-5 1.43902E-4 4.64596E-4 1.01414E-4 2.17767E-6 2.52298E-7 9.06024E-7 3.44435E-7 2.99652E-7 2.84606E-7 1.64914E-7 1.77809E-7 1.56348E-7 2.09242E-7 2.08589E-7 2.26994E-7 2.83267E-7 2.83962E-7 7.88584E-7 3.77776E-7 4.13549E-7 3.93972E-7 1.10696E-6 1.62443E-6 1.9484E-6 3.5513E-6 2.48714E-6 9.07408E-6 2.21341E-5 1.24892E-5 7.74806E-5 6.49637E-4 1.27575E-3 -9999 -9999 1.14076E-4 1.61701E-4 -9999 -9999 -9999 -9999 -9999 -9999
1.67543E-6 7.40459E-7 9.82516E-7 4.48938E-7 2.76879E-7 4.59343E-8 1.45921E-7 9.20383E-8 1.1523E-7 9.20629E-8 8.29489E-8 8.32429E-8 1.42555E-7 3.90342E-7 6.79923E-7 1.12716E-6 1.51057E-6 1.21884E-6 4.90315E-7 2.98146E-7 1.11335E-7 7.92307E-8 1.27135E-7 2.99597E-7 6.16093E-7 1.5591E-5 1.67535E-4 2.99615E-4 3.14839E-5 1.13592E-6 1.91445E-7 6.59578E-7 3.1941E-7 2.95712E-7 3.52348E-7 1.58288E-7 1.70889E-7 1.9651E-7 4.0139E-7 2.7593E-7 3.31258E-7 2.12765E-7 2.51574E-7 4.13323E-7 5.56178E-7 5.29434E-7 1.16195E-6 4.23024E-6 3.5787E-6 1.07558E-5 2.96447E-6 6.29698E-6 8.50129E-6 4.14418E-5 2.64578E-5 1.61847E-4 1.06276E-3 3.34514E-3 -9999 -9999 1.09905E-4 8.5479E-4 -9999 -9999 -9999 -9999 -9999 -9999
6.5762E-7 8.10187E-7 8.53667E-7 4.44794E-7 3.58758E-7 6.11802E-8 7.17196E-8 1.22648E-7 1.2978E-7 1.06115E-7 1.38495E-7 8.18762E-8 2.12811E-7 2.16191E-7 2.95447E-7 3.05452E-6 6.73179E-7 3.23821E-7 8.58299E-8 1.38095E-7 1.77396E-7 1.29365E-7 1.31058E-7 2.46934E-7 6.44815E-7 1.55181E-5 2.00098E-4 3.1996E-4 3.91119E-5 3.42255E-6 1.28755E-6 1.91182E-7 1.21393E-6 3.13093E-7 1.77863E-7 2.82758E-7 2.42855E-7 2.38299E-7 4.19352E-7 3.4348E-7 3.55997E-7 2.38058E-7 2.37375E-7 3.94369E-7 1.44157E-6 1.2293E-6 1.05368E-6 1.75314E-6 1.99392E-5 3.26366E-5 1.72612E-5 9.56392E-6 3.06223E-5 9.72564E-5 2.95729E-5 1.42803E-4 1.01675E-3 -9999 -9999 -9999 1.27734E-4 -9999 -9999 -9999 -9999 -9999 -9999 -9999
4.19239E-7 1.15752E-6 7.2645E-7 4.85485E-7 3.01059E-7 5.13615E-8 9.19102E-8 8.57905E-8 1.12478E-7 1.12115E-7 7.35829E-8 7.10008E-8 1.16914E-7 1.53049E-7 6.33653E-7 1.08793E-6 4.29789E-7 3.05488E-7 8.08716E-8 1.91301E-7 1.4188E-7 2.14861E-7 1.69719E-7 3.96006E-7 4.97304E-7 5.80681E-6 6.12666E-5 3.32054E-4 1.11829E-4 4.68401E-5 3.0418E-5 2.99109E-6 3.28319E-7 9.6997E-7 6.45238E-7 3.5084E-7 3.4929E-7 5.49745E-7 9.51149E-7 2.13739E-7 3.63961E-7 3.81942E-7 6.82128E-7 7.60455E-7 8.32909E-6 2.54664E-5 2.4461E-5 3.05484E-6 2.32423E-5 5.44552E-5 6.02011E-5 5.0461E-5 1.38131E-4 3.11933E-4 2.34543E-4 4.61047E-4 1.39005E-3 -9999 -9999 1.87765E-4 1.04614E-3 -9999 -9999 -9999 -9999 -9999 -9999 -9999
9.98358E-7 3.19788E-6 6.19452E-7 6.33308E-7 3.08474E-7 1.28062E-7 5.19846E-8 8.00152E-8 8.29161E-8 1.67545E-7 1.85269E-7 1.87475E-7 8.10727E-8 8.75851E-8 4.29123E-7 3.58079E-7 2.75603E-7 2.3298E-7 1.05144E-7 3.31042E-7 2.27253E-7 7.04665E-8 1.53885E-7 6.27691E-7 2.99988E-6 1.00921E-5 2.0406E-4 2.21989E-4 3.11224E-5 2.25962E-6 2.50074E-6 2.41539E-6 2.69312E-7 3.42332E-7 3.24434E-7 1.58422E-7 2.80916E-7 7.87372E-8 3.20515E-7 6.97974E-7 4.14975E-7 2.29499E-6 1.70545E-6 1.39997E-6 5.87333E-6 4.59864E-5 6.46206E-5 6.69292E-5 2.94322E-5 6.05215E-5 3.72666E-4 2.13021E-4 2.41979E-4 2.48212E-4 2.01114E-4 1.36634E-4 1.04262E-3 -9999 -9999 7.2475E-4 -9999 -9999 -9999 -9999 -9999 -9999 -9999 -9999
2.21257E-6 5.11088E-6 1.05957E-6 1.54439E-6 3.86156E-7 2.04522E-7 8.84764E-8 8.94548E-8 1.05254E-7 1.06377E-7 1.635E-7 1.68665E-7 1.22168E-7 1.8753E-7 9.54949E-8 1.09704E-7 7.47127E-8 8.44421E-8 7.55071E-8 5.0416E-7 1.6933E-7 2.23234E-7 1.49761E-7 6.36801E-7 5.70021E-6 5.91441E-5 2.22572E-4 4.94687E-5 7.99563E-6 9.23676E-7 5.22195E-7 1.5808E-7 1.14766E-7 1.51198E-7 2.4967E-7 2.22031E-7 2.74933E-7 6.32392E-7 2.46136E-7 3.17006E-7 1.26243E-6 4.54539E-6 8.67604E-7 1.36008E-5 5.11247E-6 7.49077E-6 8.50658E-5 1.17462E-4 4.60844E-5 5.50318E-5 5.56019E-4 2.74541E-4 7.30731E-4 8.80513E-4 2.35976E-4 4.99868E-4 -9999 -9999 -9999 -9999 -9999 -9999 -9999 -9999 -9999 -9999 -9999 -9999
3.81851E-6 6.01064E-6 2.87468E-6 3.53411E-6 8.85464E-7 3.19992E-7 9.40092E-8 4.80342E-8 4.52233E-8 7.71237E-8 1.26292E-7 1.04236E-7 1.21572E-7 1.52461E-7 1.77818E-7 1.33979E-7 1.06618E-7 7.28269E-8 1.79404E-7 5.51264E-7 3.24014E-7 4.21433E-7 7.75746E-7 9.65971E-7 1.10396E-5 1.25816E-4 9.08159E-5 2.49271E-5 4.99234E-6 6.64737E-7 7.99316E-7 3.59232E-7 2.92177E-7 1.76517E-7 2.09837E-7 2.4068E-7 3.93822E-7 5.64129E-7 7.75475E-7 2.41537E-7 1.56194E-6 1.08315E-6 7.89381E-7 6.66049E-6 5.24259E-5 1.20729E-5 1.1142E-4 2.41146E-4 6.56175E-5 1.32247E-4 3.65544E-4 3.32303E-4 1.1427E-3 -9999 -9999 1.21647E-3 -9999 -9999 -9999 -9999 -9999 -9999 -9999 -9999 -9999 -9999 -9999 -9999
5.02514E-6 1.49235E-5 8.05945E-6 2.50389E-6 1.08358E-6 6.70704E-7 5.11169E-7 1.61363E-7 1.48711E-7 1.22975E-7 1.11791E-7 9.83947E-8 6.9022E-8 9.56494E-8 1.64418E-7 1.03567E-7 1.11098E-7 7.73394E-8 1.36725E-7 2.37776E-7 2.7134E-7 4.83677E-7 1.11872E-5 2.3849E-5 4.88396E-5 2.57426E-5 1.69892E-5 6.3703E-5 2.48545E-5 1.0806E-6 1.00928E-6 4.74572E-7 5.47825E-7 2.70874E-7 2.78418E-7 2.39902E-7 4.12735E-7 1.43037E-7 1.11075E-7 1.32984E-6 1.09115E-5 1.21878E-5 2.85387E-6 1.35108E-6 4.14039E-5 1.80078E-4 2.04791E-4 5.85008E-4 8.7071E-4 1.04281E-3 -9999 5.21705E-4 1.93001E-3 -9999 -9999 3.6177E-3 -9999 -9999 -9999 -9999 -9999 -9999 -9999 -9999 -9999 -9999 -9999 -9999
1.07781E-5 1.98992E-5 1.97153E-5 6.15791E-6 3.20702E-6 1.99957E-6 6.64379E-7 1.63621E-7 9.54736E-8 1.15404E-7 1.11982E-7 1.24433E-7 8.7827E-8 6.51593E-8 1.57754E-7 1.49019E-7 5.56854E-8 7.35011E-8 4.73198E-8 6.60172E-8 3.66699E-7 2.57406E-6 1.27737E-5 6.33466E-6 3.32049E-5 5.43783E-6 3.12499E-6 2.22944E-5 1.53879E-5 2.86468E-6 1.75289E-7 2.61571E-7 2.64016E-7 2.4226E-7 3.16414E-7 1.91344E-7 2.37209E-7 2.74808E-7 6.89624E-7 3.92075E-6 7.57557E-6 6.26269E-6 5.8378E-5 6.85819E-5 1.71648E-4 5.67135E-4 7.99368E-4 1.16047E-3 1.46189E-3 -9999 -9999 -9999 2.94723E-3 -9999 -9999 -9999 -9999 -9999 -9999 -9999 -9999 -9999 -9999 -9999 -9999 -9999 -9999 -9999
4.33375E-5 2.74223E-5 1.90718E-5 3.93624E-5 9.10916E-6 3.86006E-6 6.98746E-7 2.00519E-7 1.61712E-7 9.39427E-8 2.18152E-7 2.01127E-7 8.7077E-8 1.13687E-7 9.16624E-8 4.3538E-8 5.84265E-8 7.50819E-8 8.57952E-8 3.47864E-7 1.18092E-6 3.69086E-6 2.172E-6 1.62456E-6 1.81139E-5 3.14358E-6 1.01888E-6 9.91897E-6 1.63544E-5 2.84366E-6 5.48904E-7 2.48971E-7 3.2673E-7 3.26053E-7 3.47907E-7 2.34059E-7 2.20362E-7 6.30711E-8 6.93723E-7 3.214E-6 1.1535E-6 1.00991E-6 7.61509E-6 1.96306E-5 5.61303E-5 1.77657E-4 -9999 -9999 -9999 -9999 -9999 1.16291E-3 1.91409E-3 -9999 -9999 -9999 -9999 -9999 -9999 -9999 -9999 -9999 -9999 -9999 -9999 -9999 -9999 -9999
3.76051E-5 1.36296E-4 4.50844E-5 2.07681E-5 2.77712E-5 1.24413E-5 4.20141E-6 5.21559E-7 2.18436E-7 2.76778E-7 4.92332E-7 3.71666E-7 1.05452E-7 1.98014E-7 7.97393E-8 6.44425E-8 4.72865E-8 7.02953E-8 9.92933E-8 4.50541E-7 1.40227E-6 1.7555E-6 6.56648E-7 1.04739E-6 5.99266E-6 1.94132E-6 8.30446E-7 2.8023E-6 1.24435E-5 2.60968E-6 8.53405E-7 1.78126E-7 1.55479E-7 2.79862E-7 2.91243E-7 2.0014E-7 2.57155E-7 1.31154E-7 7.56506E-7 2.18003E-6 4.61683E-7 5.04721E-7 8.95148E-7 4.09437E-6 5.13777E-5 -9999 -9999 -9999 -9999 -9999 -9999 1.48927E-3 1.54714E-3 1.71997E-3 -9999 -9999 -9999 -9999 -9999 -9999 -9999 -9999 -9999 -9999 -9999 -9999 -9999 -9999
