ENM/Final_Models/M_2_F_q_Set_1_E/Gustavia_santanderiensis_4_Choco.asc
ncols         367
nrows         963
xllcorner     -78.6
yllcorner     0.65
cellsize      0.00833333333333323
NODATA_value  -9999
[rows 744 to 774 of 963, columns 0 to 68 of 367]
-9999 -9999 -9999 -9999 -9999 -9999 -9999 -9999 -9999 -9999 -9999 -9999 -9999 -9999 -9999 -9999 -9999 -9999 -9999 -9999 -9999 -9999 -9999 -9999 -9999 -9999 -9999 -9999 -9999 -9999 -9999 -9999 -9999 -9999 -9999 -9999 -9999 -9999 -9999 -9999 -9999 -9999 -9999 -9999 -9999 -9999 -9999 -9999 -9999 -9999 -9999 -9999 -9999 -9999 -9999 -9999 -9999 9.97706E-1 9.99959E-1 9.99995E-1 1E0 9.99999E-1 9.99987E-1 9.99982E-1 9.99989E-1 9.99978E-1 9.99994E-1 9.99998E-1 1E0
-9999 -9999 -9999 -9999 -9999 -9999 -9999 -9999 -9999 -9999 -9999 -9999 -9999 -9999 -9999 -9999 -9999 -9999 -9999 -9999 -9999 -9999 -9999 -9999 -9999 -9999 -9999 -9999 -9999 -9999 -9999 -9999 -9999 -9999 -9999 -9999 -9999 -9999 -9999 -9999 -9999 -9999 -9999 -9999 -9999 -9999 -9999 -9999 -9999 -9999 -9999 -9999 -9999 -9999 -9999 -9999 9.95989E-1 9.97987E-1 9.99647E-1 -9999 9.99971E-1 9.99998E-1 9.99996E-1 9.99982E-1 9.99988E-1 -9999 9.99999E-1 1E0 1E0
-9999 -9999 -9999 -9999 -9999 -9999 -9999 -9999 -9999 -9999 -9999 -9999 -9999 -9999 -9999 -9999 -9999 -9999 -9999 -9999 -9999 -9999 -9999 -9999 -9999 -9999 -9999 -9999 -9999 -9999 -9999 -9999 -9999 -9999 -9999 -9999 -9999 -9999 -9999 -9999 -9999 -9999 -9999 -9999 -9999 -9999 -9999 -9999 -9999 -9999 -9999 -9999 -9999 -9999 -9999 9.99867E-1 9.99977E-1 9.99964E-1 9.99837E-1 9.99988E-1 1E0 9.99998E-1 1E0 9.99999E-1 9.99999E-1 9.99993E-1 1E0 1E0 9.99999E-1
-9999 -9999 -9999 -9999 -9999 -9999 -9999 -9999 -9999 -9999 -9999 -9999 -9999 -9999 -9999 -9999 -9999 -9999 -9999 -9999 -9999 -9999 -9999 -9999 -9999 -9999 -9999 -9999 -9999 -9999 -9999 -9999 -9999 -9999 -9999 -9999 -9999 -9999 -9999 -9999 -9999 -9999 -9999 -9999 -9999 -9999 -9999 -9999 -9999 -9999 -9999 -9999 -9999 -9999 9.99959E-1 9.99982E-1 9.99939E-1 9.99927E-1 9.99979E-1 9.99998E-1 -9999 9.99997E-1 1E0 1E0 9.99999E-1 1E0 1E0 1E0 9.99995E-1
-9999 -9999 -9999 -9999 -9999 -9999 -9999 -9999 -9999 -9999 -9999 -9999 -9999 -9999 -9999 -9999 -9999 -9999 -9999 -9999 -9999 -9999 -9999 -9999 -9999 -9999 -9999 -9999 -9999 -9999 -9999 -9999 -9999 -9999 -9999 -9999 -9999 -9999 -9999 -9999 -9999 -9999 -9999 -9999 -9999 -9999 -9999 -9999 -9999 -9999 -9999 -9999 -9999 9.99915E-1 9.9962E-1 9.99903E-1 9.99943E-1 9.99943E-1 9.99974E-1 9.99997E-1 1E0 9.99999E-1 1E0 9.99999E-1 9.99998E-1 9.99999E-1 1E0 1E0 9.99996E-1
-9999 -9999 -9999 -9999 -9999 -9999 -9999 -9999 -9999 -9999 -9999 -9999 -9999 -9999 -9999 -9999 -9999 -9999 -9999 9.90943E-1 9.98663E-1 9.87751E-1 -9999 -9999 -9999 -9999 -9999 -9999 -9999 -9999 9.98301E-1 -9999 -9999 -9999 -9999 -9999 -9999 -9999 -9999 -9999 -9999 -9999 -9999 -9999 -9999 -9999 -9999 -9999 -9999 -9999 -9999 -9999 -9999 9.99988E-1 9.99929E-1 9.99942E-1 9.99779E-1 9.99882E-1 -9999 9.99999E-1 9.99996E-1 9.99998E-1 9.99995E-1 9.99999E-1 9.99999E-1 1E0 1E0 9.99999E-1 1E0
-9999 -9999 -9999 -9999 -9999 -9999 -9999 -9999 -9999 -9999 -9999 -9999 -9999 -9999 -9999 -9999 -9999 9.86925E-1 9.98158E-1 9.98317E-1 9.99748E-1 9.91975E-1 9.58407E-1 9.75859E-1 -9999 -9999 -9999 -9999 9.65504E-1 9.85609E-1 9.956E-1 9.99199E-1 -9999 -9999 -9999 -9999 -9999 -9999 -9999 -9999 -9999 -9999 -9999 -9999 -9999 -9999 -9999 -9999 -9999 -9999 -9999 -9999 9.99695E-1 9.99963E-1 9.99998E-1 9.99995E-1 9.99997E-1 9.99998E-1 9.99991E-1 1E0 9.99999E-1 1E0 1E0 1E0 1E0 1E0 1E0 1E0 1E0
-9999 -9999 -9999 -9999 -9999 -9999 -9999 -9999 -9999 -9999 -9999 -9999 -9999 -9999 -9999 9.9899E-1 -9999 9.95197E-1 9.98257E-1 9.98498E-1 9.99556E-1 9.99599E-1 9.98366E-1 9.70576E-1 9.81392E-1 9.88833E-1 9.837E-1 9.94167E-1 9.88837E-1 9.95163E-1 9.92845E-1 9.98365E-1 9.9866E-1 -9999 -9999 -9999 -9999 -9999 -9999 -9999 -9999 -9999 -9999 -9999 -9999 -9999 -9999 -9999 -9999 -9999 9.99975E-1 9.99986E-1 9.99986E-1 9.99996E-1 9.99998E-1 9.99997E-1 9.99979E-1 9.99997E-1 -9999 9.99995E-1 1E0 1E0 1E0 1E0 1E0 1E0 1E0 9.99999E-1 1E0
-9999 -9999 -9999 -9999 -9999 -9999 -9999 -9999 -9999 -9999 -9999 -9999 -9999 -9999 9.99044E-1 9.9875E-1 9.98734E-1 9.97866E-1 9.98451E-1 9.95566E-1 9.97512E-1 9.98585E-1 9.92594E-1 9.93013E-1 9.91987E-1 9.85485E-1 9.9809E-1 9.89508E-1 9.89556E-1 9.90674E-1 9.86074E-1 9.97266E-1 9.98786E-1 -9999 -9999 -9999 -9999 -9999 9.99997E-1 -9999 -9999 -9999 -9999 -9999 -9999 -9999 -9999 -9999 -9999 9.99965E-1 9.99992E-1 9.99993E-1 9.99999E-1 9.99997E-1 9.99997E-1 9.99997E-1 9.99998E-1 9.99995E-1 9.99999E-1 9.99999E-1 1E0 9.99999E-1 1E0 1E0 1E0 1E0 1E0 9.99999E-1 1E0
-9999 -9999 -9999 -9999 -9999 -9999 -9999 -9999 -9999 -9999 -9999 -9999 -9999 9.99597E-1 9.99404E-1 9.98352E-1 9.99056E-1 9.98743E-1 9.95814E-1 9.93549E-1 9.84079E-1 9.89622E-1 9.93246E-1 9.98138E-1 9.95507E-1 9.9436E-1 9.93936E-1 9.96868E-1 9.96895E-1 9.92322E-1 9.86876E-1 -9999 -9999 -9999 -9999 9.9998E-1 9.99983E-1 9.99998E-1 9.99994E-1 9.99994E-1 9.99985E-1 9.99716E-1 9.99989E-1 -9999 -9999 -9999 -9999 -9999 9.99996E-1 9.99997E-1 9.99998E-1 9.99997E-1 9.99994E-1 9.99999E-1 9.9999E-1 9.99975E-1 9.99997E-1 -9999 9.99984E-1 9.99996E-1 9.99999E-1 1E0 1E0 1E0 1E0 1E0 1E0 1E0 1E0
-9999 -9999 -9999 -9999 -9999 -9999 -9999 -9999 -9999 -9999 -9999 -9999 -9999 9.9983E-1 9.98931E-1 9.99852E-1 9.99377E-1 9.9965E-1 9.99748E-1 9.98738E-1 9.94026E-1 9.89618E-1 9.87864E-1 9.93598E-1 9.89913E-1 9.94658E-1 9.95658E-1 9.97756E-1 9.90741E-1 9.91547E-1 9.95029E-1 9.98939E-1 -9999 -9999 9.99958E-1 9.99991E-1 9.99982E-1 9.99959E-1 9.99854E-1 9.99941E-1 9.99875E-1 9.99961E-1 9.99904E-1 9.99958E-1 9.99993E-1 9.99996E-1 9.99963E-1 9.99959E-1 9.99986E-1 9.9999E-1 9.99998E-1 9.99997E-1 9.99997E-1 9.99984E-1 9.99993E-1 9.99995E-1 9.99998E-1 9.99999E-1 9.99996E-1 9.99994E-1 9.99997E-1 9.99994E-1 1E0 1E0 1E0 1E0 1E0 1E0 9.99999E-1
-9999 -9999 -9999 -9999 -9999 -9999 -9999 -9999 -9999 -9999 -9999 -9999 9.95947E-1 9.98353E-1 9.99474E-1 9.99225E-1 9.96862E-1 9.98982E-1 9.97324E-1 9.97091E-1 9.98691E-1 9.97959E-1 9.98163E-1 9.94622E-1 9.918E-1 9.92268E-1 9.91827E-1 9.96397E-1 9.9513E-1 9.9821E-1 9.96477E-1 9.9899E-1 9.99148E-1 -9999 9.99974E-1 9.99945E-1 9.99981E-1 9.99868E-1 9.98754E-1 9.98596E-1 9.99638E-1 9.99919E-1 9.99938E-1 9.99978E-1 9.99979E-1 9.99993E-1 9.99986E-1 9.99882E-1 9.99993E-1 9.9999E-1 9.99995E-1 9.99989E-1 9.99998E-1 9.99997E-1 9.99987E-1 1E0 1E0 1E0 9.99997E-1 9.99994E-1 9.99999E-1 9.99996E-1 1E0 1E0 1E0 1E0 9.99998E-1 9.99997E-1 1E0
-9999 -9999 -9999 -9999 -9999 -9999 -9999 -9999 -9999 -9999 -9999 9.94165E-1 9.98936E-1 9.99789E-1 9.99325E-1 9.99568E-1 9.98766E-1 9.98832E-1 9.9626E-1 9.98372E-1 9.99465E-1 9.99413E-1 9.96992E-1 9.94747E-1 9.98861E-1 9.95063E-1 9.73402E-1 9.8028E-1 9.73287E-1 9.89241E-1 9.99062E-1 9.99548E-1 9.99907E-1 9.99911E-1 9.99951E-1 9.99872E-1 9.99785E-1 9.97895E-1 9.95982E-1 9.99054E-1 9.97448E-1 9.99601E-1 9.99973E-1 9.99985E-1 9.99991E-1 9.99997E-1 9.99999E-1 9.99993E-1 9.99987E-1 9.99988E-1 9.99988E-1 9.99987E-1 1E0 9.99999E-1 1E0 1E0 1E0 9.99999E-1 9.99999E-1 9.99989E-1 9.99997E-1 9.99997E-1 9.99999E-1 1E0 9.99994E-1 1E0 9.99997E-1 9.99995E-1 9.99956E-1
-9999 -9999 -9999 -9999 -9999 -9999 -9999 -9999 -9999 -9999 -9999 9.98581E-1 9.98983E-1 9.99045E-1 9.99686E-1 9.99014E-1 9.98851E-1 9.98399E-1 9.96846E-1 9.93646E-1 9.99582E-1 9.99806E-1 9.97061E-1 9.97013E-1 9.93087E-1 9.934E-1 9.89644E-1 9.92503E-1 9.70278E-1 9.83805E-1 9.98581E-1 9.99877E-1 9.99869E-1 9.99846E-1 9.99766E-1 9.99979E-1 9.9988E-1 9.99847E-1 9.99795E-1 9.99972E-1 9.99968E-1 9.99969E-1 9.99997E-1 9.99952E-1 9.99865E-1 9.99962E-1 9.99999E-1 9.99997E-1 9.99995E-1 9.99999E-1 1E0 9.99998E-1 9.99999E-1 9.99999E-1 9.99999E-1 9.99999E-1 1E0 1E0 9.99998E-1 9.99997E-1 9.99986E-1 9.99997E-1 9.99986E-1 9.99992E-1 9.99998E-1 9.99999E-1 9.99994E-1 9.99997E-1 1E0
-9999 -9999 -9999 -9999 -9999 -9999 -9999 -9999 -9999 -9999 9.99492E-1 9.99991E-1 9.99732E-1 9.99768E-1 9.99653E-1 9.9984E-1 9.99384E-1 9.99861E-1 9.98481E-1 9.8994E-1 9.9708E-1 9.98661E-1 9.92898E-1 9.93177E-1 9.89776E-1 9.95417E-1 9.9129E-1 9.94861E-1 9.89994E-1 9.99138E-1 9.99584E-1 9.99897E-1 9.99967E-1 9.99958E-1 9.99944E-1 9.99928E-1 9.99486E-1 9.9998E-1 9.99987E-1 9.99986E-1 9.99997E-1 9.99996E-1 9.99985E-1 9.99992E-1 9.99985E-1 9.99985E-1 9.99998E-1 9.99999E-1 9.99972E-1 9.99996E-1 9.99998E-1 1E0 9.99997E-1 9.99999E-1 1E0 1E0 1E0 1E0 9.99997E-1 9.99997E-1 9.99992E-1 1E0 9.99999E-1 9.99999E-1 9.99999E-1 9.99999E-1 9.99979E-1 9.99998E-1 9.99998E-1
-9999 -9999 -9999 -9999 -9999 -9999 -9999 -9999 -9999 -9999 9.9946E-1 9.99972E-1 9.99926E-1 9.98889E-1 9.99656E-1 9.99617E-1 9.99856E-1 9.99736E-1 9.99137E-1 9.94791E-1 9.84451E-1 9.94115E-1 9.89048E-1 9.82441E-1 9.87047E-1 9.87829E-1 9.89959E-1 9.95168E-1 9.9134E-1 9.98088E-1 9.99841E-1 9.99849E-1 9.99E-1 9.98549E-1 9.99866E-1 9.99942E-1 9.99975E-1 9.99971E-1 9.99975E-1 9.99981E-1 9.99997E-1 9.99969E-1 9.9997E-1 9.99975E-1 9.99999E-1 9.99999E-1 9.99984E-1 1E0 9.99999E-1 9.99995E-1 9.99999E-1 9.99999E-1 1E0 9.99999E-1 9.99996E-1 9.99998E-1 1E0 9.99999E-1 1E0 9.99999E-1 1E0 1E0 9.99999E-1 1E0 9.99999E-1 1E0 9.99998E-1 1E0 9.99997E-1
-9999 -9999 -9999 -9999 -9999 -9999 -9999 -9999 -9999 9.98591E-1 9.9922E-1 9.99849E-1 9.99675E-1 9.98041E-1 9.98215E-1 9.99478E-1 9.98739E-1 9.98203E-1 9.95875E-1 9.96849E-1 9.96532E-1 9.96196E-1 9.78997E-1 9.89453E-1 9.85505E-1 9.93966E-1 9.93661E-1 9.95008E-1 9.9549E-1 9.98525E-1 9.99928E-1 9.99957E-1 9.9993E-1 9.99966E-1 9.99954E-1 9.99865E-1 9.99958E-1 9.99981E-1 9.99999E-1 9.99985E-1 9.99992E-1 9.9999E-1 9.99989E-1 9.99995E-1 9.99988E-1 9.99999E-1 9.99996E-1 9.99994E-1 9.99991E-1 9.99997E-1 9.99997E-1 1E0 9.99999E-1 9.99999E-1 9.99997E-1 1E0 1E0 9.99999E-1 1E0 1E0 1E0 1E0 1E0 1E0 1E0 1E0 1E0 1E0 1E0
-9999 -9999 -9999 -9999 -9999 -9999 -9999 -9999 9.99642E-1 9.97452E-1 9.85692E-1 9.9611E-1 9.98586E-1 9.93824E-1 9.95391E-1 9.95631E-1 9.97078E-1 9.9908E-1 9.98803E-1 9.97116E-1 9.97104E-1 9.94703E-1 9.73197E-1 9.80559E-1 9.74448E-1 9.81274E-1 9.88785E-1 9.9148E-1 9.95798E-1 9.99037E-1 9.99915E-1 9.99758E-1 9.99926E-1 9.99927E-1 9.99964E-1 9.99948E-1 9.99935E-1 9.99995E-1 9.99999E-1 9.99999E-1 9.99987E-1 9.99991E-1 9.99992E-1 9.99983E-1 9.99996E-1 9.99978E-1 9.99986E-1 9.99981E-1 9.99991E-1 9.99999E-1 9.99995E-1 9.99994E-1 9.99998E-1 9.99998E-1 1E0 1E0 9.99999E-1 9.99997E-1 1E0 1E0 1E0 9.99999E-1 1E0 1E0 1E0 1E0 1E0 1E0 9.99999E-1
-9999 -9999 -9999 -9999 -9999 -9999 -9999 -9999 9.95983E-1 9.98656E-1 9.89591E-1 9.97675E-1 9.95429E-1 9.98568E-1 9.93718E-1 9.91466E-1 9.99851E-1 9.99292E-1 9.98262E-1 9.88072E-1 9.93558E-1 9.99362E-1 9.9492E-1 9.89371E-1 9.9154E-1 9.85934E-1 9.87453E-1 9.89207E-1 9.89935E-1 9.99358E-1 9.99851E-1 9.99488E-1 9.99966E-1 9.9994E-1 9.99944E-1 9.99967E-1 9.99988E-1 9.99998E-1 9.9997E-1 9.99934E-1 9.99929E-1 9.99991E-1 9.99974E-1 9.99994E-1 9.99998E-1 9.99999E-1 9.99999E-1 9.99983E-1 9.99991E-1 9.99988E-1 9.99999E-1 9.99998E-1 9.99999E-1 9.99999E-1 9.99999E-1 1E0 1E0 1E0 1E0 1E0 1E0 1E0 9.99981E-1 9.9999E-1 9.99999E-1 9.99999E-1 1E0 1E0 1E0
-9999 -9999 -9999 -9999 -9999 -9999 -9999 -9999 9.97573E-1 9.96377E-1 9.95243E-1 9.99348E-1 9.94636E-1 9.98343E-1 9.90632E-1 9.95129E-1 9.83855E-1 9.86351E-1 9.95515E-1 9.95834E-1 9.93352E-1 9.94557E-1 9.95917E-1 9.7387E-1 9.90317E-1 9.74006E-1 9.95712E-1 9.96936E-1 9.97636E-1 9.98348E-1 9.99906E-1 9.99907E-1 9.99857E-1 9.99966E-1 9.99946E-1 9.99942E-1 9.99981E-1 9.99995E-1 9.99956E-1 9.99931E-1 9.99969E-1 9.99928E-1 9.99926E-1 9.99978E-1 9.99986E-1 9.99971E-1 9.99983E-1 9.99988E-1 9.9997E-1 9.99995E-1 9.99994E-1 1E0 9.99999E-1 9.99999E-1 9.99999E-1 9.99999E-1 1E0 9.99999E-1 9.99999E-1 9.99999E-1 9.99999E-1 1E0 9.99999E-1 9.99999E-1 9.99998E-1 9.99999E-1 9.99998E-1 1E0 1E0
-9999 -9999 -9999 -9999 -9999 -9999 -9999 9.54585E-1 9.6297E-1 9.87082E-1 9.93471E-1 9.88247E-1 9.54916E-1 9.80785E-1 9.8498E-1 9.88847E-1 9.91958E-1 9.90987E-1 9.80028E-1 9.96474E-1 9.97129E-1 9.98187E-1 9.81335E-1 9.90547E-1 9.81719E-1 9.93727E-1 9.94317E-1 9.9593E-1 9.95899E-1 9.99758E-1 9.99989E-1 9.99988E-1 9.99976E-1 9.99935E-1 9.9995E-1 9.99765E-1 9.99788E-1 9.99993E-1 9.99962E-1 9.99963E-1 9.99938E-1 9.99909E-1 9.99908E-1 9.99965E-1 9.99993E-1 9.99998E-1 9.99998E-1 9.99995E-1 9.99996E-1 9.99995E-1 9.99999E-1 1E0 9.99999E-1 1E0 1E0 9.99999E-1 1E0 9.99999E-1 9.99999E-1 9.99999E-1 9.99999E-1 9.99999E-1 9.99998E-1 1E0 9.99999E-1 9.99999E-1 1E0 1E0 9.99999E-1
-9999 -9999 -9999 -9999 -9999 -9999 -9999 9.50607E-1 9.51957E-1 9.50657E-1 9.75266E-1 9.77326E-1 9.75319E-1 9.83767E-1 9.91641E-1 9.91519E-1 9.94046E-1 9.92792E-1 9.93148E-1 9.86419E-1 9.94972E-1 9.9748E-1 9.8211E-1 9.9019E-1 9.96105E-1 9.90601E-1 9.96302E-1 9.97886E-1 9.98079E-1 9.99609E-1 9.99961E-1 9.99928E-1 9.99876E-1 9.9974E-1 9.99851E-1 9.9991E-1 9.99977E-1 9.99676E-1 9.99993E-1 9.99983E-1 9.99693E-1 9.9995E-1 9.9999E-1 9.99963E-1 9.99996E-1 9.99998E-1 9.99998E-1 9.99996E-1 9.99987E-1 9.99989E-1 9.99991E-1 1E0 9.99999E-1 9.99999E-1 1E0 9.99998E-1 1E0 1E0 1E0 1E0 9.99999E-1 9.99998E-1 9.99999E-1 1E0 1E0 1E0 1E0 1E0 1E0
-9999 -9999 -9999 -9999 -9999 -9999 9.78751E-1 9.77585E-1 9.73258E-1 9.75536E-1 9.78492E-1 9.4301E-1 9.84744E-1 9.9102E-1 9.92059E-1 9.94309E-1 9.99243E-1 9.95061E-1 9.85224E-1 9.82043E-1 9.8804E-1 9.98023E-1 9.91993E-1 9.91672E-1 9.9374E-1 9.86587E-1 9.95498E-1 9.957E-1 9.98681E-1 9.99865E-1 9.99963E-1 9.9988E-1 9.99651E-1 9.99717E-1 9.99826E-1 9.99945E-1 9.99975E-1 9.99918E-1 9.99974E-1 9.99998E-1 9.99681E-1 9.99982E-1 9.99976E-1 9.99956E-1 9.99999E-1 9.99996E-1 9.99996E-1 9.99995E-1 9.99988E-1 9.99987E-1 9.99988E-1 9.99999E-1 9.99999E-1 9.99999E-1 9.99999E-1 9.99999E-1 1E0 1E0 1E0 1E0 1E0 9.99999E-1 9.99999E-1 1E0 9.99998E-1 9.99997E-1 1E0 9.99999E-1 1E0
-9999 -9999 -9999 -9999 -9999 -9999 9.54954E-1 9.56365E-1 9.60835E-1 9.48712E-1 9.5459E-1 9.8354E-1 9.64406E-1 9.728E-1 9.80223E-1 9.68112E-1 9.95465E-1 9.7988E-1 9.87471E-1 9.91296E-1 9.95228E-1 9.98272E-1 9.96039E-1 9.95973E-1 9.90506E-1 9.88599E-1 9.93894E-1 9.95329E-1 9.98193E-1 9.99904E-1 9.9996E-1 9.99928E-1 9.99991E-1 9.99984E-1 9.99958E-1 9.99872E-1 9.99942E-1 9.99872E-1 9.9992E-1 9.99844E-1 9.99872E-1 9.99936E-1 9.9998E-1 9.99931E-1 9.99987E-1 9.99997E-1 9.99997E-1 9.99975E-1 9.99987E-1 9.99926E-1 9.99989E-1 9.99998E-1 9.99998E-1 9.99999E-1 1E0 1E0 1E0 1E0 1E0 9.99999E-1 1E0 1E0 1E0 1E0 9.99999E-1 9.99999E-1 1E0 1E0 9.99999E-1
-9999 -9999 -9999 -9999 -9999 9.60357E-1 9.09203E-1 9.27139E-1 9.16784E-1 8.96907E-1 9.41795E-1 9.70534E-1 9.73367E-1 9.48179E-1 9.67657E-1 9.472E-1 9.85136E-1 9.83907E-1 9.85276E-1 9.95204E-1 9.9028E-1 9.941E-1 9.96929E-1 9.99591E-1 9.98567E-1 9.92515E-1 9.8533E-1 9.92551E-1 9.99552E-1 9.99879E-1 9.99967E-1 9.99874E-1 9.99961E-1 9.99952E-1 9.9996E-1 9.99954E-1 9.99715E-1 9.99972E-1 9.99865E-1 9.99884E-1 9.99976E-1 9.99915E-1 9.99965E-1 9.99967E-1 9.99667E-1 9.99889E-1 9.99921E-1 9.99985E-1 9.99914E-1 9.9985E-1 9.99993E-1 9.99997E-1 9.99992E-1 1E0 1E0 9.99999E-1 1E0 1E0 9.99999E-1 9.99999E-1 1E0 1E0 1E0 9.99999E-1 1E0 1E0 9.99999E-1 1E0 9.99999E-1
-9999 -9999 -9999 -9999 -9999 9.44419E-1 9.09791E-1 9.05229E-1 9.34146E-1 9.26957E-1 9.02167E-1 9.74744E-1 9.70714E-1 9.49373E-1 9.53179E-1 9.80028E-1 9.69631E-1 9.78382E-1 9.92025E-1 9.98405E-1 9.96781E-1 9.97572E-1 9.96833E-1 9.99033E-1 9.995E-1 9.97801E-1 9.98337E-1 9.99178E-1 9.99956E-1 9.99953E-1 9.99908E-1 9.99907E-1 9.99513E-1 9.99499E-1 9.99901E-1 9.99944E-1 9.99944E-1 9.99519E-1 9.99945E-1 9.99966E-1 9.99993E-1 9.99967E-1 9.99897E-1 9.99949E-1 9.99914E-1 9.99871E-1 9.99902E-1 9.99974E-1 9.9982E-1 9.99799E-1 9.99984E-1 9.99991E-1 9.99996E-1 9.99999E-1 1E0 1E0 1E0 1E0 9.99999E-1 1E0 1E0 1E0 1E0 1E0 9.99999E-1 1E0 9.99998E-1 9.99994E-1 1E0
-9999 -9999 -9999 -9999 -9999 9.65062E-1 9.13504E-1 8.11768E-1 8.19598E-1 9.71051E-1 9.51143E-1 9.82866E-1 9.98714E-1 9.91452E-1 9.79903E-1 9.84721E-1 9.89279E-1 9.89015E-1 9.89284E-1 9.65157E-1 9.34972E-1 9.89693E-1 9.8632E-1 9.98446E-1 9.98849E-1 9.99453E-1 9.99759E-1 9.99879E-1 9.99971E-1 9.9998E-1 9.99953E-1 9.99932E-1 9.99882E-1 9.99896E-1 9.99234E-1 9.99499E-1 9.99108E-1 9.99824E-1 9.9971E-1 9.99869E-1 9.99995E-1 9.99994E-1 9.99943E-1 9.99904E-1 9.99969E-1 9.99968E-1 9.99962E-1 9.99997E-1 9.99997E-1 9.99988E-1 9.99993E-1 1E0 1E0 9.99999E-1 1E0 1E0 1E0 9.99999E-1 1E0 9.99999E-1 1E0 1E0 1E0 1E0 9.99999E-1 9.99999E-1 9.99998E-1 9.99999E-1 9.99998E-1
-9999 -9999 -9999 -9999 -9999 8.96602E-1 9.19996E-1 8.88603E-1 9.0199E-1 9.60576E-1 9.70431E-1 9.46866E-1 9.96203E-1 9.95485E-1 9.92351E-1 9.86874E-1 9.94859E-1 9.9547E-1 9.89114E-1 9.77589E-1 9.80073E-1 9.82642E-1 9.92833E-1 9.94321E-1 9.97173E-1 9.98991E-1 9.99886E-1 9.99969E-1 9.99997E-1 9.99989E-1 9.99974E-1 9.99839E-1 9.99946E-1 9.99969E-1 9.99957E-1 9.99786E-1 9.98919E-1 9.99658E-1 9.99818E-1 9.99886E-1 9.99979E-1 9.99992E-1 9.99887E-1 9.99868E-1 9.99983E-1 9.99997E-1 9.99996E-1 9.99991E-1 9.99996E-1 9.99995E-1 9.99997E-1 9.99999E-1 9.99999E-1 9.99998E-1 9.99988E-1 1E0 1E0 1E0 1E0 1E0 1E0 1E0 1E0 9.99999E-1 9.99999E-1 9.99999E-1 1E0 9.99999E-1 9.99999E-1
-9999 -9999 -9999 -9999 9.27513E-1 9.23318E-1 9.64844E-1 9.15175E-1 8.76247E-1 9.6936E-1 9.8039E-1 9.43085E-1 9.86129E-1 9.68536E-1 9.82908E-1 9.77507E-1 9.8066E-1 9.95413E-1 9.90765E-1 9.79037E-1 9.86831E-1 9.90719E-1 9.85833E-1 9.65193E-1 9.90794E-1 9.9185E-1 9.99472E-1 9.99962E-1 9.99988E-1 9.99997E-1 9.99977E-1 9.99992E-1 9.99977E-1 9.99936E-1 9.99814E-1 9.99744E-1 9.99672E-1 9.99459E-1 9.99626E-1 9.99817E-1 9.99885E-1 9.99959E-1 9.99901E-1 9.99784E-1 9.99992E-1 9.99996E-1 9.99997E-1 9.99999E-1 9.99994E-1 9.99986E-1 9.99992E-1 9.99999E-1 9.99996E-1 9.99996E-1 9.99984E-1 9.99998E-1 1E0 1E0 1E0 1E0 1E0 1E0 9.99991E-1 9.99998E-1 9.99997E-1 9.99999E-1 9.99999E-1 1E0 9.99999E-1
-9999 -9999 -9999 -9999 9.71017E-1 9.6518E-1 9.3613E-1 8.60868E-1 8.19923E-1 8.69764E-1 9.75012E-1 9.6452E-1 9.25809E-1 9.51768E-1 9.77414E-1 9.74141E-1 9.91452E-1 9.88227E-1 9.90249E-1 9.83903E-1 9.80497E-1 9.73635E-1 9.69905E-1 9.89512E-1 9.89811E-1 9.96131E-1 9.99256E-1 9.99922E-1 9.99956E-1 9.99971E-1 9.99986E-1 9.99994E-1 9.99988E-1 9.99947E-1 9.99801E-1 9.99636E-1 9.99903E-1 9.99479E-1 9.99831E-1 9.99745E-1 9.99896E-1 9.99968E-1 9.99954E-1 9.99957E-1 9.99979E-1 9.99995E-1 9.99995E-1 9.99994E-1 9.99996E-1 9.99997E-1 9.99996E-1 9.99998E-1 9.99997E-1 9.99995E-1 9.99999E-1 9.99999E-1 1E0 1E0 1E0 1E0 1E0 1E0 1E0 9.99999E-1 9.99999E-1 9.99999E-1 9.99999E-1 9.99999E-1 9.99999E-1
-9999 -9999 -9999 -9999 9.3045E-1 9.01705E-1 9.6643E-1 9.56749E-1 9.26004E-1 8.94696E-1 9.45944E-1 9.29532E-1 9.78625E-1 9.87555E-1 9.76064E-1 9.69121E-1 9.76133E-1 9.87523E-1 9.94553E-1 9.82292E-1 9.86614E-1 9.86738E-1 9.72956E-1 9.75875E-1 9.89522E-1 9.969E-1 9.99888E-1 9.99956E-1 9.9999E-1 9.99962E-1 9.99921E-1 9.9993E-1 9.99984E-1 9.99948E-1 9.99658E-1 9.99831E-1 9.99949E-1 9.99893E-1 9.99882E-1 9.99365E-1 9.99947E-1 9.99993E-1 9.99931E-1 9.99925E-1 9.99985E-1 9.99993E-1 9.99997E-1 9.99987E-1 9.99995E-1 9.99994E-1 9.99997E-1 9.99998E-1 9.99993E-1 9.99994E-1 9.99998E-1 9.99998E-1 9.99999E-1 1E0 1E0 1E0 1E0 9.99999E-1 1E0 9.99999E-1 1E0 1E0 9.99997E-1 1E0 1E0
