ENM/Final_Models/M_2_F_q_Set_1_E/Gustavia_santanderiensis_2_Choco.asc
ncols         367
nrows         963
xllcorner     -78.6
yllcorner     0.65
cellsize      0.00833333333333323
NODATA_value  -9999
[rows 124 to 154 of 963, columns 207 to 275 of 367]
4.53808E-2 1.31983E-1 6.16587E-2 8.14404E-2 6.27472E-2 1.19411E-1 6.62151E-2 1.48875E-1 1.57965E-1 1.63433E-1 1.03197E-1 1.14639E-1 1.07787E-1 2.46431E-1 2.82239E-1 2.87516E-1 1.23661E-1 1.87292E-1 3.62962E-1 3.68255E-1 3.62954E-1 3.43631E-1 4.80562E-1 3.73913E-1 4.04332E-1 5.75193E-1 8.5034E-1 7.04463E-1 7.14166E-1 3.52036E-1 2.69538E-1 2.717E-1 4.25462E-1 7.21296E-1 6.27603E-1 5.77759E-1 5.34338E-1 3.93677E-1 4.43847E-1 1.35576E-1 7.05935E-2 1.07813E-1 1.02852E-1 6.69036E-2 2.5593E-2 8.77403E-3 1.34193E-2 5.65241E-2 1.51144E-1 2.58897E-1 5.7615E-1 2.08302E-1 1.41725E-1 1.5094E-1 2.469E-1 -9999 -9999 -9999 -9999 -9999 3.72845E-1 3.40977E-1 3.08798E-1 2.21607E-1 2.06573E-1 9.79933E-2 -9999 -9999 -9999
8.89691E-2 5.16487E-2 6.74391E-2 1.94765E-2 7.52495E-2 8.98737E-2 1.64881E-1 1.62285E-1 1.7054E-1 2.93714E-1 6.68818E-2 7.32342E-2 5.81237E-2 1.63722E-1 2.75804E-1 2.25075E-1 1.74252E-1 1.86232E-1 3.36781E-1 5.0277E-1 3.67837E-1 4.32886E-1 3.94846E-1 3.33963E-1 3.92196E-1 6.75361E-1 7.46685E-1 7.70817E-1 8.95852E-1 5.85385E-1 4.13612E-1 2.97912E-1 4.88719E-1 6.18942E-1 6.31E-1 5.78465E-1 3.78789E-1 3.64069E-1 4.61657E-1 4.28909E-1 7.70613E-2 5.97384E-2 7.07411E-2 3.04019E-2 6.53215E-2 2.49841E-2 1.12038E-1 2.79465E-2 2.40941E-1 6.49976E-1 3.20765E-1 2.64603E-1 2.16956E-1 1.1015E-1 1.53487E-1 1.65033E-1 -9999 -9999 -9999 -9999 4.4675E-1 2.9192E-1 3.17118E-1 2.78689E-1 1.44242E-1 1.03023E-1 -9999 -9999 -9999
1.19896E-1 1.07599E-1 9.631E-2 1.82978E-1 1.45684E-1 1.59123E-1 3.51568E-1 3.15332E-1 3.39138E-1 2.9887E-1 7.98776E-2 9.9351E-2 8.2532E-2 7.56866E-2 2.64857E-1 2.72403E-1 2.07437E-1 2.26781E-1 2.57144E-1 2.39958E-1 2.63179E-1 2.8629E-1 3.14624E-1 7.0321E-1 7.03666E-1 8.05735E-1 7.55125E-1 8.55986E-1 9.00854E-1 6.047E-1 5.32304E-1 3.16781E-1 3.71152E-1 5.60543E-1 5.68685E-1 3.56237E-1 3.22945E-1 3.47876E-1 5.54437E-1 2.21518E-1 1.23638E-1 1.82141E-1 7.74246E-2 6.25853E-2 4.20563E-2 1.28295E-1 1.06403E-1 1.6395E-1 3.48016E-1 4.92548E-1 1.57666E-1 1.48483E-1 2.90348E-1 1.72766E-1 2.30867E-1 2.40775E-1 -9999 -9999 -9999 5.41963E-1 4.23772E-1 3.18927E-1 1.78344E-1 1.98272E-1 4.51801E-1 2.77177E-1 -9999 -9999 3.2232E-2
8.47629E-2 1.28732E-1 9.46769E-2 1.75881E-1 2.90242E-1 2.25981E-1 3.25689E-1 2.95646E-1 4.54021E-1 3.78202E-1 2.33066E-1 3.12017E-1 1.10182E-1 4.86746E-2 2.18263E-1 2.63963E-1 3.20764E-1 2.60738E-1 2.73076E-1 3.02689E-1 1.82709E-1 2.00416E-1 2.56608E-1 4.82968E-1 5.53649E-1 8.03734E-1 6.17203E-1 9.03771E-1 9.39225E-1 6.56939E-1 5.60531E-1 4.50316E-1 2.93932E-1 3.01904E-1 3.77505E-1 5.62887E-1 5.28781E-1 3.43332E-1 3.33608E-1 3.61991E-1 2.33779E-1 1.43137E-1 8.58258E-2 7.28764E-2 4.64534E-2 1.11645E-1 9.86686E-2 1.39632E-1 3.18045E-1 5.15722E-1 4.88823E-1 3.74313E-1 2.32998E-1 1.60271E-1 1.76004E-1 2.24315E-1 1.63631E-1 -9999 -9999 5.144E-1 4.0084E-1 2.82017E-1 1.53727E-1 1.63492E-1 2.67272E-1 2.97255E-1 -9999 -9999 6.52236E-2
6.72542E-2 1.40183E-1 1.47746E-1 1.97408E-1 1.84572E-1 2.09532E-1 2.23704E-1 2.52928E-1 1.61644E-1 5.40344E-1 3.46065E-1 2.31333E-1 1.61442E-1 8.61751E-2 1.18534E-1 2.6775E-1 1.70847E-1 2.79358E-1 1.60624E-1 2.30794E-1 1.75277E-1 2.17686E-1 2.38606E-1 4.15369E-1 3.73084E-1 4.66578E-1 8.68703E-1 9.01643E-1 9.36295E-1 7.65257E-1 5.54772E-1 4.46919E-1 3.3757E-1 3.01922E-1 3.97766E-1 3.73937E-1 4.40906E-1 3.00963E-1 4.4056E-1 4.27248E-1 1.03237E-1 1.34755E-1 9.58864E-2 3.29234E-2 3.83796E-2 8.33034E-2 7.37398E-2 1.80255E-1 2.49807E-1 3.65614E-1 4.61235E-1 4.50237E-1 4.69208E-1 3.26558E-1 1.98758E-1 2.2309E-1 1.45381E-1 -9999 -9999 2.19612E-1 3.41368E-1 3.64719E-1 3.02371E-1 2.31488E-1 1.52393E-1 2.36161E-1 1.59323E-1 4.04321E-2 3.18222E-2
1.37688E-1 1.45437E-1 1.69778E-1 1.76837E-1 4.06945E-1 3.45414E-1 2.33627E-1 3.84929E-1 3.57105E-1 3.20314E-1 3.10242E-1 4.2834E-1 3.15205E-1 1.39684E-1 1.31545E-1 1.53519E-1 2.64745E-1 1.64877E-1 1.631E-1 1.86647E-1 2.5702E-1 3.66915E-1 3.76848E-1 4.53772E-1 5.80885E-1 6.09822E-1 6.30608E-1 5.97668E-1 9.15859E-1 6.26002E-1 6.94423E-1 6.89073E-1 3.80436E-1 4.1109E-1 2.98126E-1 3.41878E-1 4.65763E-1 3.64839E-1 5.75322E-1 5.08264E-1 1.7906E-1 1.24267E-1 9.79841E-2 7.83268E-2 9.05743E-2 7.06688E-2 1.96538E-1 1.6953E-1 1.33793E-1 2.10462E-1 3.43433E-1 2.82982E-1 2.94277E-1 3.95974E-1 4.32747E-1 2.62065E-1 1.86637E-1 -9999 -9999 1.96557E-1 2.44108E-1 3.20466E-1 3.08045E-1 3.02184E-1 1.75368E-1 2.77013E-1 1.54107E-1 3.30646E-2 3.86719E-2
9.25787E-2 3.84381E-1 3.78706E-1 4.66202E-1 4.11804E-1 2.94263E-1 2.48451E-1 4.20443E-1 3.01736E-1 3.56092E-1 2.93429E-1 3.25817E-1 2.78856E-1 2.06363E-1 3.22108E-1 1.85673E-1 1.58407E-1 9.68039E-2 9.59018E-2 9.83748E-2 1.92363E-1 3.21398E-1 5.58383E-1 5.75283E-1 3.44023E-1 5.80883E-1 6.2974E-1 8.19373E-1 9.32177E-1 7.39359E-1 6.61728E-1 6.3755E-1 4.56865E-1 3.70135E-1 4.9285E-1 4.86534E-1 4.7712E-1 3.67546E-1 5.1213E-1 3.80194E-1 1.73151E-1 8.40847E-2 6.22346E-2 2.48534E-2 3.42589E-2 4.0645E-2 2.26536E-1 2.48798E-1 1.06308E-1 9.70292E-2 1.67108E-1 2.67462E-1 3.57755E-1 4.09342E-1 3.97712E-1 3.1565E-1 2.45461E-1 1.5906E-1 -9999 1.25714E-1 1.90844E-1 1.52236E-1 1.47827E-1 2.34746E-1 2.0326E-1 1.98938E-1 8.67392E-2 1.03167E-1 6.05831E-2
1.06582E-1 1.818E-1 1.09776E-1 3.3187E-1 2.23437E-1 3.75674E-1 3.56418E-1 2.28735E-1 2.26562E-1 3.56793E-1 2.82092E-1 1.87715E-1 2.14285E-1 2.97433E-1 2.9642E-1 1.33802E-1 2.78546E-1 2.2874E-1 2.07675E-1 8.38627E-2 9.69579E-2 2.49114E-1 4.37961E-1 6.54797E-1 5.39129E-1 5.04162E-1 8.17307E-1 8.43084E-1 7.72197E-1 8.57341E-1 9.14907E-1 7.31572E-1 5.17822E-1 3.58649E-1 3.03528E-1 3.96009E-1 5.6596E-1 5.14593E-1 5.92662E-1 4.63969E-1 3.11002E-1 8.38934E-2 1.04184E-1 6.26815E-2 3.97864E-2 6.33805E-2 1.14894E-1 9.46237E-2 1.5823E-1 1.49064E-1 1.40232E-1 8.37748E-2 2.46055E-1 3.80444E-1 3.60262E-1 2.84119E-1 2.27191E-1 2.59857E-1 -9999 -9999 2.59633E-1 1.70149E-1 1.83393E-1 2.22106E-1 3.84967E-1 2.85141E-1 1.07598E-1 2.71153E-1 1.89221E-1
2.61122E-1 3.30014E-1 2.94278E-1 2.09073E-1 1.9854E-1 3.50185E-1 3.5929E-1 1.82085E-1 1.92618E-1 1.57939E-1 2.46909E-1 1.51727E-1 1.49514E-1 1.34677E-1 1.98404E-1 2.05465E-1 3.37411E-1 1.8083E-1 2.65792E-1 2.27185E-1 3.3657E-1 7.61124E-1 7.6878E-1 7.06548E-1 5.71372E-1 6.04837E-1 7.76049E-1 8.75377E-1 9.33821E-1 7.61493E-1 7.38039E-1 6.96708E-1 6.51817E-1 6.3299E-1 6.22021E-1 6.74849E-1 6.71194E-1 6.72925E-1 7.43804E-1 6.85435E-1 2.77378E-1 1.67184E-1 5.78745E-2 6.93592E-2 8.02557E-2 1.25365E-1 1.35023E-1 1.53459E-1 1.7252E-1 3.4603E-1 1.45227E-1 1.42561E-1 8.39145E-2 1.85951E-1 2.20581E-1 4.25471E-1 4.68081E-1 3.20783E-1 3.91295E-1 -9999 3.17247E-1 2.11626E-1 2.08417E-1 2.61852E-1 2.43059E-1 3.42716E-1 2.12224E-1 3.09759E-1 1.54813E-1
2.03231E-1 2.58279E-1 2.22983E-1 2.56542E-1 4.4299E-1 4.12694E-1 3.34757E-1 3.90995E-1 4.14924E-1 1.97273E-1 2.7336E-1 2.6812E-1 2.55868E-1 2.3264E-1 2.34825E-1 2.1073E-1 2.53448E-1 3.42618E-1 4.15415E-1 3.31014E-1 5.55321E-1 8.43678E-1 7.03693E-1 7.72284E-1 7.51903E-1 7.83451E-1 9.68759E-1 9.39756E-1 8.7225E-1 7.8145E-1 8.77017E-1 8.25884E-1 8.02952E-1 7.62132E-1 8.1146E-1 8.57932E-1 6.26206E-1 6.86728E-1 6.47615E-1 7.12788E-1 4.9848E-1 2.49161E-1 9.5528E-2 3.70929E-2 6.26142E-2 7.37293E-2 9.19432E-2 9.63842E-2 1.81868E-1 1.26133E-1 2.12833E-1 2.34388E-1 2.10494E-1 1.37371E-1 1.75335E-1 2.18002E-1 5.49143E-1 4.96466E-1 4.02787E-1 -9999 -9999 2.80951E-1 2.10808E-1 2.36073E-1 3.05475E-1 2.22518E-1 2.03635E-1 2.63963E-1 2.98632E-1
3.12357E-1 2.84478E-1 2.12031E-1 2.9687E-1 2.27406E-1 2.01567E-1 1.78795E-1 3.9648E-1 4.43025E-1 1.65607E-1 3.80793E-1 3.48629E-1 3.03099E-1 2.74652E-1 2.74993E-1 2.83157E-1 2.08097E-1 3.7653E-1 3.68796E-1 4.17902E-1 3.37566E-1 6.1816E-1 7.41967E-1 6.37448E-1 9.26461E-1 8.46524E-1 9.71798E-1 9.66173E-1 9.56401E-1 8.54121E-1 9.45116E-1 8.90268E-1 8.57637E-1 8.18247E-1 9.55397E-1 9.03295E-1 7.00613E-1 8.66687E-1 8.86612E-1 8.25315E-1 6.47228E-1 1.78764E-1 1.15936E-1 4.61385E-2 3.30582E-2 4.38881E-2 6.32138E-2 5.94308E-2 1.98633E-1 6.20729E-2 1.85851E-1 2.57357E-1 3.5197E-1 1.45296E-1 1.45816E-1 1.71684E-1 4.79131E-1 4.22856E-1 6.09687E-1 -9999 -9999 -9999 2.02131E-1 2.77152E-1 3.21173E-1 3.42306E-1 2.29009E-1 3.05812E-1 1.71714E-1
3.39513E-1 4.1124E-1 2.43973E-1 3.20954E-1 2.78103E-1 3.42175E-1 6.72721E-1 7.17885E-1 8.02704E-1 4.7806E-1 2.25162E-1 3.78158E-1 3.20334E-1 2.51253E-1 2.30499E-1 2.23541E-1 2.30981E-1 2.44516E-1 3.19959E-1 3.19607E-1 3.24701E-1 5.36556E-1 7.46174E-1 8.55512E-1 9.22702E-1 8.96718E-1 9.45957E-1 9.65493E-1 9.05547E-1 7.8245E-1 9.4136E-1 8.06612E-1 8.21321E-1 9.21329E-1 7.55399E-1 9.73849E-1 7.73453E-1 5.89934E-1 6.27723E-1 6.53936E-1 6.10494E-1 2.05854E-1 1.15354E-1 4.796E-2 4.73757E-2 2.0549E-2 1.80721E-2 1.97998E-2 4.34078E-2 6.89177E-2 1.87543E-1 2.35657E-1 2.51923E-1 2.52353E-1 1.42098E-1 1.61628E-1 4.1987E-1 5.27849E-1 6.39266E-1 5.31887E-1 -9999 -9999 -9999 3.64819E-1 3.86639E-1 3.51709E-1 1.87864E-1 2.05402E-1 1.77938E-1
4.12767E-1 6.82597E-1 7.16045E-1 4.0256E-1 2.79501E-1 3.99209E-1 7.75676E-1 7.37147E-1 8.32177E-1 4.90445E-1 1.99663E-1 2.54985E-1 3.76803E-1 3.23263E-1 2.10278E-1 1.26324E-1 1.42956E-1 2.32169E-1 3.86098E-1 3.75186E-1 5.7066E-1 6.20628E-1 7.78614E-1 6.96882E-1 8.10654E-1 8.3048E-1 8.29567E-1 9.04405E-1 9.08142E-1 9.06384E-1 9.06237E-1 7.97693E-1 7.60577E-1 5.54432E-1 2.48386E-1 3.80278E-1 6.15336E-1 6.3057E-1 4.89255E-1 5.64706E-1 6.03023E-1 4.85443E-1 2.21406E-1 9.28139E-2 5.88215E-2 2.4837E-2 1.67891E-2 1.28875E-2 8.55857E-3 2.31665E-2 1.20829E-1 8.60782E-2 6.38735E-2 2.44802E-1 2.49952E-1 1.71035E-1 4.69725E-1 5.13273E-1 4.39618E-1 3.04562E-1 2.78064E-1 -9999 -9999 3.98584E-1 4.15501E-1 4.19513E-1 2.17211E-1 2.81787E-1 3.87701E-1
7.32163E-1 7.24111E-1 7.85008E-1 5.51643E-1 6.50357E-1 6.1283E-1 7.84536E-1 8.06237E-1 9.13672E-1 8.32077E-1 5.32201E-1 2.5428E-1 4.81613E-1 5.54199E-1 3.1006E-1 2.40953E-1 4.07861E-1 3.40396E-1 4.24113E-1 4.63326E-1 5.22902E-1 5.55355E-1 7.42635E-1 8.33687E-1 7.5E-1 7.59467E-1 8.05448E-1 9.43173E-1 6.48709E-1 7.6787E-1 8.37742E-1 7.74497E-1 8.54008E-1 4.24683E-1 1.79062E-1 2.97265E-1 3.92353E-1 3.887E-1 3.81996E-1 3.42563E-1 5.70667E-1 5.02418E-1 4.15941E-1 2.28165E-1 1.29508E-1 7.68487E-2 2.78041E-2 1.72219E-2 1.65901E-2 1.04223E-2 7.17239E-2 7.04012E-2 5.52274E-2 1.73579E-1 2.30164E-1 1.67941E-1 3.38455E-1 3.91572E-1 3.22911E-1 5.38508E-1 5.46578E-1 -9999 -9999 -9999 2.5483E-1 3.02628E-1 3.57016E-1 1.75424E-1 1.90806E-1
3.92548E-1 8.29386E-1 8.44471E-1 9.4369E-1 9.26568E-1 8.91239E-1 8.94993E-1 9.51105E-1 8.79783E-1 9.14012E-1 5.23364E-1 5.30452E-1 4.27224E-1 3.69384E-1 4.97442E-1 6.8707E-1 6.90783E-1 7.41419E-1 6.70302E-1 5.29864E-1 5.60229E-1 4.03332E-1 4.5358E-1 6.78898E-1 7.49454E-1 6.82318E-1 7.19572E-1 7.01654E-1 5.18576E-1 8.55922E-1 8.41289E-1 8.94924E-1 8.43491E-1 5.13769E-1 1.95989E-1 2.24669E-1 2.48046E-1 3.81505E-1 3.3793E-1 1.92126E-1 1.9694E-1 4.17333E-1 7.80726E-1 4.08751E-1 1.79302E-1 1.13685E-1 4.16218E-2 1.63372E-2 1.30672E-2 3.46024E-2 2.84351E-2 2.68489E-2 3.23022E-2 7.98538E-2 1.16699E-1 3.1618E-1 3.66859E-1 4.67153E-1 3.34286E-1 4.93384E-1 5.58407E-1 -9999 -9999 -9999 2.31722E-1 2.99794E-1 2.204E-1 3.0586E-1 1.77572E-1
3.66346E-1 7.38463E-1 9.30267E-1 7.66857E-1 9.46606E-1 9.18053E-1 9.02151E-1 9.28593E-1 8.5792E-1 8.80262E-1 6.2441E-1 4.74409E-1 5.62164E-1 3.60237E-1 4.02948E-1 6.81995E-1 7.36569E-1 6.92811E-1 7.39546E-1 7.36621E-1 6.73494E-1 5.06871E-1 5.60189E-1 3.29939E-1 4.21118E-1 6.79009E-1 6.99457E-1 6.75432E-1 7.34488E-1 5.75078E-1 6.84717E-1 4.85142E-1 8.20795E-1 9.23363E-1 7.69936E-1 6.62178E-1 7.96662E-1 4.55745E-1 4.2334E-1 2.94625E-1 3.27552E-1 4.15865E-1 7.38827E-1 5.44007E-1 1.96584E-1 8.78314E-2 6.45844E-2 1.94236E-2 1.59706E-2 1.13287E-2 2.87198E-2 4.08705E-2 7.85704E-2 1.06381E-1 2.93975E-1 3.69454E-1 3.1471E-1 3.85282E-1 4.93389E-1 5.69289E-1 4.05496E-1 -9999 -9999 -9999 -9999 3.33783E-1 3.5366E-1 2.29321E-1 1.79925E-1
8.80844E-1 8.10014E-1 9.92651E-1 6.13636E-1 8.28081E-1 9.35961E-1 9.21768E-1 8.15106E-1 9.66857E-1 7.44374E-1 7.0485E-1 6.25959E-1 3.95634E-1 6.2345E-1 4.77963E-1 4.68879E-1 7.565E-1 7.78937E-1 8.84643E-1 7.85769E-1 7.56988E-1 4.97316E-1 4.201E-1 4.8421E-1 3.80014E-1 6.97235E-1 7.9932E-1 6.92033E-1 4.85417E-1 4.48364E-1 4.80517E-1 3.93917E-1 8.11533E-1 8.9528E-1 9.50436E-1 8.89138E-1 8.94518E-1 5.65723E-1 4.17472E-1 3.68015E-1 3.62465E-1 2.10295E-1 2.90806E-1 4.55826E-1 1.51202E-1 5.0619E-2 3.28302E-2 2.75683E-2 2.32511E-2 2.1971E-2 3.40072E-2 4.74178E-2 5.8682E-2 7.51633E-2 2.68845E-1 2.16923E-1 2.08896E-1 4.14838E-1 5.04324E-1 4.35697E-1 4.83236E-1 4.67243E-1 -9999 -9999 -9999 -9999 3.21454E-1 2.68986E-1 2.62743E-1
6.59295E-1 7.86548E-1 7.73036E-1 6.54832E-1 6.78651E-1 9.18317E-1 6.96896E-1 9.24444E-1 9.29714E-1 8.38748E-1 8.80125E-1 7.65753E-1 8.41929E-1 8.4855E-1 7.99974E-1 7.29752E-1 7.00537E-1 7.78929E-1 8.93682E-1 7.99652E-1 7.99692E-1 6.69135E-1 3.94084E-1 4.82831E-1 6.62509E-1 6.6681E-1 6.63857E-1 6.19999E-1 5.34663E-1 4.99891E-1 5.58701E-1 3.69096E-1 8.39161E-1 8.52941E-1 9.04053E-1 9.31108E-1 8.93511E-1 7.16479E-1 4.46826E-1 3.61491E-1 3.48156E-1 2.94114E-1 2.10157E-1 3.53281E-1 1.29108E-1 6.68024E-2 4.75419E-2 4.338E-2 2.49836E-2 1.55568E-2 2.75018E-2 3.51067E-2 3.97492E-2 6.22698E-2 1.82364E-1 2.10229E-1 2.16455E-1 3.75614E-1 4.67964E-1 5.29596E-1 5.11002E-1 4.64967E-1 6.53095E-1 -9999 -9999 -9999 4.13046E-1 2.9448E-1 3.46571E-1
7.00647E-1 6.26903E-1 7.24263E-1 9.02679E-1 7.78765E-1 8.24971E-1 7.51957E-1 8.21936E-1 8.21895E-1 8.05458E-1 8.04617E-1 8.26713E-1 9.12132E-1 9.39537E-1 9.07299E-1 8.6121E-1 8.88152E-1 9.30375E-1 8.18966E-1 8.46752E-1 8.52914E-1 7.00273E-1 5.10599E-1 5.41078E-1 7.45516E-1 5.41272E-1 2.72669E-1 2.75876E-1 5.62174E-1 4.90923E-1 5.11401E-1 4.76463E-1 7.27386E-1 6.54142E-1 8.857E-1 8.41049E-1 8.32356E-1 8.46368E-1 9.0944E-1 7.84611E-1 5.57405E-1 4.84442E-1 3.17669E-1 4.17693E-1 1.82353E-1 1.66391E-1 8.29131E-2 3.71274E-2 4.93938E-3 5.11559E-3 1.10419E-2 1.04463E-2 2.00305E-2 8.6868E-2 1.65614E-1 2.07864E-1 2.5554E-1 3.58133E-1 5.39819E-1 5.96047E-1 5.23876E-1 3.57937E-1 4.37242E-1 4.0001E-1 -9999 -9999 3.90155E-1 3.46048E-1 2.28304E-1
9.20527E-1 6.97968E-1 9.54611E-1 9.76168E-1 9.49044E-1 8.1354E-1 7.86666E-1 6.93552E-1 7.10933E-1 9.09019E-1 8.25003E-1 8.04935E-1 8.80455E-1 9.33449E-1 9.66867E-1 8.95641E-1 7.40377E-1 6.70558E-1 5.83669E-1 7.00491E-1 8.54909E-1 6.04588E-1 5.23378E-1 5.56722E-1 6.93657E-1 4.90915E-1 1.76993E-1 2.42228E-1 3.67786E-1 2.86991E-1 3.20029E-1 6.65009E-1 7.21137E-1 6.75637E-1 5.88361E-1 5.34543E-1 6.4342E-1 8.79015E-1 9.42392E-1 8.27449E-1 6.88729E-1 5.43206E-1 3.50919E-1 4.43103E-1 2.49704E-1 1.04492E-1 6.8649E-2 5.02249E-2 2.67609E-2 8.9769E-3 1.32678E-2 7.98242E-3 1.38379E-2 1.11693E-1 1.97619E-1 1.29798E-1 1.40954E-1 2.65744E-1 3.47765E-1 5.47844E-1 5.92642E-1 3.37476E-1 2.52684E-1 2.30596E-1 -9999 -9999 3.12394E-1 2.9759E-1 3.78509E-1
5.98591E-1 4.69801E-1 7.43191E-1 7.97766E-1 8.84093E-1 7.24385E-1 7.74085E-1 7.12558E-1 8.77464E-1 9.00157E-1 8.81844E-1 7.65174E-1 6.66189E-1 7.14481E-1 6.17212E-1 8.82719E-1 8.341E-1 4.9897E-1 4.89583E-1 6.99056E-1 7.32744E-1 6.56366E-1 5.86533E-1 4.11162E-1 4.34311E-1 3.59736E-1 2.55906E-1 2.37034E-1 3.56944E-1 3.46794E-1 7.09644E-1 2.55215E-1 3.35421E-1 5.62461E-1 3.86562E-1 4.43934E-1 5.20921E-1 8.23363E-1 8.29551E-1 6.90907E-1 6.32914E-1 6.21049E-1 3.80785E-1 3.01709E-1 4.23917E-2 8.13534E-2 9.66587E-2 6.32727E-2 2.19504E-2 2.33949E-2 1.59046E-2 6.1976E-3 5.58936E-3 4.61334E-2 1.38316E-1 9.28573E-2 1.57689E-1 2.06674E-1 3.10011E-1 4.18425E-1 6.56199E-1 3.87801E-1 3.0299E-1 3.09325E-1 1.75818E-1 2.3623E-1 2.30801E-1 3.33555E-1 3.29362E-1
7.847E-1 4.97731E-1 7.01852E-1 6.95748E-1 7.05646E-1 5.29394E-1 6.94833E-1 8.60292E-1 6.42201E-1 9.23775E-1 9.16603E-1 5.91679E-1 6.01861E-1 7.93514E-1 6.90463E-1 6.72352E-1 7.61704E-1 6.96834E-1 5.4758E-1 7.92448E-1 8.21352E-1 6.18816E-1 6.33251E-1 5.7044E-1 3.37104E-1 4.00907E-1 3.60703E-1 5.79822E-1 5.00323E-1 5.64913E-1 6.26541E-1 5.02204E-1 4.2304E-1 2.0826E-1 2.57268E-1 5.79525E-1 6.58532E-1 9.38698E-1 9.40851E-1 5.817E-1 4.70851E-1 5.29112E-1 6.2333E-1 5.5116E-1 1.48273E-1 9.1594E-2 9.03447E-2 5.01951E-2 4.52445E-2 1.42363E-2 5.44667E-3 4.85326E-3 1.40262E-3 2.79154E-3 1.08713E-1 1.40017E-1 2.39688E-1 4.30619E-1 4.99402E-1 5.56453E-1 5.48488E-1 4.32524E-1 4.84183E-1 2.46691E-1 1.82226E-1 2.96774E-1 2.83422E-1 2.49531E-1 2.47098E-1
7.54576E-1 5.89057E-1 3.56923E-1 2.53541E-1 3.45109E-1 4.89233E-1 7.33344E-1 6.97785E-1 7.53943E-1 5.30819E-1 6.20275E-1 4.61329E-1 6.84174E-1 8.26945E-1 8.52099E-1 6.8282E-1 5.26708E-1 5.443E-1 6.77234E-1 6.12733E-1 8.35611E-1 7.31856E-1 6.68896E-1 4.86253E-1 5.76688E-1 5.64951E-1 7.18281E-1 7.22082E-1 6.82249E-1 6.50435E-1 4.50297E-1 3.71164E-1 4.50842E-1 5.7851E-1 3.47901E-1 6.51476E-1 7.22497E-1 9.15321E-1 9.76591E-1 8.90279E-1 7.82741E-1 4.47863E-1 5.90223E-1 7.87026E-1 2.49845E-1 9.01315E-2 5.26581E-2 7.61859E-2 3.29053E-2 2.32552E-2 2.03346E-2 1.13255E-2 8.43304E-3 5.08981E-3 3.30645E-2 1.00959E-1 1.97948E-1 4.09525E-1 4.24381E-1 4.53339E-1 4.19222E-1 2.87916E-1 2.48321E-1 3.4471E-1 1.7018E-1 2.02896E-1 2.96487E-1 1.85547E-1 2.75975E-1
6.52401E-1 6.80245E-1 4.73516E-1 3.19101E-1 1.56572E-1 3.53139E-1 8.89052E-1 5.2948E-1 7.72269E-1 5.77982E-1 3.20063E-1 5.51563E-1 4.46005E-1 5.54728E-1 8.22001E-1 7.64273E-1 6.14091E-1 7.88972E-1 8.07798E-1 4.53919E-1 6.93321E-1 7.46334E-1 5.77537E-1 5.67119E-1 6.16382E-1 7.24271E-1 7.45553E-1 7.16654E-1 8.48918E-1 5.36347E-1 6.80699E-1 4.07497E-1 5.05268E-1 4.43676E-1 4.49753E-1 3.58805E-1 5.59737E-1 8.77856E-1 9.56436E-1 9.39084E-1 9.10831E-1 6.2996E-1 6.79706E-1 8.70309E-1 3.48112E-1 1.2247E-1 9.03177E-2 8.02482E-2 2.56358E-2 4.16776E-2 4.38929E-2 3.20359E-2 1.96865E-2 7.84242E-3 9.0204E-3 1.4442E-1 1.94129E-1 2.37468E-1 2.82832E-1 3.17807E-1 3.19906E-1 2.24239E-1 1.86559E-1 2.51348E-1 2.5434E-1 1.65287E-1 1.5211E-1 2.67816E-1 2.99269E-1
4.1898E-1 8.12994E-1 8.11923E-1 3.79017E-1 2.53825E-1 1.63233E-1 6.70173E-1 6.84964E-1 6.28932E-1 4.47893E-1 3.00296E-1 4.9643E-1 4.15148E-1 5.08542E-1 6.8799E-1 7.48431E-1 6.79808E-1 7.67453E-1 8.30698E-1 6.86194E-1 5.66199E-1 6.00119E-1 6.66913E-1 6.94851E-1 4.82249E-1 5.36398E-1 6.93047E-1 7.30745E-1 7.73152E-1 7.43873E-1 6.48722E-1 5.13062E-1 6.22184E-1 6.89408E-1 7.67481E-1 4.69453E-1 4.41722E-1 9.09944E-1 9.49676E-1 9.49891E-1 8.9022E-1 5.99294E-1 4.52132E-1 6.62251E-1 5.36417E-1 2.53917E-1 2.17991E-1 1.36203E-1 7.74955E-2 5.02102E-2 4.77897E-2 2.52093E-2 1.97344E-2 9.61625E-3 6.01836E-3 1.05786E-1 1.07818E-1 1.97735E-1 2.71527E-1 2.45349E-1 2.52775E-1 2.94517E-1 1.84289E-1 2.5372E-1 2.82752E-1 2.17868E-1 1.80869E-1 1.88739E-1 2.25265E-1
4.51648E-1 5.45145E-1 3.94775E-1 4.4169E-1 7.03441E-1 2.85074E-1 2.22627E-1 3.41282E-1 4.16294E-1 3.86184E-1 4.06317E-1 3.85789E-1 4.07152E-1 5.01331E-1 7.21489E-1 7.64143E-1 8.20976E-1 7.59783E-1 6.77314E-1 5.32752E-1 6.06863E-1 6.25234E-1 4.42557E-1 4.99067E-1 5.14031E-1 3.37841E-1 3.90094E-1 5.7247E-1 6.54696E-1 4.26107E-1 6.86455E-1 4.36918E-1 6.60213E-1 6.10953E-1 5.05929E-1 5.89547E-1 8.30619E-1 9.04719E-1 9.201E-1 9.23983E-1 8.42613E-1 6.18508E-1 4.20446E-1 5.5736E-1 7.18043E-1 4.60523E-1 3.1903E-1 1.89521E-1 9.45741E-2 3.88708E-2 1.82335E-2 9.22992E-3 2.79338E-2 3.56484E-2 1.11516E-2 1.64259E-2 1.6813E-1 2.13312E-1 1.6534E-1 1.88456E-1 1.64818E-1 2.1094E-1 2.65229E-1 2.53531E-1 2.88509E-1 2.99734E-1 2.0761E-1 2.52681E-1 3.29265E-1
5.70031E-1 5.87138E-1 5.23196E-1 3.99648E-1 5.5049E-1 5.99585E-1 2.66082E-1 2.18025E-1 2.16013E-1 3.13768E-1 3.17666E-1 4.92286E-1 4.16775E-1 3.96507E-1 5.68353E-1 5.28942E-1 4.06345E-1 6.08889E-1 4.13757E-1 5.4121E-1 7.78128E-1 8.9446E-1 7.07457E-1 5.81395E-1 2.82538E-1 4.24682E-1 3.88801E-1 5.06319E-1 5.62865E-1 3.33885E-1 4.29915E-1 6.34649E-1 5.90446E-1 6.68508E-1 4.4062E-1 5.8048E-1 5.49681E-1 7.43712E-1 7.79194E-1 9.68841E-1 9.33002E-1 7.10936E-1 5.29762E-1 4.58017E-1 4.75312E-1 5.57305E-1 4.66151E-1 1.49131E-1 5.65887E-2 3.09349E-2 2.70834E-2 3.28878E-2 4.82793E-2 4.34979E-2 9.19932E-3 2.00624E-2 1.34473E-1 1.04313E-1 1.28702E-1 1.70021E-1 1.77546E-1 1.85488E-1 1.46125E-1 2.03766E-1 3.60466E-1 3.32237E-1 1.9626E-1 2.24657E-1 2.90916E-1
4.56173E-1 5.47795E-1 4.64503E-1 6.50538E-1 5.866E-1 4.81992E-1 4.05028E-1 5.07809E-1 4.92931E-1 4.71516E-1 3.53354E-1 2.75966E-1 4.44333E-1 5.08794E-1 6.81489E-1 6.46503E-1 6.55031E-1 6.82571E-1 5.76598E-1 5.67907E-1 8.10967E-1 8.29849E-1 8.28954E-1 6.45723E-1 3.77822E-1 5.40285E-1 8.67534E-1 8.36242E-1 9.30635E-1 8.6255E-1 6.9807E-1 7.40674E-1 8.08021E-1 4.42371E-1 3.78346E-1 5.60873E-1 8.07643E-1 6.0559E-1 5.29718E-1 6.41026E-1 5.98905E-1 5.78425E-1 5.10241E-1 3.63244E-1 4.38942E-1 5.26798E-1 6.041E-1 1.98557E-1 5.56213E-2 4.75062E-2 2.59971E-2 3.1568E-2 5.0146E-2 3.98332E-2 1.10784E-2 1.30491E-2 9.48094E-2 7.32316E-2 2.59282E-1 1.84081E-1 1.44266E-1 1.57884E-1 2.06606E-1 2.68934E-1 2.55827E-1 2.87805E-1 2.42586E-1 3.63437E-1 2.60835E-1
2.8459E-1 5.74543E-1 8.0991E-1 8.54408E-1 8.81104E-1 6.36634E-1 5.3127E-1 6.435E-1 3.93658E-1 3.52818E-1 3.10242E-1 3.46293E-1 6.78256E-1 6.75787E-1 8.26333E-1 7.90456E-1 8.06333E-1 7.28504E-1 8.09389E-1 7.21676E-1 6.8305E-1 7.65168E-1 8.78432E-1 8.08824E-1 5.79557E-1 5.91188E-1 7.88914E-1 9.03429E-1 9.04345E-1 8.48732E-1 8.61516E-1 8.32176E-1 7.60539E-1 5.89075E-1 4.73966E-1 5.34225E-1 6.67313E-1 8.18423E-1 6.49072E-1 9.01129E-1 7.54034E-1 6.84786E-1 2.83418E-1 2.65044E-1 4.30463E-1 4.18453E-1 6.19587E-1 3.65433E-1 3.15634E-1 2.31365E-1 1.81177E-1 1.77968E-1 5.38145E-2 3.19789E-2 2.30052E-2 1.71171E-2 1.79691E-2 3.34064E-2 1.11578E-1 7.63758E-2 9.123E-2 1.73591E-1 3.50766E-1 2.57423E-1 2.26727E-1 2.28513E-1 2.18841E-1 2.54692E-1 1.2868E-1
3.00253E-1 6.95357E-1 9.41159E-1 9.66929E-1 9.94289E-1 9.70261E-1 6.88964E-1 6.42995E-1 4.98455E-1 4.02694E-1 3.98755E-1 4.41427E-1 9.04559E-1 8.18319E-1 8.32318E-1 7.62958E-1 7.62167E-1 8.1056E-1 7.70314E-1 8.08873E-1 7.84268E-1 8.76655E-1 9.38688E-1 6.52779E-1 8.79248E-1 8.7753E-1 6.41134E-1 8.65125E-1 9.46998E-1 9.4464E-1 8.51391E-1 8.97857E-1 7.61693E-1 6.4313E-1 3.99815E-1 2.67778E-1 5.55777E-1 7.03383E-1 7.1326E-1 7.57562E-1 8.86907E-1 7.94982E-1 3.32268E-1 2.36289E-1 5.53016E-1 4.10045E-1 5.71443E-1 4.78497E-1 4.33566E-1 3.96662E-1 1.39524E-1 6.48487E-2 6.60059E-2 6.76979E-2 7.26817E-2 2.74469E-2 1.60326E-2 2.6524E-2 5.06603E-2 5.30509E-2 8.36361E-2 1.55079E-1 1.72173E-1 1.29032E-1 1.82162E-1 2.03259E-1 2.2622E-1 2.2136E-1 2.07163E-1
4.17903E-1 5.37578E-1 9.57152E-1 9.73175E-1 9.94221E-1 9.56719E-1 9.51357E-1 6.8479E-1 6.01676E-1 7.82359E-1 7.89772E-1 8.94428E-1 9.07979E-1 8.64458E-1 7.84451E-1 7.8055E-1 7.75661E-1 8.21699E-1 8.87271E-1 9.16772E-1 9.26402E-1 8.50211E-1 8.06534E-1 7.8712E-1 9.78178E-1 9.72355E-1 8.97144E-1 8.27315E-1 9.70797E-1 9.12847E-1 8.31433E-1 9.0547E-1 9.20491E-1 5.93165E-1 4.93092E-1 5.24659E-1 4.73641E-1 4.26269E-1 6.10939E-1 6.32154E-1 8.19609E-1 8.64405E-1 4.60916E-1 3.04744E-1 5.8799E-1 6.47165E-1 7.94989E-1 5.7242E-1 3.6345E-1 2.12883E-1 1.91852E-1 1.67289E-1 1.11088E-1 1.42673E-1 1.00188E-1 4.718E-2 1.82718E-2 2.41989E-2 1.31336E-2 2.25572E-2 1.14548E-1 2.3456E-1 1.15536E-1 6.91734E-2 1.65769E-1 2.14686E-1 2.80186E-1 3.95086E-1 3.68269E-1
