ENM/Final_Models/M_2_F_q_Set_1_E/Gustavia_santanderiensis_Choco_median.asc
ncols         367
nrows         963
xllcorner     -78.6
yllcorner     0.65
cellsize      0.00833333333333323
NODATA_value  -9999
[rows 608 to 639 of 963, columns 144 to 215 of 367]
-9999 -9999 -9999 -9999 -9999 -9999 -9999 -9999 -9999 -9999 -9999 -9999 -9999 -9999 -9999 -9999 -9999 -9999 -9999 -9999 -9999 -9999 -9999 9.74723E-1 -9999 9.10518E-1 9.44436E-1 9.99992E-1 1E0 9.94697E-1 9.96278E-1 9.74522E-1 9.74969E-1 9.94783E-1 9.97524E-1 9.96192E-1 9.99219E-1 9.99977E-1 9.98934E-1 9.98548E-1 9.93578E-1 9.9499E-1 9.72215E-1 9.98727E-1 9.81672E-1 7.2792E-1 8.53936E-1 7.41798E-1 6.77903E-1 4.9743E-1 8.35385E-1 6.8337E-1 6.49125E-1 4.06715E-1 3.21697E-1 4.13029E-1 8.00369E-1 8.70607E-1 7.61341E-1 1.90851E-1 4.61226E-1 5.21223E-1 5.09405E-2 7.8988E-2 9.19741E-2 1.62449E-2 1.33468E-2 2.34336E-3 2.60134E-3 8.59796E-2 9.61441E-2 4.49502E-1
-9999 -9999 -9999 -9999 -9999 -9999 -9999 -9999 -9999 -9999 -9999 -9999 -9999 -9999 -9999 -9999 -9999 -9999 -9999 -9999 -9999 -9999 2.39434E-1 3.73124E-1 8.40762E-1 9.99605E-1 9.97546E-1 9.99144E-1 9.97276E-1 9.93369E-1 9.88557E-1 9.55961E-1 9.92096E-1 9.94349E-1 9.94212E-1 9.98566E-1 9.98941E-1 9.82266E-1 9.97662E-1 9.30509E-1 9.80804E-1 9.96875E-1 9.81175E-1 9.97484E-1 9.50993E-1 9.05304E-1 7.88544E-1 8.26324E-1 9.67118E-1 9.04842E-1 6.78893E-1 4.47131E-1 6.09617E-1 7.4021E-1 3.67927E-1 3.11249E-1 2.83981E-1 2.28912E-1 1.93602E-1 1.63829E-1 1.55551E-1 2.54383E-1 1.3395E-1 1.06975E-1 1.67903E-1 4.78556E-2 4.51631E-2 9.21147E-3 1.33503E-2 1.79101E-2 7.74265E-2 2.09046E-1
-9999 -9999 -9999 -9999 -9999 -9999 -9999 -9999 -9999 -9999 -9999 -9999 -9999 -9999 -9999 -9999 -9999 -9999 -9999 -9999 -9999 9.18567E-1 5.71866E-1 5.91436E-1 9.06017E-1 9.78873E-1 9.98931E-1 9.94107E-1 9.91812E-1 9.97463E-1 9.98199E-1 9.92184E-1 9.93488E-1 9.95638E-1 9.91351E-1 9.28358E-1 8.78732E-1 9.81433E-1 8.86482E-1 9.49514E-1 9.49363E-1 9.90915E-1 9.8882E-1 8.75159E-1 7.69105E-1 7.04701E-1 6.91793E-1 7.54882E-1 9.86415E-1 9.84986E-1 7.20144E-1 6.63518E-1 6.76602E-1 4.68556E-1 2.77692E-1 1.1575E-1 6.80286E-2 3.7723E-2 8.01487E-2 3.9123E-1 1.29797E-1 2.11093E-1 4.75109E-1 8.83946E-2 1.42049E-1 3.35801E-2 6.10792E-2 3.29079E-2 8.28838E-3 5.33973E-3 7.32584E-4 1.30143E-3
-9999 -9999 -9999 -9999 -9999 -9999 -9999 -9999 -9999 -9999 -9999 -9999 -9999 -9999 -9999 -9999 -9999 -9999 -9999 -9999 -9999 9.6857E-1 9.68846E-1 9.9732E-1 9.99881E-1 9.98542E-1 9.98685E-1 9.95579E-1 9.93917E-1 9.958E-1 9.97189E-1 9.96659E-1 9.91967E-1 9.72436E-1 9.39298E-1 9.75645E-1 9.95967E-1 9.74269E-1 9.8864E-1 8.23112E-1 8.86112E-1 8.20013E-1 9.49055E-1 9.44596E-1 9.6472E-1 8.06506E-1 9.68544E-1 7.94257E-1 9.2477E-1 7.57321E-1 9.52916E-1 9.06299E-1 7.14246E-1 3.06974E-1 2.05899E-1 2.38748E-1 7.59654E-2 2.7214E-2 2.60134E-2 1.48612E-1 2.88482E-1 2.53939E-1 6.02899E-1 3.66938E-1 1.0142E-1 6.18901E-2 1.72055E-2 1.54844E-2 2.38174E-2 9.4417E-3 1.55119E-2 4.90521E-2
-9999 -9999 -9999 -9999 -9999 -9999 -9999 -9999 -9999 -9999 -9999 -9999 -9999 -9999 -9999 -9999 -9999 -9999 -9999 -9999 -9999 9.99999E-1 9.99894E-1 1E0 9.97592E-1 9.95707E-1 9.93983E-1 9.9753E-1 9.95636E-1 9.98867E-1 9.9907E-1 9.97726E-1 9.91135E-1 9.95192E-1 9.86412E-1 9.68364E-1 9.86966E-1 9.82742E-1 9.80801E-1 7.07166E-1 5.13831E-1 8.43318E-1 7.55343E-1 9.33435E-1 9.36697E-1 8.94732E-1 8.61815E-1 8.21359E-1 8.71314E-1 9.34618E-1 9.24347E-1 8.41213E-1 7.49695E-1 1.92022E-1 3.80425E-1 1.30652E-1 1.52424E-1 2.06145E-2 6.14798E-3 5.99036E-2 2.01347E-1 5.77338E-1 6.29251E-1 9.75658E-1 2.52026E-1 1.67498E-2 1.04047E-2 1.99716E-2 1.78344E-2 1.36793E-2 4.30002E-3 6.68632E-3
-9999 -9999 -9999 -9999 -9999 -9999 -9999 -9999 -9999 -9999 -9999 -9999 -9999 -9999 -9999 -9999 -9999 -9999 -9999 -9999 -9999 9.95776E-1 9.93374E-1 9.9757E-1 9.99803E-1 9.97611E-1 9.94787E-1 9.89861E-1 9.98932E-1 9.96318E-1 9.80857E-1 9.95109E-1 9.91046E-1 9.70887E-1 9.78507E-1 9.51914E-1 9.95692E-1 9.62383E-1 9.71021E-1 6.50671E-1 7.32265E-1 4.08731E-1 9.89139E-1 9.3574E-1 9.07518E-1 9.44229E-1 9.20661E-1 7.88317E-1 8.27564E-1 8.35317E-1 7.95449E-1 6.9476E-1 7.39087E-1 3.60959E-1 3.26203E-1 1.83726E-1 6.7142E-2 1.61827E-2 2.05815E-3 4.47879E-2 1.34581E-1 2.56517E-1 3.94066E-1 9.02436E-1 3.01604E-1 1.1958E-2 4.02356E-2 1.16846E-1 4.32694E-2 1.31878E-2 9.70688E-3 2.24631E-2
-9999 -9999 -9999 -9999 -9999 -9999 -9999 -9999 -9999 -9999 -9999 -9999 -9999 -9999 -9999 -9999 -9999 -9999 -9999 -9999 -9999 -9999 9.90708E-1 9.89867E-1 9.91202E-1 9.97395E-1 9.96661E-1 9.84873E-1 9.99467E-1 9.98639E-1 9.98867E-1 9.97405E-1 9.97563E-1 9.87049E-1 8.63716E-1 9.45788E-1 9.1622E-1 9.69101E-1 8.96756E-1 7.63229E-1 6.1832E-1 7.85173E-1 5.64586E-1 7.59044E-1 9.65131E-1 9.82049E-1 8.18248E-1 7.96539E-1 5.24855E-1 7.51863E-1 6.4565E-1 6.26268E-1 9.11212E-1 8.50992E-1 5.17736E-1 2.83627E-1 3.52014E-1 1.87588E-1 9.01179E-3 7.43897E-2 3.39996E-1 5.29126E-1 3.95836E-1 7.95103E-1 2.38282E-2 1.82872E-2 5.73264E-2 1.27735E-1 5.06436E-2 1.75547E-2 2.59396E-2 2.03057E-2
-9999 -9999 -9999 -9999 -9999 -9999 -9999 -9999 -9999 -9999 -9999 -9999 -9999 -9999 -9999 -9999 -9999 -9999 -9999 -9999 -9999 -9999 -9999 -9999 9.94574E-1 9.9221E-1 9.89713E-1 9.88965E-1 9.98004E-1 9.96925E-1 9.97478E-1 9.96288E-1 9.98032E-1 9.74144E-1 9.59616E-1 8.4703E-1 8.7164E-1 8.32794E-1 6.0388E-1 7.88082E-1 7.67495E-1 6.74406E-1 9.45271E-1 8.7875E-1 9.40751E-1 9.16516E-1 8.23493E-1 8.95168E-1 8.49725E-1 8.78629E-1 8.36541E-1 5.78384E-1 7.64354E-1 7.82953E-1 5.95139E-1 7.237E-1 4.59473E-1 1.24142E-1 7.01336E-3 7.62897E-2 3.29851E-1 2.1701E-1 5.74672E-1 7.62621E-2 6.906E-2 1.43276E-2 1.24069E-1 1.36169E-1 1.6734E-1 1.32606E-1 1.32182E-2 2.77119E-2
-9999 -9999 -9999 -9999 -9999 -9999 -9999 -9999 -9999 -9999 -9999 -9999 -9999 -9999 -9999 -9999 -9999 -9999 -9999 -9999 -9999 -9999 -9999 -9999 9.97043E-1 9.9475E-1 9.93381E-1 9.94991E-1 9.86832E-1 9.86718E-1 9.9128E-1 9.95425E-1 1E0 9.99786E-1 9.31815E-1 9.72E-1 8.14062E-1 7.7937E-1 6.00542E-1 5.09274E-1 6.10247E-1 8.7191E-1 7.97427E-1 7.03636E-1 7.35789E-1 6.97276E-1 7.7677E-1 8.44379E-1 8.83699E-1 9.63503E-1 7.60638E-1 4.09946E-1 8.2247E-1 8.29989E-1 7.2322E-1 4.60268E-1 3.567E-1 1.3229E-1 3.74115E-2 3.35253E-2 1.27178E-1 2.29344E-1 4.91358E-1 7.06967E-2 1.0226E-1 3.79949E-2 7.24764E-2 1.46127E-1 2.77139E-2 1.00618E-2 1.11049E-2 1.78794E-2
-9999 -9999 -9999 -9999 -9999 -9999 -9999 -9999 -9999 -9999 -9999 -9999 -9999 -9999 -9999 -9999 -9999 -9999 -9999 -9999 -9999 -9999 -9999 -9999 9.89416E-1 9.95111E-1 9.97958E-1 9.99137E-1 9.89002E-1 9.68217E-1 9.80805E-1 9.81986E-1 9.94091E-1 9.68076E-1 9.61428E-1 9.97424E-1 9.78112E-1 8.29103E-1 4.85825E-1 8.47961E-1 9.33137E-1 8.41225E-1 9.02212E-1 7.69349E-1 6.96985E-1 7.38096E-1 4.09388E-1 5.71732E-1 9.20375E-1 3.66132E-1 1.5445E-1 4.38868E-2 6.40548E-1 7.38546E-1 8.35737E-1 7.00737E-1 5.56226E-1 2.19262E-1 2.2462E-1 6.75376E-2 1.61784E-2 7.63384E-2 2.30179E-1 1.98162E-1 3.24571E-2 3.81153E-2 4.26227E-2 3.72615E-2 2.17068E-2 8.40745E-3 1.15464E-2 1.70441E-2
-9999 -9999 -9999 -9999 -9999 -9999 -9999 -9999 -9999 -9999 -9999 -9999 -9999 -9999 -9999 -9999 -9999 -9999 -9999 -9999 -9999 -9999 -9999 -9999 9.8782E-1 9.91558E-1 9.73845E-1 9.98286E-1 9.92688E-1 9.61462E-1 9.78989E-1 8.92822E-1 9.75662E-1 8.16439E-1 8.80561E-1 9.67913E-1 9.71885E-1 9.62562E-1 6.85311E-1 7.33183E-1 9.28691E-1 8.49295E-1 9.27601E-1 8.49673E-1 7.86461E-1 4.15643E-1 2.28038E-1 4.38796E-1 9.23176E-1 3.70027E-2 1.17448E-2 1.15498E-1 8.1129E-1 5.94846E-1 6.92999E-1 8.09857E-1 5.40096E-1 4.01445E-1 3.85883E-1 1.41953E-1 5.13318E-2 5.01215E-2 3.80911E-2 1.36205E-1 8.50677E-2 4.02145E-2 2.07949E-2 1.76583E-2 8.21388E-3 4.54273E-3 6.68293E-3 1.4389E-2
-9999 -9999 -9999 -9999 -9999 -9999 -9999 -9999 -9999 -9999 -9999 -9999 -9999 -9999 -9999 -9999 -9999 -9999 -9999 -9999 -9999 -9999 -9999 -9999 9.92751E-1 9.97908E-1 9.71538E-1 9.92705E-1 9.88951E-1 9.70307E-1 8.29368E-1 8.26194E-1 9.23366E-1 7.52128E-1 9.38027E-1 8.33583E-1 5.0851E-1 2.92275E-1 4.75149E-1 8.19211E-1 8.5494E-1 9.49952E-1 9.52473E-1 9.25753E-1 5.92337E-1 1.35541E-1 1.65246E-1 6.86781E-1 8.90651E-1 3.54222E-1 1.17913E-1 3.9362E-1 7.83061E-1 2.22846E-1 1.35795E-1 3.5249E-1 1.58406E-1 2.46134E-1 1.21202E-1 1.01721E-1 7.76133E-2 4.52408E-2 1.32666E-1 1.57488E-1 6.03235E-2 1.63486E-2 1.57321E-2 8.26138E-2 1.09175E-2 2.12812E-2 2.80752E-2 5.73571E-3
-9999 -9999 -9999 -9999 -9999 -9999 -9999 -9999 -9999 -9999 -9999 -9999 -9999 -9999 -9999 -9999 -9999 -9999 -9999 -9999 -9999 -9999 -9999 9.92924E-1 9.92686E-1 9.76608E-1 9.92822E-1 9.90257E-1 9.88223E-1 9.44725E-1 9.20067E-1 9.40679E-1 9.87018E-1 8.75481E-1 9.5919E-1 7.19144E-1 7.83081E-1 7.15592E-1 3.35058E-1 9.07545E-1 6.00196E-1 5.72746E-1 9.12088E-1 8.55353E-1 7.36742E-1 3.21294E-1 7.9509E-2 2.63844E-1 3.06285E-1 7.35641E-1 9.08564E-1 1.34263E-1 3.77096E-1 1.72113E-1 1.48089E-1 2.61693E-1 1.57207E-1 9.32823E-2 3.04862E-2 8.14271E-3 1.31873E-2 3.00315E-2 7.14908E-2 9.28375E-2 3.31751E-2 1.61153E-2 2.89006E-2 7.13126E-2 1.86565E-2 1.82907E-2 4.4839E-2 9.24379E-3
-9999 -9999 -9999 -9999 -9999 -9999 -9999 -9999 -9999 -9999 -9999 -9999 -9999 -9999 -9999 -9999 -9999 -9999 -9999 -9999 -9999 -9999 9.99698E-1 9.99106E-1 9.92083E-1 9.97257E-1 9.96478E-1 9.94031E-1 9.47255E-1 9.53734E-1 9.36766E-1 9.4934E-1 9.10109E-1 8.22647E-1 8.64139E-1 8.92623E-1 7.38409E-1 5.1617E-1 8.07723E-1 8.96157E-1 6.73984E-1 6.03419E-1 9.26485E-1 8.06346E-1 5.53854E-1 2.80993E-1 1.25881E-1 1.1271E-1 6.36974E-2 5.6776E-1 9.02042E-1 2.97205E-1 5.13629E-1 4.52063E-1 1.83237E-1 2.90809E-1 3.36861E-1 5.52131E-2 4.72595E-3 6.95085E-4 1.21497E-2 1.87006E-2 8.0088E-2 4.91179E-2 2.01275E-2 1.53739E-2 1.12199E-2 6.66581E-2 2.94421E-2 3.64312E-2 2.28409E-2 1.97447E-2
-9999 -9999 -9999 -9999 -9999 -9999 -9999 -9999 -9999 -9999 -9999 -9999 -9999 -9999 -9999 -9999 -9999 -9999 -9999 -9999 -9999 -9999 9.95935E-1 9.95134E-1 9.81411E-1 9.89374E-1 9.56998E-1 8.76523E-1 9.65928E-1 9.59497E-1 9.46289E-1 9.4883E-1 7.77239E-1 7.5987E-1 7.27488E-1 6.53464E-1 4.00205E-1 2.25221E-1 3.89871E-1 7.89143E-1 5.15882E-1 7.44746E-1 8.21345E-1 5.00689E-1 2.93206E-1 4.33128E-1 5.16963E-1 3.18653E-1 2.76015E-1 4.84727E-1 6.93433E-1 8.33349E-1 8.25903E-1 8.12423E-1 4.96858E-1 3.95533E-1 3.07501E-1 1.22123E-1 5.59784E-3 1.64705E-3 8.93397E-3 2.16108E-2 3.07809E-2 6.72484E-2 2.06367E-2 2.71358E-2 2.90259E-2 5.28626E-2 7.62125E-2 8.94392E-2 2.0086E-2 1.67457E-2
-9999 -9999 -9999 -9999 -9999 -9999 -9999 -9999 -9999 -9999 -9999 -9999 -9999 -9999 -9999 -9999 -9999 -9999 -9999 -9999 -9999 9.96773E-1 9.95816E-1 9.97411E-1 9.99903E-1 9.99998E-1 9.76551E-1 9.57751E-1 8.66217E-1 9.81438E-1 9.31791E-1 8.55405E-1 8.57727E-1 8.40747E-1 9.80696E-1 9.88517E-1 2.5457E-1 1.18414E-1 1.51786E-1 2.28169E-1 9.23504E-1 7.9707E-1 7.03535E-1 8.26322E-1 8.84188E-1 8.60707E-1 7.48345E-1 5.23116E-1 4.00704E-1 4.67605E-1 6.51501E-1 6.36935E-1 6.42942E-1 7.01538E-1 6.7145E-1 6.75701E-1 6.26179E-1 4.37271E-1 2.79155E-3 5.85795E-3 1.03194E-2 3.30572E-2 3.04183E-2 8.13689E-2 2.82489E-2 3.70387E-2 9.67685E-2 2.87575E-2 6.74207E-2 2.89804E-1 9.46138E-2 7.28116E-2
-9999 -9999 -9999 -9999 -9999 -9999 -9999 -9999 -9999 -9999 -9999 -9999 -9999 -9999 -9999 -9999 -9999 -9999 -9999 -9999 9.99805E-1 9.9973E-1 9.97638E-1 9.98264E-1 9.9966E-1 9.94042E-1 9.99767E-1 8.92283E-1 9.99245E-1 9.99433E-1 9.28804E-1 9.02171E-1 9.21053E-1 8.33645E-1 9.69564E-1 9.25288E-1 3.29429E-1 2.27009E-1 1.43058E-1 1.31196E-1 2.54949E-1 4.2371E-1 6.18124E-1 6.19371E-1 8.46717E-1 8.97154E-1 9.31256E-1 7.1038E-1 4.09414E-1 4.62517E-1 8.50044E-1 9.27231E-1 5.91421E-1 5.38681E-1 4.93833E-1 4.77245E-1 3.91737E-1 2.79654E-1 2.66545E-1 9.56863E-3 8.8379E-3 8.8704E-3 9.25019E-3 3.59467E-2 3.01051E-2 5.39701E-2 2.26711E-2 2.08066E-2 2.84176E-2 6.02889E-2 9.62717E-2 4.92673E-2
-9999 -9999 -9999 -9999 -9999 -9999 -9999 -9999 -9999 -9999 -9999 -9999 -9999 -9999 -9999 -9999 -9999 -9999 -9999 -9999 9.99742E-1 9.96376E-1 9.98872E-1 9.97737E-1 9.99238E-1 9.94464E-1 9.9884E-1 9.59055E-1 9.80851E-1 9.9996E-1 9.82126E-1 5.92449E-1 4.67846E-1 6.73674E-1 7.92773E-1 6.15518E-1 2.26772E-1 2.45069E-1 1.32519E-1 1.29435E-1 1.4711E-1 4.22786E-1 4.78627E-1 6.08807E-1 6.76941E-1 9.68147E-1 8.22562E-1 8.21518E-1 5.90093E-1 7.05969E-1 7.97354E-1 7.66651E-1 4.1542E-1 2.92927E-1 3.01635E-1 3.77311E-1 3.06846E-1 9.39056E-2 1.15479E-1 5.21376E-2 8.842E-3 2.68976E-3 5.17608E-3 1.33482E-2 1.64124E-2 3.63239E-2 3.23895E-2 2.40928E-2 2.08567E-2 4.13086E-2 3.03885E-2 2.18831E-2
-9999 -9999 -9999 -9999 -9999 -9999 -9999 -9999 -9999 -9999 -9999 -9999 -9999 -9999 -9999 -9999 -9999 -9999 -9999 9.99948E-1 9.99312E-1 9.99794E-1 9.97681E-1 9.98609E-1 9.98842E-1 9.99674E-1 9.99577E-1 9.82908E-1 9.56477E-1 9.99482E-1 9.83012E-1 7.98309E-1 7.30651E-1 6.28483E-1 4.67483E-1 3.14315E-1 1.71938E-1 2.0044E-1 1.20339E-1 2.29517E-1 1.23484E-1 1.75362E-1 5.90293E-1 7.45495E-1 9.06886E-1 9.22847E-1 6.73485E-1 8.52835E-1 5.91627E-1 7.65659E-1 7.26087E-1 6.01993E-1 3.25353E-1 1.97771E-1 1.6675E-1 3.77395E-1 2.27787E-1 1.37097E-1 9.30346E-3 8.89373E-3 4.57621E-3 6.59895E-3 8.77774E-3 1.2615E-2 1.60788E-2 1.87712E-2 5.61189E-2 3.04108E-2 1.34E-2 2.03197E-2 1.95803E-2 1.36193E-2
-9999 -9999 -9999 -9999 -9999 -9999 -9999 -9999 -9999 -9999 -9999 -9999 -9999 -9999 -9999 -9999 -9999 -9999 -9999 9.9997E-1 9.99999E-1 9.9986E-1 9.99839E-1 9.98053E-1 9.92824E-1 9.98652E-1 9.99643E-1 9.98799E-1 9.73525E-1 9.96221E-1 9.0372E-1 8.92666E-1 8.99755E-1 7.39676E-1 5.71029E-1 2.38069E-1 1.352E-1 2.22094E-1 1.58836E-1 8.86962E-2 9.43736E-2 1.42435E-1 9.59444E-1 8.85114E-1 9.7384E-1 9.63707E-1 1.03634E-1 4.07256E-1 3.0448E-1 5.81896E-1 7.15606E-2 6.3753E-1 3.62677E-1 2.1123E-1 1.83405E-1 3.54109E-1 3.13577E-1 1.71495E-1 1.09058E-2 3.91427E-3 2.43455E-3 4.41155E-3 8.82774E-3 1.25993E-2 1.91815E-2 2.54243E-2 5.90906E-2 7.54523E-3 5.67694E-3 2.05207E-2 1.12682E-2 1.15796E-2
-9999 -9999 -9999 -9999 -9999 -9999 -9999 -9999 -9999 -9999 -9999 -9999 -9999 -9999 -9999 -9999 -9999 -9999 9.99925E-1 9.99098E-1 9.98731E-1 9.9972E-1 9.9778E-1 9.98654E-1 9.96405E-1 9.98693E-1 9.9951E-1 9.81473E-1 9.84426E-1 9.91429E-1 9.28944E-1 7.10633E-1 6.22185E-1 5.79238E-1 3.95018E-1 2.84904E-1 9.2937E-2 1.79517E-1 1.10306E-1 1.14278E-1 2.35414E-1 5.94262E-1 6.69624E-1 9.33897E-1 9.60159E-1 9.19803E-1 3.62096E-1 7.29519E-1 7.33602E-1 7.12663E-1 6.0919E-1 3.27152E-1 4.83828E-1 1.14221E-1 1.03764E-1 1.42654E-1 1.4881E-1 5.69727E-2 5.10524E-2 1.90886E-3 1.20028E-3 2.73088E-3 5.79195E-3 1.01236E-2 1.34589E-2 1.72057E-2 3.09763E-2 1.8216E-2 1.14709E-2 5.59738E-3 3.90935E-3 7.72506E-3
-9999 -9999 -9999 -9999 -9999 -9999 -9999 -9999 -9999 -9999 -9999 -9999 -9999 -9999 -9999 -9999 -9999 9.99818E-1 9.99845E-1 9.99667E-1 9.99933E-1 9.91229E-1 9.97831E-1 9.96014E-1 9.97451E-1 9.98433E-1 9.99886E-1 9.9775E-1 7.88288E-1 9.55498E-1 8.92923E-1 7.14005E-1 6.33287E-1 4.10636E-1 3.61E-1 3.63605E-1 1.16801E-1 1.91683E-1 1.27783E-1 4.43188E-1 6.57353E-1 6.5059E-1 7.34782E-1 9.80526E-1 9.74455E-1 8.5092E-1 5.38188E-1 6.60992E-1 6.72978E-1 5.70993E-1 4.19565E-1 3.89273E-1 1.75962E-1 1.98698E-1 3.74638E-2 3.67453E-2 2.0579E-2 5.02482E-3 4.79578E-3 2.57746E-2 3.02648E-3 1.20378E-3 1.11086E-3 1.54505E-3 9.88432E-3 9.60221E-3 3.33755E-2 1.39933E-2 7.60324E-3 9.18844E-3 4.00202E-3 3.70736E-3
-9999 -9999 -9999 -9999 -9999 -9999 -9999 -9999 -9999 -9999 -9999 -9999 -9999 -9999 -9999 -9999 -9999 9.99936E-1 9.99993E-1 9.99957E-1 9.95531E-1 9.9753E-1 9.96704E-1 9.86222E-1 9.98611E-1 9.98684E-1 9.98292E-1 9.98393E-1 9.91036E-1 7.76758E-1 6.45816E-1 6.71619E-1 5.51841E-1 4.18509E-1 4.30143E-1 3.33037E-1 4.53074E-1 8.16652E-1 6.50947E-1 3.71157E-1 5.70373E-1 7.39465E-1 8.11593E-1 9.26896E-1 9.90779E-1 6.97941E-1 6.17765E-1 7.23336E-1 8.08067E-1 5.22864E-1 2.48238E-1 1.04581E-1 1.08489E-1 7.22531E-2 2.93962E-2 3.37138E-3 4.71694E-3 5.29844E-3 1.21664E-3 4.50969E-3 1.76436E-3 6.40996E-3 1.86721E-3 2.12038E-3 1.18536E-2 1.41867E-2 1.43003E-2 1.44855E-2 1.54656E-2 2.87209E-3 3.01314E-3 3.96856E-3
-9999 -9999 -9999 -9999 -9999 -9999 -9999 -9999 -9999 -9999 -9999 -9999 -9999 -9999 -9999 -9999 9.99475E-1 9.99878E-1 9.96877E-1 9.95012E-1 9.96638E-1 9.99245E-1 9.99306E-1 9.98943E-1 9.99197E-1 9.98008E-1 9.9843E-1 9.97442E-1 9.95763E-1 9.59672E-1 9.59556E-1 8.09893E-1 7.90709E-1 5.37117E-1 1.82764E-1 2.53688E-1 2.89409E-1 7.03119E-1 4.63767E-1 5.0032E-1 9.09144E-1 8.6126E-1 6.20623E-1 6.67523E-1 8.22245E-1 7.81486E-1 8.16254E-1 8.03192E-1 8.16388E-1 6.91069E-1 3.82114E-1 1.91264E-1 2.50226E-1 2.70146E-1 8.48069E-2 1.23424E-2 3.83756E-2 3.92182E-2 2.95929E-2 3.10911E-2 3.83409E-3 1.18983E-3 1.56453E-3 3.26059E-3 2.14997E-2 2.28415E-2 1.01195E-2 8.15923E-3 7.81404E-3 6.15708E-3 1.14843E-2 8.42819E-3
-9999 -9999 -9999 -9999 -9999 -9999 -9999 -9999 -9999 -9999 -9999 -9999 -9999 -9999 -9999 -9999 9.99963E-1 9.99832E-1 9.99973E-1 9.9991E-1 9.99277E-1 9.96594E-1 9.99429E-1 9.98864E-1 9.99309E-1 9.98919E-1 9.97641E-1 9.89674E-1 9.98015E-1 9.14358E-1 8.38601E-1 8.83805E-1 6.9705E-1 4.9197E-1 1.1932E-1 1.33771E-1 1.96676E-1 4.36179E-1 3.71477E-1 7.67399E-1 9.09079E-1 9.57505E-1 8.73492E-1 7.27499E-1 8.19999E-1 2.9971E-1 5.07836E-1 8.56197E-1 7.85275E-1 8.30655E-1 6.49483E-1 5.54217E-1 5.70092E-1 4.00405E-1 2.27944E-1 4.65357E-2 1.40578E-1 1.90706E-1 7.34306E-2 3.99463E-2 1.15942E-2 1.23985E-3 2.32386E-3 9.00404E-3 4.34826E-2 1.95716E-2 1.57456E-2 1.65388E-2 1.23989E-2 1.30456E-2 1.78579E-2 2.4242E-2
-9999 -9999 -9999 -9999 -9999 -9999 -9999 -9999 -9999 -9999 -9999 -9999 -9999 -9999 -9999 9.99808E-1 9.99945E-1 9.99877E-1 9.99994E-1 9.99928E-1 9.99927E-1 9.95568E-1 9.99544E-1 9.98939E-1 9.98536E-1 9.96401E-1 9.99028E-1 9.99472E-1 9.99289E-1 9.82635E-1 8.02608E-1 9.15713E-1 8.50955E-1 4.61855E-1 1.46805E-1 1.95202E-1 1.89908E-1 5.59369E-1 6.5216E-1 5.11482E-1 8.07871E-1 8.38685E-1 9.83192E-1 9.43388E-1 8.35961E-1 1.79377E-1 1.72615E-1 6.02715E-1 6.18035E-1 6.18002E-1 3.56532E-1 3.27889E-1 1.36146E-1 3.29826E-1 3.02103E-1 2.39824E-1 1.89305E-1 9.06839E-2 1.10697E-2 4.24524E-2 2.21423E-2 1.69582E-3 1.35426E-3 4.77997E-3 1.23449E-2 1.8737E-2 1.5984E-2 8.25239E-3 1.09724E-2 4.77433E-3 9.48214E-3 6.19022E-3
-9999 -9999 -9999 -9999 -9999 -9999 -9999 -9999 -9999 -9999 -9999 -9999 -9999 -9999 -9999 9.99662E-1 9.99961E-1 9.99766E-1 9.99976E-1 9.99986E-1 9.99871E-1 9.99443E-1 9.99945E-1 9.98794E-1 9.96007E-1 9.96064E-1 9.97544E-1 9.96695E-1 9.9941E-1 9.91396E-1 8.57775E-1 9.90242E-1 9.7058E-1 7.41706E-1 1.20491E-1 1.81407E-1 2.31762E-1 2.63886E-1 6.06428E-1 4.48183E-1 8.03466E-1 8.80799E-1 6.70064E-1 8.45073E-1 7.73291E-1 6.33252E-2 1.92656E-1 6.18403E-1 7.59869E-1 7.9187E-1 5.901E-1 4.16644E-1 1.79934E-1 1.99128E-1 1.98227E-1 1.71663E-1 1.52244E-1 1.7537E-2 5.35331E-3 6.72113E-3 9.24825E-3 1.60769E-3 6.79472E-4 1.31949E-3 1.75311E-3 7.22868E-3 7.65688E-3 2.00667E-2 1.16727E-2 4.6732E-3 1.78483E-3 1.12829E-3
-9999 -9999 -9999 -9999 -9999 -9999 -9999 -9999 -9999 -9999 -9999 -9999 -9999 -9999 -9999 9.99994E-1 9.99945E-1 9.99762E-1 9.99864E-1 9.99509E-1 9.99934E-1 9.98785E-1 9.9984E-1 9.99512E-1 9.95804E-1 9.99365E-1 9.86704E-1 9.83124E-1 9.94246E-1 9.17277E-1 4.52055E-1 9.30676E-1 8.29816E-1 4.09274E-1 3.09831E-1 1.43186E-1 8.58243E-2 5.45681E-1 8.05082E-1 9.69633E-1 9.35124E-1 9.2105E-1 8.04323E-1 6.23744E-1 7.20602E-1 6.47075E-1 8.07334E-1 7.44337E-1 6.47704E-1 5.91944E-1 3.60872E-1 4.04942E-1 3.45248E-1 1.06139E-1 1.07495E-1 4.1552E-2 1.03378E-2 7.33187E-3 1.76608E-2 6.13495E-3 1.74626E-3 1.41225E-3 5.41856E-4 6.14889E-4 5.01722E-4 1.56156E-3 5.06059E-3 3.82028E-3 1.05612E-2 2.58675E-3 3.20122E-4 2.24735E-4
-9999 -9999 -9999 -9999 -9999 -9999 -9999 -9999 -9999 -9999 -9999 -9999 -9999 -9999 9.99955E-1 9.99985E-1 9.99992E-1 9.99971E-1 9.98802E-1 9.96879E-1 9.97243E-1 9.99326E-1 9.95947E-1 9.99991E-1 9.98809E-1 9.97509E-1 9.86028E-1 9.977E-1 9.91123E-1 8.50684E-1 7.45109E-1 6.41954E-1 4.35016E-1 5.56293E-1 3.08752E-1 3.53934E-1 1.7521E-1 1.25618E-1 1.10407E-1 4.02259E-1 7.90429E-1 9.41924E-1 7.6636E-1 6.44535E-1 4.50413E-1 6.03534E-1 6.15391E-1 8.08486E-1 6.88937E-1 3.52719E-1 1.76484E-1 3.02833E-1 4.15151E-1 3.63804E-1 3.37902E-1 1.08214E-1 8.91599E-3 1.02489E-2 4.5285E-2 1.53402E-2 4.39307E-3 1.60078E-3 4.88539E-4 5.36821E-4 5.20049E-4 1.01969E-3 5.17357E-3 9.79681E-4 3.27448E-3 3.27872E-3 5.18489E-4 4.87177E-4
-9999 -9999 -9999 -9999 -9999 -9999 -9999 -9999 -9999 -9999 -9999 -9999 -9999 9.99949E-1 9.99994E-1 9.99989E-1 9.9965E-1 9.99997E-1 9.99617E-1 9.99483E-1 9.98792E-1 9.98979E-1 9.99135E-1 9.95216E-1 9.96579E-1 9.99611E-1 9.99431E-1 9.99205E-1 9.96202E-1 7.06211E-1 6.9535E-1 5.54265E-1 4.45767E-1 2.03667E-1 2.68216E-1 2.33925E-1 2.14377E-1 1.30247E-1 3.07966E-1 1.72201E-1 3.8219E-1 1.00234E-1 4.36554E-1 6.37825E-1 6.66209E-1 2.3176E-1 4.13265E-1 6.76084E-1 7.69397E-1 7.04394E-1 4.48591E-1 5.21191E-1 4.79683E-1 3.21258E-1 4.1751E-1 2.73137E-1 1.90334E-1 4.32919E-2 4.25562E-2 1.52598E-2 1.10008E-2 7.20974E-3 3.23823E-3 4.65141E-4 1.38368E-4 5.56735E-4 1.13293E-3 1.14097E-3 1.65132E-3 2.40061E-3 4.15071E-4 -9999
-9999 -9999 -9999 -9999 -9999 -9999 -9999 -9999 -9999 -9999 -9999 -9999 -9999 9.9996E-1 9.99965E-1 9.9999E-1 9.99477E-1 9.99983E-1 9.99867E-1 9.98902E-1 9.99476E-1 9.99663E-1 9.97221E-1 9.99343E-1 9.99968E-1 9.87762E-1 9.74302E-1 9.4443E-1 8.80562E-1 3.43877E-1 1.95626E-1 1.11166E-1 1.75329E-1 3.5661E-1 2.33428E-1 2.34417E-1 2.62924E-1 6.72073E-1 5.03873E-1 5.10618E-1 8.28094E-1 8.48885E-1 5.51514E-1 3.84644E-1 4.60514E-1 1.54523E-1 5.94924E-1 6.72122E-1 7.07685E-1 4.26073E-1 3.7093E-1 5.32149E-1 3.50046E-1 1.90119E-1 3.04587E-1 2.4465E-1 1.66755E-1 1.21172E-1 1.37411E-1 4.43522E-2 5.48154E-2 2.89159E-2 5.78532E-3 1.1315E-3 2.94919E-4 1.63655E-4 6.52682E-4 4.19949E-4 8.06867E-4 4.84864E-4 -9999 -9999
-9999 -9999 -9999 -9999 -9999 -9999 -9999 -9999 -9999 -9999 -9999 -9999 9.99988E-1 9.99996E-1 9.99956E-1 9.99956E-1 9.99999E-1 9.99749E-1 9.99928E-1 9.99777E-1 9.9863E-1 9.98078E-1 9.96766E-1 9.99513E-1 9.99963E-1 9.99074E-1 9.98688E-1 6.98289E-1 5.73327E-1 2.75932E-1 3.13627E-1 4.09339E-1 3.06763E-1 3.98895E-1 6.47059E-1 4.13195E-1 4.50693E-1 3.15006E-1 8.22456E-1 8.24321E-1 7.30225E-1 9.07783E-1 5.33736E-1 2.73297E-1 1.38739E-1 7.27951E-2 1.8168E-1 6.4849E-1 3.5411E-1 4.61736E-1 2.31569E-1 2.34771E-1 2.86512E-1 1.72254E-1 1.38437E-1 7.82858E-2 3.29444E-2 3.86487E-2 3.49563E-2 2.19215E-2 2.10544E-2 9.22467E-3 7.54247E-3 4.88362E-4 1.37742E-4 1.23335E-4 2.84231E-4 1.47027E-4 3.19118E-4 9.90966E-5 -9999 -9999
