ENM/Final_Models/M_2_F_q_Set_1_E/Gustavia_santanderiensis_4_Choco.asc
ncols         367
nrows         963
xllcorner     -78.6
yllcorner     0.65
cellsize      0.00833333333333323
NODATA_value  -9999
[rows 124 to 154 of 963, columns 207 to 275 of 367]
5.38391E-2 1.46073E-1 7.69543E-2 9.18866E-2 7.9043E-2 1.43813E-1 8.04572E-2 1.74571E-1 1.84417E-1 1.97953E-1 1.27801E-1 1.30405E-1 1.37254E-1 2.96855E-1 3.32052E-1 3.37668E-1 1.44487E-1 2.16033E-1 4.09716E-1 4.1163E-1 4.07142E-1 4.00778E-1 5.39832E-1 4.4355E-1 4.46546E-1 6.25594E-1 8.75919E-1 7.42136E-1 7.81074E-1 4.22196E-1 3.56822E-1 3.30868E-1 5.05594E-1 7.67089E-1 6.9349E-1 6.39868E-1 6.0935E-1 4.84346E-1 5.39705E-1 1.88323E-1 9.94041E-2 1.40915E-1 1.34162E-1 8.44287E-2 3.6924E-2 1.38009E-2 2.18876E-2 8.26649E-2 2.1422E-1 3.13646E-1 6.72995E-1 2.82574E-1 1.83282E-1 1.96538E-1 3.15473E-1 -9999 -9999 -9999 -9999 -9999 4.65182E-1 4.16861E-1 3.61823E-1 2.79813E-1 2.65575E-1 1.36392E-1 -9999 -9999 -9999
1.06898E-1 6.17838E-2 8.06631E-2 2.43367E-2 9.05738E-2 1.06885E-1 1.79117E-1 1.76486E-1 2.02089E-1 3.26634E-1 9.08284E-2 9.71523E-2 7.83724E-2 2.04208E-1 3.28409E-1 2.74327E-1 2.16436E-1 2.30012E-1 3.68711E-1 5.38581E-1 4.11207E-1 4.85083E-1 4.59843E-1 3.98181E-1 4.64754E-1 7.18943E-1 7.95385E-1 8.17798E-1 9.23089E-1 6.68749E-1 4.80613E-1 3.63387E-1 5.65046E-1 7.02046E-1 6.84296E-1 6.46119E-1 4.58755E-1 4.15438E-1 5.55783E-1 4.9988E-1 1.0807E-1 8.63048E-2 9.80988E-2 4.10969E-2 8.53299E-2 3.46747E-2 1.48883E-1 4.25723E-2 3.07547E-1 7.25125E-1 3.94422E-1 3.34365E-1 2.84291E-1 1.43886E-1 2.06203E-1 2.22925E-1 -9999 -9999 -9999 -9999 5.32285E-1 3.6389E-1 3.75467E-1 3.65353E-1 1.86149E-1 1.53214E-1 -9999 -9999 -9999
1.4228E-1 1.27453E-1 1.15395E-1 2.10196E-1 1.6972E-1 1.7806E-1 3.71414E-1 3.52072E-1 3.76257E-1 3.33023E-1 1.06027E-1 1.19838E-1 1.08546E-1 1.00169E-1 2.95457E-1 3.25864E-1 2.53159E-1 2.76217E-1 2.878E-1 2.74576E-1 3.03686E-1 3.25097E-1 3.62744E-1 7.63492E-1 7.48759E-1 8.16566E-1 7.89048E-1 8.97926E-1 9.2343E-1 6.67408E-1 6.14256E-1 3.65156E-1 4.32076E-1 6.33483E-1 6.46203E-1 4.32645E-1 3.8879E-1 4.25849E-1 6.17554E-1 2.75966E-1 1.74737E-1 2.42253E-1 1.10019E-1 7.90978E-2 5.6017E-2 1.53466E-1 1.41203E-1 2.16398E-1 4.20474E-1 5.83025E-1 2.13788E-1 2.01298E-1 3.77805E-1 2.37722E-1 3.02997E-1 3.17001E-1 -9999 -9999 -9999 5.95624E-1 4.85977E-1 3.96387E-1 2.29391E-1 2.65918E-1 5.37452E-1 3.47982E-1 -9999 -9999 4.3335E-2
9.83922E-2 1.41491E-1 1.12035E-1 1.91437E-1 3.11268E-1 2.61822E-1 3.65037E-1 3.34195E-1 5.0526E-1 4.29062E-1 2.73368E-1 3.55245E-1 1.34133E-1 6.64367E-2 2.6654E-1 3.15158E-1 3.73956E-1 3.11667E-1 3.26856E-1 3.39536E-1 2.13569E-1 2.37546E-1 3.01595E-1 5.26091E-1 6.20981E-1 8.29971E-1 6.64483E-1 9.25697E-1 9.44338E-1 7.11191E-1 6.06377E-1 5.3492E-1 3.57457E-1 3.74673E-1 4.19665E-1 6.32856E-1 5.81546E-1 4.09881E-1 4.04209E-1 4.21376E-1 2.84171E-1 2.04443E-1 1.10966E-1 9.42354E-2 6.47469E-2 1.51632E-1 1.3278E-1 1.7807E-1 3.92746E-1 5.99345E-1 5.87856E-1 4.73636E-1 3.10944E-1 2.23005E-1 2.47794E-1 2.98953E-1 2.18987E-1 -9999 -9999 6.30395E-1 4.79823E-1 3.66564E-1 1.99782E-1 2.21082E-1 3.42709E-1 3.73025E-1 -9999 -9999 9.79775E-2
7.92656E-2 1.55653E-1 1.64229E-1 2.21959E-1 2.0568E-1 2.31326E-1 2.65549E-1 2.97034E-1 1.91962E-1 5.68238E-1 4.02934E-1 2.80599E-1 2.00822E-1 1.09292E-1 1.43776E-1 2.99806E-1 1.97151E-1 3.178E-1 1.77213E-1 2.49259E-1 1.99921E-1 2.53902E-1 2.75562E-1 4.62647E-1 4.30696E-1 5.41485E-1 8.87458E-1 9.26471E-1 9.46819E-1 7.86826E-1 6.20742E-1 5.08989E-1 4.08112E-1 3.60933E-1 4.45559E-1 4.28484E-1 5.13626E-1 3.44261E-1 5.27224E-1 4.80729E-1 1.39823E-1 1.7977E-1 1.31076E-1 5.00974E-2 5.12259E-2 1.13479E-1 1.00282E-1 2.23973E-1 3.33015E-1 4.52371E-1 5.5616E-1 5.27512E-1 5.53178E-1 4.38315E-1 2.84338E-1 2.99705E-1 1.97137E-1 -9999 -9999 2.69073E-1 4.35203E-1 4.59154E-1 3.58837E-1 2.88792E-1 1.94039E-1 2.95725E-1 2.27848E-1 6.2584E-2 4.61658E-2
1.60902E-1 1.63898E-1 1.90672E-1 2.04443E-1 4.39658E-1 3.68462E-1 2.55882E-1 4.06042E-1 3.76249E-1 3.67714E-1 3.50913E-1 4.71558E-1 3.50245E-1 1.65239E-1 1.55611E-1 1.71255E-1 2.83121E-1 1.83014E-1 1.83517E-1 2.19352E-1 2.89758E-1 4.05382E-1 4.17622E-1 4.97114E-1 6.14613E-1 6.58592E-1 6.49064E-1 6.32164E-1 9.30789E-1 6.71451E-1 7.37186E-1 7.14611E-1 4.50328E-1 4.65655E-1 3.64279E-1 4.13705E-1 5.17935E-1 4.09419E-1 6.18515E-1 5.87977E-1 2.46474E-1 1.72128E-1 1.33994E-1 9.66577E-2 1.14178E-1 1.00187E-1 2.3521E-1 2.3301E-1 1.67917E-1 2.71033E-1 4.34287E-1 3.66328E-1 3.95735E-1 4.83462E-1 5.20767E-1 3.56935E-1 2.40771E-1 -9999 -9999 2.52744E-1 3.0263E-1 3.88859E-1 3.72747E-1 3.89688E-1 2.26383E-1 3.43673E-1 2.05468E-1 5.05977E-2 6.08862E-2
1.1388E-1 4.15471E-1 4.09086E-1 5.06578E-1 4.54675E-1 3.35181E-1 2.87183E-1 4.54777E-1 3.32235E-1 3.8566E-1 3.20498E-1 3.40757E-1 3.1389E-1 2.37374E-1 3.62534E-1 2.14992E-1 1.83443E-1 1.15763E-1 1.17195E-1 1.21617E-1 2.23905E-1 3.40592E-1 5.91183E-1 6.04314E-1 3.94854E-1 6.39894E-1 6.65267E-1 8.31862E-1 9.37209E-1 7.56194E-1 7.06128E-1 6.86274E-1 5.04683E-1 4.42741E-1 5.69834E-1 5.32312E-1 5.32996E-1 4.30034E-1 5.85945E-1 4.47696E-1 2.408E-1 1.19172E-1 8.48743E-2 3.44094E-2 4.96348E-2 5.93292E-2 2.87518E-1 2.9565E-1 1.45102E-1 1.23882E-1 2.22589E-1 3.22324E-1 4.61728E-1 4.90293E-1 5.0582E-1 3.94509E-1 3.0618E-1 2.07598E-1 -9999 1.5719E-1 2.43608E-1 2.04305E-1 1.97684E-1 2.93768E-1 2.64225E-1 2.64404E-1 1.2068E-1 1.40882E-1 8.55469E-2
1.3107E-1 2.13221E-1 1.33709E-1 3.70281E-1 2.58076E-1 4.18486E-1 4.0795E-1 2.66261E-1 2.65107E-1 4.00965E-1 3.23903E-1 2.21452E-1 2.41949E-1 3.19616E-1 3.12081E-1 1.50647E-1 2.93537E-1 2.66436E-1 2.23347E-1 9.78137E-2 1.16371E-1 2.99004E-1 4.79428E-1 6.86015E-1 5.87631E-1 5.44407E-1 8.21269E-1 8.42413E-1 7.93751E-1 8.77221E-1 9.24407E-1 7.57292E-1 5.5915E-1 4.10815E-1 3.51004E-1 4.53606E-1 6.27869E-1 5.62873E-1 6.6894E-1 5.39182E-1 3.64515E-1 1.1558E-1 1.45304E-1 7.73654E-2 5.47731E-2 8.1214E-2 1.45201E-1 1.18425E-1 2.0394E-1 1.94378E-1 1.83704E-1 1.12638E-1 3.0624E-1 4.89224E-1 4.73259E-1 3.77059E-1 2.86471E-1 3.33414E-1 -9999 -9999 3.18407E-1 2.07727E-1 2.41222E-1 2.94668E-1 4.67141E-1 3.51095E-1 1.47178E-1 3.42941E-1 2.66832E-1
2.98966E-1 3.52341E-1 3.36677E-1 2.42785E-1 2.35081E-1 4.02611E-1 4.13507E-1 2.22218E-1 2.34947E-1 1.95853E-1 2.94348E-1 1.88545E-1 1.84786E-1 1.62287E-1 2.27639E-1 2.37626E-1 3.73805E-1 2.08237E-1 2.97024E-1 2.57027E-1 3.71682E-1 7.78208E-1 7.96471E-1 7.05256E-1 6.00965E-1 6.46638E-1 7.80762E-1 8.83221E-1 9.29144E-1 7.94248E-1 7.44622E-1 7.44568E-1 6.83793E-1 6.98332E-1 6.69932E-1 7.19066E-1 7.19237E-1 7.13727E-1 7.7783E-1 7.38343E-1 3.35533E-1 2.04154E-1 8.25611E-2 9.0149E-2 1.00155E-1 1.61979E-1 1.77439E-1 1.93154E-1 2.27962E-1 4.00161E-1 1.71525E-1 1.82518E-1 1.12266E-1 2.53436E-1 2.85768E-1 5.37131E-1 5.85583E-1 4.12805E-1 4.85635E-1 -9999 3.96949E-1 2.64573E-1 2.64769E-1 3.4812E-1 3.13306E-1 4.05986E-1 2.84811E-1 3.90118E-1 2.23739E-1
2.3295E-1 2.84536E-1 2.52126E-1 2.86889E-1 4.72563E-1 4.47161E-1 3.65192E-1 4.22577E-1 4.54287E-1 2.30288E-1 3.22838E-1 3.17222E-1 3.04038E-1 2.79128E-1 2.73829E-1 2.47965E-1 2.90526E-1 3.86353E-1 4.59851E-1 3.72644E-1 5.94139E-1 8.64484E-1 7.2049E-1 7.90825E-1 7.82664E-1 8.22564E-1 9.70711E-1 9.435E-1 8.79539E-1 7.97516E-1 8.97254E-1 8.37314E-1 8.39428E-1 7.96568E-1 8.26882E-1 8.76705E-1 6.83105E-1 7.46315E-1 6.94503E-1 7.55345E-1 5.6157E-1 3.01073E-1 1.29366E-1 5.10047E-2 7.82749E-2 9.14736E-2 1.21713E-1 1.29213E-1 2.3619E-1 1.6096E-1 2.61298E-1 3.00278E-1 2.59969E-1 1.81133E-1 2.4116E-1 2.8939E-1 6.43064E-1 5.9125E-1 5.04635E-1 -9999 -9999 3.46907E-1 2.85856E-1 3.22701E-1 3.88153E-1 2.75296E-1 2.73819E-1 3.5205E-1 4.04169E-1
3.35232E-1 3.11067E-1 2.45973E-1 3.28106E-1 2.62747E-1 2.35177E-1 2.12944E-1 4.33958E-1 4.8322E-1 1.96597E-1 4.27937E-1 3.90928E-1 3.37011E-1 3.05276E-1 3.03787E-1 3.05943E-1 2.50277E-1 4.01096E-1 3.93504E-1 4.42142E-1 3.66796E-1 6.46337E-1 7.64572E-1 6.73463E-1 9.36309E-1 8.7668E-1 9.64987E-1 9.62079E-1 9.59886E-1 8.7211E-1 9.53686E-1 8.9434E-1 8.76215E-1 8.53974E-1 9.61394E-1 9.03642E-1 7.4525E-1 9.03928E-1 8.87448E-1 8.30469E-1 7.05718E-1 2.28356E-1 1.504E-1 6.1856E-2 4.40342E-2 6.27477E-2 8.43425E-2 8.27804E-2 2.52128E-1 8.92221E-2 2.28605E-1 3.18848E-1 4.08351E-1 1.94516E-1 1.94995E-1 2.35693E-1 5.77333E-1 4.90616E-1 7.02365E-1 -9999 -9999 -9999 2.62689E-1 3.35737E-1 3.89457E-1 4.06465E-1 2.85119E-1 3.71138E-1 2.38609E-1
3.62163E-1 4.50447E-1 2.80456E-1 3.64574E-1 3.20009E-1 3.8174E-1 6.99037E-1 7.3789E-1 8.20535E-1 5.16358E-1 2.61814E-1 4.20099E-1 3.57246E-1 2.87584E-1 2.71236E-1 2.58007E-1 2.62585E-1 2.79473E-1 3.55007E-1 3.59549E-1 3.68051E-1 5.77849E-1 7.73677E-1 8.7702E-1 9.22889E-1 9.08776E-1 9.41585E-1 9.62388E-1 9.06062E-1 8.14022E-1 9.54313E-1 8.32506E-1 8.2921E-1 9.313E-1 7.98847E-1 9.77968E-1 7.81365E-1 6.52736E-1 6.75291E-1 6.90284E-1 6.61022E-1 2.6751E-1 1.45406E-1 6.65881E-2 6.79485E-2 3.06656E-2 2.69864E-2 2.83679E-2 5.67458E-2 9.25577E-2 2.30692E-1 2.88946E-1 3.02689E-1 3.07869E-1 1.72987E-1 2.08783E-1 5.2498E-1 6.36103E-1 7.06576E-1 6.01757E-1 -9999 -9999 -9999 4.44667E-1 4.92491E-1 4.34449E-1 2.71131E-1 2.99096E-1 2.56951E-1
4.425E-1 7.03593E-1 7.42166E-1 4.47523E-1 3.21475E-1 4.3789E-1 7.67801E-1 7.36405E-1 8.4717E-1 5.28401E-1 2.38554E-1 2.9762E-1 4.23835E-1 3.64341E-1 2.50619E-1 1.55998E-1 1.75794E-1 2.74375E-1 4.37517E-1 4.26402E-1 6.30365E-1 6.66306E-1 7.96194E-1 7.30108E-1 8.46445E-1 8.60215E-1 8.55747E-1 9.06931E-1 9.13733E-1 9.11059E-1 9.17513E-1 8.10032E-1 7.89329E-1 6.21784E-1 2.93171E-1 4.54375E-1 6.67807E-1 6.69212E-1 5.3863E-1 5.91603E-1 6.54808E-1 5.33655E-1 2.86183E-1 1.18086E-1 8.23339E-2 3.58679E-2 2.58374E-2 1.94237E-2 1.34784E-2 3.58786E-2 1.49825E-1 1.1065E-1 8.69191E-2 3.11749E-1 2.93317E-1 2.09168E-1 5.53007E-1 5.94666E-1 5.23543E-1 3.83405E-1 3.64439E-1 -9999 -9999 4.95576E-1 4.94866E-1 4.99011E-1 2.85062E-1 3.5867E-1 4.82769E-1
7.39839E-1 7.47609E-1 8.05155E-1 5.5908E-1 6.56939E-1 6.20676E-1 7.797E-1 7.99915E-1 9.053E-1 8.26108E-1 5.75679E-1 2.95483E-1 5.26588E-1 5.98848E-1 3.55571E-1 2.82635E-1 4.61271E-1 3.70962E-1 4.52011E-1 4.90108E-1 5.56917E-1 5.96845E-1 7.8986E-1 8.70461E-1 7.9613E-1 8.06921E-1 8.12556E-1 9.39838E-1 6.82807E-1 7.95094E-1 8.53265E-1 8.03686E-1 8.55929E-1 4.91219E-1 2.26072E-1 3.49711E-1 4.22471E-1 4.15257E-1 4.15693E-1 4.00381E-1 6.06296E-1 5.34907E-1 5.08609E-1 2.77987E-1 1.61905E-1 1.0534E-1 4.21398E-2 2.46829E-2 2.61686E-2 1.60207E-2 9.90252E-2 9.59145E-2 7.52838E-2 2.17858E-1 2.79473E-1 2.17722E-1 4.13341E-1 4.91046E-1 3.95667E-1 6.40932E-1 6.42514E-1 -9999 -9999 -9999 3.31004E-1 3.86064E-1 4.58275E-1 2.41728E-1 2.71704E-1
4.17035E-1 8.36861E-1 8.32319E-1 9.385E-1 9.29215E-1 9.0029E-1 8.95355E-1 9.49424E-1 8.85439E-1 9.21662E-1 5.58E-1 5.50382E-1 4.61574E-1 3.96333E-1 5.24808E-1 7.09405E-1 7.22309E-1 7.68721E-1 7.10719E-1 5.80228E-1 6.09415E-1 4.64091E-1 5.17926E-1 7.33039E-1 7.67978E-1 7.06707E-1 7.29293E-1 7.1256E-1 5.40125E-1 8.64226E-1 8.56585E-1 8.91975E-1 8.7812E-1 5.64405E-1 2.50167E-1 2.65557E-1 2.78767E-1 4.12834E-1 3.65602E-1 2.38018E-1 2.40485E-1 4.85479E-1 7.99836E-1 4.56794E-1 2.15452E-1 1.43771E-1 6.2967E-2 2.53295E-2 1.95512E-2 4.77178E-2 4.20939E-2 4.2778E-2 4.91425E-2 1.01597E-1 1.54979E-1 3.64999E-1 4.31587E-1 5.45583E-1 4.17668E-1 6.02912E-1 6.53372E-1 -9999 -9999 -9999 3.16332E-1 3.71819E-1 3.13883E-1 4.11026E-1 2.60777E-1
3.77219E-1 7.41385E-1 9.32034E-1 7.65026E-1 9.43638E-1 9.20874E-1 9.10954E-1 9.32296E-1 8.68219E-1 8.88459E-1 6.55311E-1 5.10003E-1 6.01686E-1 4.01164E-1 4.46262E-1 7.14194E-1 7.64301E-1 7.34822E-1 7.74961E-1 7.79235E-1 7.22132E-1 5.52193E-1 5.91052E-1 3.68479E-1 4.56423E-1 7.09865E-1 7.2954E-1 6.9062E-1 7.45692E-1 5.97736E-1 7.14044E-1 5.25783E-1 8.32647E-1 9.21235E-1 7.83636E-1 7.06865E-1 8.24607E-1 5.04142E-1 4.7292E-1 3.38725E-1 3.59938E-1 4.67078E-1 7.67875E-1 5.87603E-1 2.37684E-1 1.24438E-1 9.35417E-2 3.01424E-2 2.45322E-2 1.83525E-2 4.12375E-2 5.95899E-2 1.05637E-1 1.30014E-1 3.4052E-1 4.24314E-1 3.90575E-1 4.65688E-1 5.69796E-1 6.68694E-1 4.82814E-1 -9999 -9999 -9999 -9999 4.52806E-1 4.76406E-1 3.29285E-1 2.69728E-1
8.68706E-1 8.25908E-1 9.89977E-1 6.13064E-1 8.29837E-1 9.37868E-1 9.29383E-1 8.33037E-1 9.67404E-1 7.64716E-1 7.28287E-1 6.54774E-1 4.32559E-1 6.52417E-1 5.25424E-1 5.11515E-1 7.75844E-1 8.13441E-1 8.92173E-1 8.10866E-1 7.79955E-1 5.43463E-1 4.64669E-1 5.28613E-1 4.20022E-1 7.38583E-1 7.97722E-1 6.98652E-1 5.03395E-1 4.46752E-1 4.76915E-1 4.09695E-1 8.1063E-1 8.99173E-1 9.51283E-1 9.09533E-1 8.93779E-1 5.89327E-1 4.47037E-1 4.01718E-1 4.1103E-1 2.46463E-1 3.51384E-1 5.07812E-1 1.88367E-1 6.89974E-2 4.94111E-2 4.02714E-2 3.10606E-2 3.10763E-2 5.21507E-2 6.55305E-2 8.22299E-2 1.00998E-1 3.15125E-1 2.68907E-1 2.54885E-1 5.0649E-1 5.85932E-1 5.16913E-1 5.58137E-1 5.64084E-1 -9999 -9999 -9999 -9999 4.29037E-1 3.3617E-1 3.82118E-1
6.64715E-1 8.00347E-1 7.70977E-1 6.49527E-1 6.90216E-1 9.16389E-1 7.28122E-1 9.32188E-1 9.23899E-1 8.31787E-1 8.73325E-1 7.6914E-1 8.40702E-1 8.46959E-1 8.06319E-1 7.45978E-1 7.34029E-1 8.04719E-1 9.04365E-1 8.1911E-1 8.22677E-1 7.06491E-1 4.44637E-1 5.32769E-1 6.76919E-1 6.84548E-1 6.98166E-1 6.35319E-1 5.76133E-1 5.21565E-1 5.52019E-1 3.82795E-1 8.45204E-1 8.56675E-1 9.09073E-1 9.2779E-1 9.06293E-1 7.2931E-1 4.52121E-1 3.91832E-1 3.94406E-1 3.31171E-1 2.72466E-1 4.06679E-1 1.69452E-1 9.18432E-2 6.64416E-2 6.52452E-2 3.60076E-2 2.35334E-2 4.02621E-2 4.98424E-2 5.5183E-2 8.13735E-2 2.21848E-1 2.56793E-1 2.65541E-1 4.17987E-1 5.39234E-1 6.01953E-1 5.92171E-1 5.46547E-1 7.28943E-1 -9999 -9999 -9999 5.09916E-1 3.79297E-1 4.40125E-1
7.20883E-1 6.66563E-1 7.64493E-1 9.01369E-1 7.69921E-1 8.28645E-1 7.7683E-1 8.19097E-1 8.20389E-1 8.0685E-1 8.23496E-1 8.43844E-1 9.10642E-1 9.37066E-1 9.07969E-1 8.61613E-1 8.87006E-1 9.37074E-1 8.35981E-1 8.6136E-1 8.51696E-1 7.11889E-1 5.33795E-1 5.62892E-1 7.56557E-1 5.81704E-1 3.13006E-1 3.16365E-1 6.03594E-1 5.37463E-1 5.07669E-1 4.96252E-1 7.41296E-1 6.7509E-1 8.9036E-1 8.44516E-1 8.36162E-1 8.47345E-1 8.95795E-1 7.94613E-1 5.90274E-1 5.00932E-1 3.64116E-1 4.69463E-1 2.27073E-1 2.14983E-1 1.09829E-1 5.04015E-2 8.15719E-3 8.44995E-3 1.84227E-2 1.71173E-2 3.05175E-2 1.14403E-1 2.00392E-1 2.50113E-1 3.05406E-1 4.11934E-1 6.11146E-1 6.80965E-1 6.15231E-1 4.53681E-1 5.43818E-1 4.78462E-1 -9999 -9999 5.04439E-1 4.43158E-1 3.13706E-1
9.16298E-1 7.47209E-1 9.63871E-1 9.72542E-1 9.37552E-1 8.17991E-1 7.87859E-1 6.98307E-1 7.14619E-1 9.05005E-1 8.46969E-1 8.27054E-1 8.95746E-1 9.40609E-1 9.6988E-1 9.01449E-1 7.67754E-1 6.99967E-1 6.34191E-1 7.38021E-1 8.53115E-1 6.39077E-1 5.49973E-1 5.8776E-1 7.16455E-1 5.37663E-1 2.11672E-1 2.8603E-1 4.17624E-1 3.19662E-1 3.3037E-1 6.83011E-1 7.5681E-1 6.94928E-1 6.14958E-1 5.68145E-1 6.68804E-1 8.81527E-1 9.42724E-1 8.31325E-1 7.06956E-1 5.74966E-1 3.9132E-1 4.8806E-1 3.03773E-1 1.43812E-1 8.64561E-2 6.84175E-2 3.68051E-2 1.34904E-2 1.97234E-2 1.26129E-2 2.13721E-2 1.47645E-1 2.36383E-1 1.62849E-1 1.75775E-1 3.25687E-1 4.02828E-1 5.91969E-1 6.71989E-1 4.31664E-1 3.37398E-1 2.97566E-1 -9999 -9999 4.15515E-1 4.06365E-1 4.83054E-1
6.20391E-1 5.16894E-1 7.85929E-1 8.25895E-1 9.05527E-1 7.35082E-1 7.81258E-1 7.1283E-1 8.72051E-1 8.96475E-1 8.96958E-1 7.96576E-1 7.05232E-1 7.52892E-1 6.54903E-1 8.95395E-1 8.49383E-1 5.39736E-1 5.35889E-1 7.15973E-1 7.60573E-1 7.06345E-1 6.41055E-1 4.43975E-1 4.7215E-1 4.10381E-1 2.96742E-1 2.61881E-1 3.85463E-1 3.81815E-1 7.01766E-1 2.69338E-1 3.63513E-1 6.00353E-1 4.2842E-1 4.71048E-1 5.50274E-1 8.40135E-1 8.35037E-1 7.20213E-1 6.64366E-1 6.25727E-1 4.00998E-1 3.43247E-1 6.16881E-2 1.12532E-1 1.27705E-1 8.03012E-2 3.14019E-2 3.30918E-2 2.3015E-2 9.55785E-3 9.1386E-3 6.61061E-2 1.70984E-1 1.26985E-1 2.00085E-1 2.50277E-1 3.73776E-1 4.73332E-1 7.18152E-1 4.72436E-1 4.11029E-1 3.93151E-1 2.345E-1 3.19283E-1 3.09819E-1 4.37685E-1 4.2444E-1
7.65968E-1 5.42319E-1 7.35611E-1 7.47491E-1 7.58737E-1 5.42729E-1 7.15388E-1 8.40469E-1 6.51405E-1 9.30166E-1 9.28964E-1 6.36818E-1 6.46438E-1 7.91259E-1 7.18705E-1 7.0429E-1 7.91672E-1 7.02238E-1 5.77791E-1 8.10556E-1 8.45511E-1 6.71457E-1 6.55035E-1 5.99039E-1 3.71246E-1 4.24812E-1 3.89188E-1 5.96392E-1 5.22036E-1 5.61606E-1 6.19514E-1 5.07948E-1 4.46442E-1 2.40624E-1 2.92202E-1 5.99857E-1 6.75695E-1 9.4409E-1 9.31479E-1 6.01412E-1 5.11087E-1 5.78189E-1 6.55194E-1 5.94881E-1 1.85169E-1 1.24358E-1 1.23972E-1 7.09748E-2 5.88763E-2 2.14249E-2 8.09875E-3 7.65834E-3 2.29721E-3 4.72556E-3 1.45938E-1 1.80141E-1 2.92782E-1 4.97939E-1 5.62061E-1 6.32433E-1 6.33764E-1 5.15539E-1 6.05486E-1 3.53627E-1 2.55246E-1 3.96861E-1 3.98195E-1 3.31469E-1 3.25705E-1
7.56686E-1 6.2458E-1 3.93224E-1 3.14875E-1 3.95187E-1 5.21255E-1 7.45293E-1 6.88495E-1 7.5624E-1 5.68838E-1 6.63755E-1 5.07722E-1 7.23077E-1 8.27986E-1 8.57806E-1 7.0114E-1 5.56241E-1 5.57697E-1 7.04781E-1 6.56561E-1 8.60869E-1 7.46312E-1 6.88416E-1 5.15195E-1 6.01676E-1 5.90538E-1 7.23307E-1 7.31237E-1 6.91392E-1 6.48856E-1 4.59898E-1 3.84174E-1 4.6888E-1 6.00131E-1 3.8648E-1 6.79715E-1 7.47507E-1 9.21478E-1 9.7104E-1 8.89637E-1 8.03485E-1 4.79016E-1 6.29088E-1 8.10736E-1 2.96208E-1 1.28753E-1 7.69659E-2 1.0358E-1 4.65425E-2 3.24779E-2 2.78059E-2 1.628E-2 1.2317E-2 7.58287E-3 4.33638E-2 1.21614E-1 2.4481E-1 4.91945E-1 4.88691E-1 5.29771E-1 4.89288E-1 3.63821E-1 3.38744E-1 4.44923E-1 2.45353E-1 2.85375E-1 3.92798E-1 2.71433E-1 3.96E-1
6.5317E-1 6.66126E-1 4.94345E-1 3.78704E-1 1.85952E-1 3.8453E-1 8.80706E-1 5.56139E-1 7.56904E-1 6.09518E-1 3.62725E-1 5.98612E-1 5.02729E-1 5.73758E-1 8.37482E-1 7.90059E-1 6.51521E-1 8.12348E-1 8.34406E-1 5.11518E-1 7.42736E-1 7.54884E-1 6.0248E-1 5.98416E-1 6.39174E-1 7.32254E-1 7.59576E-1 7.3779E-1 8.58955E-1 5.52725E-1 6.87032E-1 4.37266E-1 5.3216E-1 4.74458E-1 4.8461E-1 3.98099E-1 5.70696E-1 8.99529E-1 9.49653E-1 9.51609E-1 9.07619E-1 6.39759E-1 6.84933E-1 8.89559E-1 3.88588E-1 1.67371E-1 1.16415E-1 1.12789E-1 3.63691E-2 5.82979E-2 6.21672E-2 4.58824E-2 2.72291E-2 1.18614E-2 1.3695E-2 1.8058E-1 2.47783E-1 2.9351E-1 3.4962E-1 3.87338E-1 3.8935E-1 2.90531E-1 2.49001E-1 3.45438E-1 3.58807E-1 2.24947E-1 2.09085E-1 3.65033E-1 3.92201E-1
4.41707E-1 7.89007E-1 7.87818E-1 4.0427E-1 2.89152E-1 1.96095E-1 6.71605E-1 7.13535E-1 6.36827E-1 4.74571E-1 3.38973E-1 5.19108E-1 4.65433E-1 5.36209E-1 7.20357E-1 7.79956E-1 7.19132E-1 8.0367E-1 8.55776E-1 7.00187E-1 5.91723E-1 6.04004E-1 6.65041E-1 6.91354E-1 4.9425E-1 5.48746E-1 6.96349E-1 7.29411E-1 7.7168E-1 7.48729E-1 6.59578E-1 5.31303E-1 6.43238E-1 7.13449E-1 7.80499E-1 5.05925E-1 4.65186E-1 9.10808E-1 9.43904E-1 9.51303E-1 8.97321E-1 6.3171E-1 5.02647E-1 6.95128E-1 5.70302E-1 2.89471E-1 2.62389E-1 1.71128E-1 1.05856E-1 7.30183E-2 6.41304E-2 3.5754E-2 2.74787E-2 1.43483E-2 9.74817E-3 1.33343E-1 1.38858E-1 2.35029E-1 3.2983E-1 3.08962E-1 3.11264E-1 3.75007E-1 2.55142E-1 3.33516E-1 3.82038E-1 2.95448E-1 2.49764E-1 2.71131E-1 3.12679E-1
4.49655E-1 5.42777E-1 4.19489E-1 4.21884E-1 6.90243E-1 3.22313E-1 2.45606E-1 3.56663E-1 4.53892E-1 4.24634E-1 4.50221E-1 4.35797E-1 4.41399E-1 5.4028E-1 7.55534E-1 8.00733E-1 8.33399E-1 7.93998E-1 6.91887E-1 5.31478E-1 6.04649E-1 6.26638E-1 4.59255E-1 5.1328E-1 5.27516E-1 3.5773E-1 4.13825E-1 5.88934E-1 6.4174E-1 4.56226E-1 6.88658E-1 4.49668E-1 6.59558E-1 6.21598E-1 5.54931E-1 6.07387E-1 8.29501E-1 9.05737E-1 9.34184E-1 9.30266E-1 8.38587E-1 6.42163E-1 4.69328E-1 5.89601E-1 7.70563E-1 5.158E-1 3.50747E-1 2.31094E-1 1.24354E-1 5.25909E-2 2.72924E-2 1.32709E-2 3.98518E-2 4.7741E-2 1.67109E-2 2.36627E-2 2.09147E-1 2.50883E-1 2.10608E-1 2.36809E-1 2.05522E-1 2.69142E-1 3.31987E-1 3.02958E-1 3.67056E-1 4.16548E-1 2.84214E-1 3.38424E-1 4.52309E-1
5.44269E-1 5.67201E-1 5.16686E-1 4.17646E-1 5.75471E-1 6.09382E-1 2.96258E-1 2.51329E-1 2.34937E-1 3.30456E-1 3.39005E-1 5.27931E-1 4.59949E-1 4.43609E-1 6.09491E-1 5.82581E-1 4.41777E-1 6.07639E-1 4.22266E-1 5.57363E-1 7.78092E-1 8.9033E-1 7.28182E-1 5.98225E-1 3.07943E-1 4.47486E-1 4.12562E-1 5.02485E-1 5.63543E-1 3.45934E-1 4.46348E-1 6.38584E-1 6.03788E-1 6.82314E-1 4.67209E-1 6.13068E-1 5.7605E-1 7.56486E-1 7.96427E-1 9.63452E-1 9.35551E-1 7.12959E-1 5.59158E-1 4.99882E-1 5.28847E-1 6.13631E-1 5.06488E-1 1.88033E-1 7.42926E-2 4.5952E-2 3.68737E-2 4.42657E-2 7.15596E-2 6.10878E-2 1.39535E-2 2.9664E-2 1.72326E-1 1.33036E-1 1.60196E-1 2.11515E-1 2.26536E-1 2.51021E-1 2.0305E-1 2.74604E-1 4.57724E-1 4.23223E-1 2.71384E-1 2.99763E-1 3.92784E-1
4.70543E-1 5.43758E-1 4.95439E-1 6.5734E-1 5.97135E-1 4.9886E-1 4.44293E-1 5.31192E-1 5.00997E-1 4.89239E-1 3.86366E-1 3.16861E-1 4.87264E-1 5.56465E-1 7.19753E-1 6.7026E-1 6.63286E-1 7.15735E-1 5.96253E-1 5.88019E-1 8.18775E-1 8.37175E-1 8.36348E-1 6.75113E-1 3.821E-1 5.35026E-1 8.47768E-1 8.23512E-1 9.17904E-1 8.55958E-1 6.98951E-1 7.40576E-1 8.13816E-1 4.70834E-1 4.11988E-1 5.89524E-1 7.96069E-1 6.4488E-1 5.67304E-1 6.49175E-1 6.086E-1 6.07886E-1 5.33E-1 4.05073E-1 4.74222E-1 5.69675E-1 6.45179E-1 2.41398E-1 8.19585E-2 6.8665E-2 3.89488E-2 4.71849E-2 7.35988E-2 5.58479E-2 1.69195E-2 1.94581E-2 1.18729E-1 9.22318E-2 3.05344E-1 2.27529E-1 1.88288E-1 2.02096E-1 2.66851E-1 3.49879E-1 3.35511E-1 3.72418E-1 3.1725E-1 4.57861E-1 3.44966E-1
2.98011E-1 5.76086E-1 8.09025E-1 8.47299E-1 8.66267E-1 6.4083E-1 5.40764E-1 6.57695E-1 4.18337E-1 3.93554E-1 3.44775E-1 3.79441E-1 7.16775E-1 7.15547E-1 8.52427E-1 8.093E-1 8.12612E-1 7.58986E-1 8.36727E-1 7.34431E-1 6.98319E-1 7.7997E-1 8.66151E-1 8.03359E-1 5.88776E-1 5.88015E-1 7.71107E-1 8.85024E-1 9.00049E-1 8.61705E-1 8.67881E-1 8.45759E-1 7.83454E-1 6.21915E-1 5.05357E-1 5.63379E-1 6.64287E-1 8.13412E-1 6.81439E-1 9.03081E-1 7.54404E-1 6.9251E-1 3.27336E-1 3.06022E-1 4.78384E-1 4.84834E-1 6.90416E-1 4.30412E-1 3.82657E-1 2.91307E-1 2.3046E-1 2.26441E-1 7.96196E-2 4.72761E-2 3.25363E-2 2.63211E-2 2.6618E-2 4.71709E-2 1.54196E-1 1.01651E-1 1.19511E-1 2.16364E-1 4.09533E-1 3.10085E-1 2.9104E-1 2.89193E-1 2.996E-1 3.37824E-1 1.79984E-1
3.00588E-1 7.02525E-1 9.24558E-1 9.63204E-1 9.8933E-1 9.62641E-1 6.90586E-1 6.39957E-1 5.11159E-1 4.36022E-1 4.36837E-1 4.9129E-1 9.10373E-1 8.29177E-1 8.48403E-1 7.88541E-1 7.94785E-1 8.42868E-1 8.07629E-1 8.15906E-1 7.72662E-1 8.64395E-1 9.2722E-1 6.56186E-1 8.71021E-1 8.66423E-1 6.49917E-1 8.62537E-1 9.4852E-1 9.49679E-1 8.6715E-1 9.09163E-1 7.89905E-1 6.85343E-1 4.47824E-1 3.11547E-1 5.60651E-1 7.09241E-1 7.4587E-1 7.82669E-1 8.93464E-1 8.03093E-1 3.70754E-1 2.87292E-1 6.10521E-1 4.8627E-1 6.59723E-1 5.38004E-1 4.71633E-1 4.43911E-1 1.75298E-1 8.83948E-2 9.41393E-2 9.2828E-2 1.01844E-1 3.89873E-2 2.50376E-2 3.83358E-2 7.09459E-2 7.45856E-2 1.13513E-1 1.96722E-1 2.2199E-1 1.72044E-1 2.27446E-1 2.73522E-1 3.16142E-1 2.87563E-1 2.91092E-1
4.41379E-1 5.65194E-1 9.44861E-1 9.65938E-1 9.90439E-1 9.52714E-1 9.34805E-1 6.82424E-1 6.11696E-1 7.9743E-1 8.04866E-1 8.88968E-1 9.11375E-1 8.77215E-1 8.12883E-1 8.09401E-1 8.10504E-1 8.30042E-1 8.93639E-1 9.04293E-1 9.09786E-1 8.31973E-1 7.8913E-1 7.7237E-1 9.72011E-1 9.65525E-1 8.93031E-1 8.29531E-1 9.72275E-1 9.1946E-1 8.51184E-1 9.1978E-1 9.2456E-1 6.40406E-1 5.42618E-1 5.50767E-1 4.93839E-1 4.43031E-1 6.32921E-1 6.65622E-1 8.3633E-1 8.74426E-1 5.27793E-1 3.56852E-1 6.52385E-1 7.2571E-1 8.30386E-1 6.09072E-1 4.11979E-1 2.5768E-1 2.423E-1 2.13051E-1 1.54846E-1 1.81377E-1 1.46909E-1 7.05323E-2 2.8549E-2 3.67335E-2 1.96626E-2 3.48337E-2 1.54167E-1 2.89598E-1 1.49764E-1 9.51357E-2 2.04096E-1 2.73972E-1 3.42079E-1 4.9048E-1 4.75123E-1
