ENM/Final_Models/M_2_F_q_Set_1_E/Gustavia_santanderiensis_3_Choco.asc
ncols         367
nrows         963
xllcorner     -78.6
yllcorner     0.65
cellsize      0.00833333333333323
NODATA_value  -9999
[rows 612 to 645 of 963, columns 156 to 233 of 367]
-9999 -9999 -9999 -9999 -9999 -9999 -9999 -9999 -9999 1E0 1E0 1E0 1E0 1E0 1E0 1E0 1E0 1E0 1E0 1E0 1E0 1E0 1E0 1E0 1E0 1E0 1E0 8.77866E-1 7.3959E-1 1E0 9.99992E-1 1E0 1E0 1E0 1E0 1E0 1E0 1E0 1E0 1E0 1E0 9.32458E-1 8.70452E-1 4.10065E-1 8.78049E-1 1.10825E-1 1.15127E-2 2.65434E-1 9.82204E-1 1E0 1E0 1E0 2.44238E-1 1.67498E-2 1.10554E-2 2.30149E-2 1.89215E-2 1.37452E-2 4.9314E-3 6.7405E-3 1.17849E-2 2.62844E-2 2.4715E-2 7.66588E-3 8.13703E-3 6.74871E-3 1.72917E-3 9.65116E-4 2.16493E-3 3.88039E-3 4.09335E-2 3.09992E-2 3.08786E-2 1.0309E-2 5.69659E-3 4.93612E-3 8.45666E-3 8.17092E-3
-9999 -9999 -9999 -9999 -9999 -9999 -9999 -9999 -9999 1E0 1E0 1E0 1E0 1E0 1E0 1E0 1E0 1E0 1E0 1E0 1E0 1E0 1E0 1E0 1E0 1E0 1E0 9.94996E-1 9.9423E-1 8.86452E-1 1E0 1E0 1E0 1E0 1E0 1E0 1E0 1E0 1E0 1E0 1E0 9.96185E-1 9.49586E-1 5.76951E-1 3.79736E-1 6.30457E-2 2.74482E-3 1.70879E-1 8.33017E-1 9.92015E-1 9.99893E-1 1E0 2.99139E-1 1.32379E-2 4.02356E-2 1.08917E-1 4.32694E-2 1.31878E-2 9.70688E-3 2.24631E-2 1.40838E-2 1.92858E-2 1.25542E-2 8.45241E-3 1.02917E-2 1.78352E-2 5.12369E-3 3.99275E-3 1.84716E-3 2.39211E-3 2.17326E-2 5.16009E-3 4.66981E-3 1.1283E-2 1.55955E-2 3.2115E-2 1.15889E-2 1.45381E-2
-9999 -9999 -9999 -9999 -9999 -9999 -9999 -9999 -9999 -9999 1E0 1E0 1E0 1E0 1E0 1E0 1E0 1E0 1E0 1E0 1E0 1E0 1E0 1E0 1E0 1E0 1E0 9.99998E-1 9.99925E-1 9.96636E-1 7.62695E-1 9.91109E-1 1E0 1E0 1E0 1E0 1E0 1E0 1E0 1E0 1E0 1E0 9.97888E-1 9.89201E-1 9.99685E-1 7.61667E-1 1.17439E-2 3.85934E-1 9.99752E-1 1E0 9.99993E-1 1E0 2.52589E-2 1.94556E-2 5.73264E-2 1.54392E-1 6.36965E-2 2.30608E-2 3.10917E-2 2.15578E-2 2.95183E-2 2.64563E-2 1.4459E-2 2.12744E-2 1.09476E-2 6.36991E-3 2.50923E-3 1.24E-3 3.94477E-3 6.79509E-3 4.16577E-3 1.98266E-2 4.13139E-3 1.89428E-2 8.43844E-3 1.35476E-2 1.37021E-2 8.30137E-3
-9999 -9999 -9999 -9999 -9999 -9999 -9999 -9999 -9999 -9999 -9999 -9999 1E0 1E0 1E0 1E0 1E0 1E0 1E0 1E0 1E0 1E0 1E0 1E0 1E0 1E0 1E0 1E0 1E0 9.86187E-1 9.99929E-1 1E0 1E0 1E0 1E0 1E0 1E0 1E0 1E0 1E0 1E0 1E0 1E0 1E0 9.99956E-1 2.62701E-1 1.01481E-2 4.8355E-1 9.95842E-1 9.93597E-1 1E0 1.05255E-1 5.84859E-2 1.60747E-2 1.95604E-1 2.03036E-1 6.2858E-1 4.93627E-1 1.52995E-2 3.01913E-2 1.9937E-2 2.15019E-2 7.8125E-3 2.24491E-2 3.78957E-2 5.05805E-3 4.2621E-3 9.3297E-4 2.98048E-3 6.13723E-3 3.67663E-3 7.41036E-3 4.11107E-3 2.76254E-3 6.34964E-3 1.03166E-2 1.01226E-2 2.46118E-2
-9999 -9999 -9999 -9999 -9999 -9999 -9999 -9999 -9999 -9999 -9999 -9999 1E0 1E0 1E0 1E0 1E0 1E0 1E0 1E0 1E0 1E0 1E0 1E0 1E0 1E0 1E0 1E0 1E0 1E0 1E0 1E0 1E0 1E0 1E0 1E0 1E0 1E0 1E0 9.99999E-1 1E0 1E0 1E0 1E0 9.99696E-1 8.4934E-1 2.25195E-1 1.82515E-1 7.27176E-1 9.12928E-1 9.99833E-1 7.06967E-2 9.50324E-2 3.79949E-2 9.19265E-2 2.34312E-1 3.51509E-2 1.60999E-2 3.01385E-2 2.2354E-2 1.39478E-1 3.11994E-1 8.80873E-2 1.77082E-1 3.44073E-2 1.09299E-2 5.90429E-3 1.53531E-3 2.77978E-3 3.32708E-3 7.93382E-4 2.03141E-3 6.4014E-3 1.26606E-3 1.60305E-3 4.07412E-3 3.87447E-3 1.03603E-2
-9999 -9999 -9999 -9999 -9999 -9999 -9999 -9999 -9999 -9999 -9999 -9999 1E0 1E0 1E0 1E0 1E0 1E0 1E0 1E0 1E0 1E0 1E0 1E0 1E0 1E0 9.99671E-1 1E0 1E0 1E0 1E0 1E0 1E0 1E0 9.9961E-1 1E0 1E0 9.99598E-1 4.97684E-1 6.30889E-2 1E0 1E0 1E0 1E0 1E0 9.45249E-1 9.53342E-1 3.29839E-1 8.42777E-2 3.57293E-1 8.19891E-1 1.73209E-1 3.2331E-2 3.81153E-2 4.26227E-2 3.72818E-2 2.80392E-2 1.11417E-2 1.57652E-2 2.34512E-2 2.54481E-1 6.92835E-1 1.70291E-1 1.31926E-1 2.00144E-2 1.01401E-2 1.8446E-2 1.11515E-3 4.70363E-3 5.11373E-3 4.72658E-3 5.80057E-3 4.49832E-3 7.27617E-3 7.35562E-4 2.73755E-3 2.82031E-3 2.12729E-2
-9999 -9999 -9999 -9999 -9999 -9999 -9999 -9999 -9999 -9999 -9999 -9999 1E0 1E0 1E0 1E0 1E0 1E0 1E0 1E0 1E0 1E0 1E0 1E0 1E0 1E0 1E0 1E0 1E0 1E0 1E0 1E0 1E0 9.99837E-1 8.63689E-1 9.97108E-1 1E0 1.00217E-1 1.8207E-2 2.55732E-1 1E0 1E0 1E0 1E0 1E0 9.99945E-1 9.99698E-1 7.58111E-1 2.96872E-1 9.10108E-2 5.27292E-2 1.83865E-1 8.50677E-2 4.02145E-2 2.07949E-2 1.76583E-2 9.23705E-3 5.31906E-3 7.23245E-3 1.4389E-2 1.04968E-1 1.76116E-1 1.00002E-1 6.85673E-2 4.02346E-2 2.72841E-3 5.98027E-3 9.86533E-4 7.09812E-3 1.46395E-2 1.08063E-2 2.04198E-3 3.11919E-3 4.83507E-3 1.00227E-3 3.39922E-3 5.79678E-3 1.57675E-2
-9999 -9999 -9999 -9999 -9999 -9999 -9999 -9999 -9999 -9999 -9999 -9999 1E0 1E0 1E0 1E0 1E0 1E0 1E0 1E0 1E0 1E0 1E0 1E0 1E0 9.91935E-1 9.73395E-1 1E0 1E0 1E0 1E0 1E0 1E0 4.08113E-1 3.282E-1 9.23153E-1 1E0 9.51031E-1 1.72956E-1 1E0 1E0 9.96918E-1 6.07399E-1 9.99138E-1 6.12508E-1 9.83634E-1 7.02283E-1 1.98243E-1 1.42001E-1 4.89653E-2 1.30307E-1 1.57488E-1 6.03235E-2 1.63486E-2 1.57321E-2 7.47877E-2 1.117E-2 2.12812E-2 2.80752E-2 5.98112E-3 4.00994E-3 1.3593E-2 5.9274E-3 5.72644E-3 3.23337E-2 2.62057E-3 1.2556E-3 1.62676E-3 1.04557E-3 2.46943E-3 1.05289E-3 1.3552E-3 4.38135E-4 2.02205E-4 5.32748E-4 3.71062E-3 5.28961E-3 9.4257E-3
-9999 -9999 -9999 -9999 -9999 -9999 -9999 -9999 -9999 -9999 -9999 1E0 1E0 1E0 1E0 1E0 1E0 1E0 1E0 1E0 1E0 1E0 1E0 1E0 1E0 1E0 9.90168E-1 1E0 1E0 1E0 1E0 1E0 1E0 7.43053E-1 1.85915E-1 4.63048E-1 8.63812E-1 1E0 1E0 2.47062E-1 9.99901E-1 7.20501E-1 6.90428E-1 9.78641E-1 8.27081E-1 6.98509E-1 4.00383E-2 9.37708E-3 1.56191E-2 3.11459E-2 7.14908E-2 9.28375E-2 3.31751E-2 1.61153E-2 2.89006E-2 6.88351E-2 1.89129E-2 1.94652E-2 4.28241E-2 1.02491E-2 1.69363E-3 7.70956E-3 7.44251E-3 4.97934E-3 1.6315E-3 4.05892E-3 1.06903E-3 1.0882E-3 2.36564E-3 2.10697E-3 4.44384E-3 2.86248E-3 6.58381E-4 9.56171E-4 1.52597E-3 2.44326E-3 2.39073E-3 5.14818E-3
-9999 -9999 -9999 -9999 -9999 -9999 -9999 -9999 -9999 -9999 1E0 1E0 1E0 1E0 1E0 1E0 1E0 1E0 1E0 1E0 1E0 1E0 1E0 1E0 1E0 9.99999E-1 1E0 1E0 1E0 1E0 1E0 1E0 1E0 5.54482E-1 2.93757E-1 2.45675E-1 1.60878E-1 1E0 1E0 9.99857E-1 1E0 1E0 7.46616E-1 9.93185E-1 9.99738E-1 5.98136E-2 5.14823E-3 8.74349E-4 1.31615E-2 1.87006E-2 8.0088E-2 4.7711E-2 2.01275E-2 1.53739E-2 1.12199E-2 6.29182E-2 3.10045E-2 3.64312E-2 2.14379E-2 1.96525E-2 3.05354E-3 3.46807E-3 8.93649E-3 3.2243E-3 1.35598E-3 2.1471E-3 1.32216E-3 1.20022E-3 2.23324E-3 2.06865E-3 1.11047E-3 3.32836E-3 3.36562E-3 2.12462E-3 3.28909E-3 1.6714E-3 2.66005E-3 6.54441E-3
-9999 -9999 -9999 -9999 -9999 -9999 -9999 -9999 -9999 -9999 1E0 1E0 1E0 1E0 1E0 1E0 1E0 1E0 1E0 1E0 1E0 1E0 1E0 9.92644E-1 9.23181E-1 5.06283E-1 9.83929E-1 1E0 1E0 1E0 1E0 1E0 9.67204E-1 8.6866E-1 8.79167E-1 6.15051E-1 9.46136E-1 9.9692E-1 1E0 1E0 1E0 1E0 1E0 9.99976E-1 9.89967E-1 7.55623E-1 5.59784E-3 1.89444E-3 1.05755E-2 2.4982E-2 3.07809E-2 6.72484E-2 2.06367E-2 2.71358E-2 2.9337E-2 5.24045E-2 7.52736E-2 1.35701E-1 3.28819E-2 2.41213E-2 3.50401E-3 2.53412E-3 2.07986E-3 3.01593E-3 1.02806E-3 1.3811E-3 2.5284E-3 6.58596E-3 5.83845E-3 2.12909E-3 7.75209E-3 4.3341E-3 3.37373E-3 2.51525E-3 1.90995E-3 1.94124E-3 4.76332E-3 8.82083E-3
-9999 -9999 -9999 -9999 -9999 -9999 -9999 -9999 -9999 1E0 1E0 1E0 1E0 1E0 1E0 1E0 1E0 1E0 1E0 1E0 1E0 1E0 1E0 1E0 7.92305E-1 2.48538E-1 3.04086E-1 4.77888E-1 1E0 1E0 1E0 1E0 1E0 1E0 9.99923E-1 9.80722E-1 9.99566E-1 9.99946E-1 1E0 1E0 1E0 1E0 1E0 1E0 1E0 9.99997E-1 3.88171E-3 7.27695E-3 1.24277E-2 3.26311E-2 3.2926E-2 8.13689E-2 2.82489E-2 3.70387E-2 8.89606E-2 2.87575E-2 6.56889E-2 4.61036E-1 1.56594E-1 2.06962E-1 1.44594E-2 5.90615E-4 1.30752E-3 8.79641E-4 8.76981E-4 5.18865E-3 5.00126E-3 2.26256E-3 1.11948E-3 6.255E-4 2.14867E-3 2.31997E-3 1.48266E-3 3.91635E-3 1.74528E-3 4.61193E-4 1.93732E-3 3.66872E-3
-9999 -9999 -9999 -9999 -9999 -9999 -9999 -9999 1E0 1E0 1E0 1E0 1E0 1E0 1E0 1E0 1E0 1E0 1E0 1E0 9.99995E-1 1E0 1E0 1E0 8.60321E-1 4.43106E-1 2.95776E-1 2.83556E-1 5.00828E-1 8.89641E-1 1E0 1E0 1E0 1E0 1E0 1E0 1E0 9.98656E-1 1E0 1E0 1E0 1E0 1E0 1E0 9.99975E-1 9.95619E-1 9.84474E-1 2.05512E-2 1.00234E-2 9.10642E-3 9.25019E-3 3.34706E-2 2.85723E-2 4.74278E-2 2.26711E-2 2.08066E-2 2.97204E-2 5.12764E-2 1.35644E-1 9.37712E-2 1.84266E-2 1.06176E-4 3.03293E-4 2.09843E-3 1.35485E-3 1.02067E-2 1.93434E-3 1.61523E-3 6.99206E-4 8.78267E-4 1.87106E-3 2.06902E-3 2.02269E-3 7.49587E-4 5.43321E-4 4.57739E-4 2.08728E-3 3.21156E-3
-9999 -9999 -9999 -9999 -9999 -9999 -9999 -9999 1E0 1E0 1E0 1E0 1E0 1E0 1E0 1E0 1E0 1E0 1E0 1E0 9.99999E-1 9.99782E-1 1E0 1E0 4.53028E-1 4.9056E-1 2.95616E-1 2.94833E-1 3.01221E-1 6.69832E-1 9.94846E-1 1E0 1E0 1E0 1E0 1E0 1E0 1E0 1E0 1E0 9.99992E-1 9.95748E-1 9.99424E-1 9.99938E-1 9.9618E-1 6.11078E-1 7.09389E-1 9.56988E-2 1.07637E-2 3.43579E-3 5.38601E-3 1.33482E-2 1.61356E-2 3.04135E-2 2.93841E-2 2.55013E-2 2.39589E-2 4.60582E-2 3.66755E-2 2.43014E-2 1.12994E-2 3.44715E-3 1.28003E-3 1.81718E-2 5.68964E-3 1.76599E-3 1.98305E-3 8.35525E-4 6.64412E-4 1.93737E-3 1.6949E-3 2.95436E-3 8.18815E-4 3.99969E-4 6.06266E-4 2.77482E-4 1.48032E-3 1.5168E-3
-9999 -9999 -9999 -9999 -9999 -9999 -9999 1E0 1E0 1E0 1E0 1E0 1E0 1E0 1E0 1E0 1E0 1E0 1E0 1E0 9.99998E-1 9.99735E-1 9.99999E-1 8.90029E-1 4.42192E-1 4.21292E-1 2.72591E-1 4.67349E-1 2.80201E-1 5.61587E-1 1E0 1E0 1E0 1E0 1E0 1E0 9.99996E-1 1E0 1E0 1E0 9.99554E-1 9.44803E-1 9.41818E-1 9.9994E-1 9.59083E-1 2.9217E-1 1.01826E-2 9.42957E-3 6.37032E-3 7.00745E-3 8.96821E-3 1.2615E-2 1.55187E-2 1.87712E-2 4.95953E-2 3.04108E-2 1.46654E-2 2.11587E-2 2.00436E-2 1.59498E-2 1.2486E-2 2.63666E-3 5.40074E-3 1.38951E-2 4.68643E-3 2.2807E-3 1.34916E-3 4.49322E-4 4.12941E-4 4.4382E-4 3.13465E-4 7.6896E-4 4.48409E-4 3.28379E-4 3.487E-4 4.65158E-4 1.58866E-3 1.87477E-3
-9999 -9999 -9999 -9999 -9999 -9999 -9999 1E0 1E0 1E0 1E0 1E0 1E0 1E0 1E0 1E0 1E0 1E0 9.99999E-1 1E0 1E0 9.99999E-1 1E0 5.7802E-1 6.31015E-1 4.84085E-1 3.72461E-1 2.78966E-1 2.29734E-1 5.34133E-1 1E0 1E0 1E0 1E0 1.87974E-1 9.39967E-1 8.04968E-1 1E0 1.39271E-1 9.99954E-1 9.9992E-1 7.97473E-1 9.27899E-1 9.99762E-1 9.97834E-1 8.87423E-1 1.22969E-2 5.65214E-3 3.54627E-3 4.69633E-3 8.82774E-3 1.25993E-2 1.80965E-2 2.43846E-2 5.90906E-2 7.54523E-3 5.73638E-3 2.20142E-2 1.26627E-2 1.18031E-2 7.97858E-3 8.77991E-3 1.20486E-2 4.40561E-2 9.20799E-3 1.80107E-3 5.8724E-4 5.34323E-4 4.37057E-4 4.15987E-4 1.66209E-4 2.97306E-4 1.82463E-4 1.84471E-4 1.57065E-4 4.94914E-4 4.44201E-4 5.31203E-4
-9999 -9999 -9999 -9999 -9999 -9999 1E0 1E0 1E0 1E0 1E0 1E0 1E0 1E0 1E0 1E0 1E0 1E0 1E0 9.99831E-1 9.98377E-1 9.95167E-1 9.99963E-1 8.79305E-1 3.01512E-1 4.10433E-1 2.74179E-1 5.07013E-1 6.90741E-1 9.99993E-1 1E0 1E0 1E0 1E0 9.59036E-1 1E0 1E0 1E0 9.99998E-1 9.98312E-1 1E0 7.99733E-1 6.92046E-1 6.57387E-1 6.70835E-1 2.036E-1 6.15957E-2 2.41568E-3 1.93835E-3 4.42033E-3 6.08539E-3 1.01236E-2 1.30754E-2 1.72057E-2 3.21776E-2 2.291E-2 1.14709E-2 6.19886E-3 4.01788E-3 8.45636E-3 6.78985E-3 1.06643E-2 4.34526E-3 2.63479E-2 6.04326E-3 2.643E-3 5.40274E-4 2.78353E-4 1.9018E-4 3.50965E-4 1.59348E-4 4.34149E-5 2.53961E-5 4.22278E-5 6.78309E-4 2.11889E-4 2.72894E-4 5.22475E-4
-9999 -9999 -9999 -9999 -9999 1E0 1E0 1E0 1E0 1E0 1E0 1E0 1E0 1E0 1E0 1E0 9.99994E-1 1E0 1E0 9.65236E-1 9.70429E-1 8.42822E-1 8.10537E-1 6.88956E-1 3.10251E-1 4.41722E-1 3.07869E-1 9.23191E-1 1E0 1E0 1E0 1E0 1E0 1E0 1E0 1E0 1E0 1E0 9.99994E-1 9.99997E-1 8.18944E-1 9.60161E-1 2.16589E-1 2.90959E-1 2.29934E-2 6.23056E-3 5.96888E-3 8.70814E-2 4.3688E-3 1.62713E-3 2.0524E-3 2.56411E-3 1.16032E-2 9.60221E-3 3.72559E-2 1.42094E-2 8.16819E-3 9.89467E-3 4.06975E-3 4.07217E-3 6.04216E-3 7.57474E-3 1.0189E-2 3.54165E-3 1.60108E-3 5.09004E-4 1.88792E-3 5.3252E-4 1.83702E-4 2.18697E-4 1.37383E-4 6.27738E-6 2.48278E-5 7.8028E-5 3.31235E-4 2.10104E-4 2.71578E-4 5.73189E-4
-9999 -9999 -9999 -9999 -9999 1E0 1E0 1E0 1E0 1E0 1E0 1E0 1E0 1E0 1E0 1E0 1E0 9.99993E-1 9.99789E-1 9.82152E-1 8.78256E-1 7.80857E-1 7.79795E-1 6.61703E-1 8.08816E-1 9.79163E-1 8.94886E-1 6.54513E-1 1E0 1E0 1E0 1E0 1E0 1E0 1E0 1E0 1E0 9.93836E-1 7.5655E-1 3.61403E-1 3.45482E-1 4.01509E-1 6.54036E-2 4.33035E-3 5.98186E-3 6.57928E-3 1.65466E-3 6.46906E-3 3.01892E-3 6.86726E-3 2.4691E-3 2.81675E-3 1.46293E-2 1.58249E-2 1.37399E-2 1.39383E-2 1.54656E-2 3.63175E-3 3.85966E-3 4.38088E-3 4.49175E-3 2.97225E-3 9.19085E-3 3.97112E-3 2.59414E-3 1.5422E-3 3.12919E-3 9.01183E-4 7.72747E-4 3.45339E-4 2.33398E-4 1.346E-5 1.37965E-5 4.62307E-5 1.75979E-4 9.54889E-5 2.9976E-4 6.59241E-4
-9999 -9999 -9999 -9999 1E0 1E0 1E0 1E0 1E0 1E0 1E0 1E0 1E0 1E0 1E0 1E0 1E0 1E0 1E0 1E0 1E0 9.99998E-1 5.60783E-1 6.79842E-1 7.07107E-1 9.99105E-1 9.65657E-1 9.39559E-1 1E0 1E0 1E0 1E0 1E0 1E0 1E0 1E0 1E0 1E0 9.79156E-1 6.09824E-1 9.81512E-1 8.47507E-1 4.80525E-1 2.40998E-2 2.62011E-1 3.08249E-1 1.557E-1 1.12748E-1 1.14264E-2 3.11619E-3 4.00511E-3 8.42079E-3 7.10382E-2 3.62523E-2 1.10221E-2 9.72373E-3 9.17743E-3 7.25803E-3 1.16408E-2 9.09784E-3 2.38174E-3 2.12281E-3 1.23215E-3 2.07093E-3 2.3051E-3 1.76307E-3 2.21582E-3 3.4614E-3 4.34179E-3 5.70653E-4 5.77521E-5 2.5514E-5 2.2554E-5 6.79381E-6 9.465E-5 4.3564E-4 7.90525E-4 1.53811E-3
-9999 -9999 -9999 -9999 1E0 1E0 1E0 1E0 1E0 1E0 1E0 1E0 1E0 1E0 1E0 1E0 1E0 1E0 1E0 1E0 9.9983E-1 9.97039E-1 3.48857E-1 3.69201E-1 5.68835E-1 8.70316E-1 7.73582E-1 1E0 1E0 1E0 1E0 1E0 1E0 9.06494E-1 1E0 1E0 1E0 1E0 1E0 1E0 1E0 9.99315E-1 9.30996E-1 1.98475E-1 6.42486E-1 9.05795E-1 4.25855E-1 1.67482E-1 4.32658E-2 2.22369E-3 3.8822E-3 2.94729E-2 2.19371E-1 2.93678E-2 1.83287E-2 1.65388E-2 1.45794E-2 1.69166E-2 2.23296E-2 7.46819E-2 1.95169E-2 2.10355E-2 9.89731E-3 1.59083E-2 7.45614E-3 3.47876E-3 3.21996E-3 1.62022E-3 2.36064E-3 3.75603E-4 1.45963E-4 1.24843E-4 8.17982E-5 5.00168E-5 6.92092E-5 2.16586E-4 5.02424E-4 7.51738E-4
-9999 -9999 -9999 1E0 1E0 1E0 1E0 1E0 1E0 1E0 1E0 1E0 1E0 1E0 1E0 1E0 1E0 1E0 1E0 1E0 1E0 9.95606E-1 4.14501E-1 5.0239E-1 4.65664E-1 8.73773E-1 9.20497E-1 8.76387E-1 1E0 1E0 1E0 1E0 9.99731E-1 3.03177E-1 2.34915E-1 1E0 1E0 1E0 9.99999E-1 9.99859E-1 7.55757E-1 9.98164E-1 9.8329E-1 9.96597E-1 7.8929E-1 5.06413E-1 4.58236E-2 2.39472E-1 7.17769E-2 3.01342E-3 2.18362E-3 6.92349E-3 5.76188E-2 5.63694E-2 2.25248E-2 1.10642E-2 3.07864E-2 8.72404E-3 1.69704E-2 1.18066E-2 1.87231E-2 8.06564E-3 -9999 -9999 4.13656E-3 1.27817E-3 5.70775E-4 1.71297E-4 6.0556E-4 3.1837E-4 6.63517E-5 3.39888E-5 7.62651E-5 4.301E-5 4.81863E-5 2.80006E-4 4.36049E-4 3.27264E-4
-9999 -9999 -9999 1E0 1E0 1E0 1E0 1E0 1E0 1E0 1E0 1E0 1E0 1E0 1E0 1E0 1E0 1E0 1E0 1E0 1E0 1E0 4.65102E-1 5.7778E-1 6.6886E-1 6.59653E-1 9.44065E-1 9.99993E-1 1E0 1E0 1E0 1E0 1E0 1.23701E-1 5.05884E-1 1E0 1E0 1E0 1E0 9.99991E-1 8.5303E-1 8.60755E-1 8.65949E-1 8.50164E-1 6.93979E-1 6.05219E-2 1.92725E-2 2.62574E-2 3.94691E-2 4.72724E-3 1.60882E-3 3.08457E-3 4.00278E-3 1.44963E-2 2.46438E-2 7.08016E-2 2.61954E-2 8.3492E-3 3.33364E-3 1.94316E-3 1.19749E-2 -9999 -9999 -9999 8.15399E-4 7.58023E-4 1.6056E-4 9.37222E-5 2.32554E-4 1.3012E-4 1.02894E-4 2.30094E-5 5.39541E-5 4.2919E-5 1.30153E-4 2.93203E-4 2.54278E-4 -9999
-9999 -9999 -9999 1E0 1E0 1E0 1E0 1E0 1E0 1E0 1E0 1E0 1E0 1E0 1E0 1E0 1E0 1E0 1E0 1E0 1E0 9.99792E-1 9.6438E-1 5.25526E-1 3.38399E-1 9.97106E-1 1E0 1E0 1E0 1E0 1E0 1E0 1E0 1E0 1E0 1E0 1E0 1E0 9.99967E-1 9.99999E-1 9.99874E-1 6.56426E-1 6.38005E-1 1.7989E-1 3.03447E-2 2.53693E-2 6.91121E-2 1.46272E-2 4.52533E-3 5.27087E-3 1.34979E-3 1.49737E-3 1.31391E-3 3.29247E-3 1.15854E-2 7.73229E-3 2.12732E-2 4.4233E-3 5.39004E-4 3.88085E-4 -9999 -9999 -9999 -9999 2.8125E-4 2.64831E-4 3.83239E-4 1.39619E-4 3.73322E-5 2.59562E-5 4.66286E-5 9.27916E-6 4.98325E-5 3.42119E-5 7.43108E-5 2.20948E-4 2.07425E-4 -9999
-9999 -9999 1E0 1E0 1E0 1E0 1E0 1E0 1E0 1E0 1E0 1E0 1E0 1E0 1E0 1E0 1E0 1E0 1E0 1E0 1E0 9.99999E-1 9.84112E-1 9.4286E-1 5.1287E-1 3.90825E-1 3.49819E-1 9.99458E-1 1E0 1E0 1E0 1E0 1E0 1E0 1E0 1E0 1E0 9.99964E-1 9.71642E-1 9.99391E-1 9.99998E-1 9.99689E-1 9.74372E-1 5.20608E-1 2.87905E-2 2.87002E-2 2.74567E-1 3.85849E-2 1.02535E-2 4.06402E-3 1.24374E-3 1.32071E-3 1.27445E-3 2.16007E-3 9.51171E-3 2.05637E-3 6.49518E-3 5.79009E-3 9.19495E-4 1.21793E-3 -9999 -9999 -9999 1.51032E-4 1.15881E-4 2.16957E-4 3.02823E-4 5.47169E-5 8.51506E-5 1.61001E-5 2.13335E-5 1.45349E-5 7.25763E-5 2.63887E-5 1.74054E-5 3.66432E-4 9.61055E-5 -9999
-9999 1E0 1E0 1E0 1E0 1E0 1E0 1E0 1E0 1E0 1E0 1E0 1E0 1E0 1E0 1E0 1E0 1E0 1E0 1E0 9.99997E-1 9.88833E-1 9.8183E-1 9.46722E-1 6.08115E-1 4.05702E-1 6.7052E-1 4.52976E-1 9.50892E-1 2.93765E-1 1E0 1E0 1E0 9.88873E-1 9.99999E-1 1E0 1E0 1E0 9.99999E-1 1E0 1E0 9.99813E-1 9.99988E-1 9.97888E-1 8.92546E-1 2.72918E-1 2.13631E-1 6.16067E-2 4.17804E-2 1.96876E-2 8.68743E-3 1.04039E-3 3.04904E-4 1.12344E-3 1.9504E-3 2.21251E-3 2.96075E-3 4.04824E-3 7.27238E-4 -9999 -9999 -9999 5.19822E-5 1.99119E-5 2.16125E-5 1.62781E-4 4.86213E-5 3.84554E-5 2.19324E-5 6.089E-6 3.73531E-5 5.1116E-5 6.87759E-5 1.57598E-5 3.44243E-5 2.69117E-4 8.53507E-5 -9999
-9999 1E0 1E0 1E0 1E0 1E0 1E0 1E0 1E0 1E0 1E0 1E0 1E0 1E0 1E0 1E0 1E0 9.97097E-1 9.53268E-1 7.77776E-1 9.91723E-1 9.99936E-1 9.4803E-1 9.47794E-1 8.07244E-1 9.88026E-1 9.93239E-1 9.80514E-1 1E0 1E0 1E0 1E0 1E0 9.05296E-1 1E0 1E0 1E0 9.78279E-1 9.43316E-1 1E0 9.99937E-1 9.63053E-1 9.93297E-1 9.7433E-1 9.41692E-1 6.3532E-1 6.30176E-1 8.52936E-2 2.26012E-1 1.21888E-1 2.16155E-2 2.89842E-3 6.47064E-4 3.4271E-4 1.38675E-3 7.5891E-4 1.50535E-3 8.75082E-4 -9999 -9999 -9999 -9999 6.77697E-5 4.40956E-5 4.56834E-5 4.16135E-5 2.40374E-5 3.16855E-5 7.7258E-6 9.34539E-5 1.14157E-4 8.61114E-5 5.67114E-5 3.53973E-5 6.07476E-4 2.34247E-4 -9999 -9999
1E0 1E0 1E0 1E0 1E0 1E0 1E0 1E0 1E0 1E0 1E0 1E0 1E0 1E0 1E0 1E0 9.96165E-1 7.91142E-1 9.94831E-1 9.98787E-1 8.91355E-1 9.97889E-1 1E0 9.96193E-1 9.96512E-1 9.6586E-1 9.99999E-1 1E0 1E0 1E0 1E0 9.99683E-1 8.9669E-1 5.40464E-1 8.4813E-1 1E0 9.99993E-1 1E0 6.27032E-1 6.61686E-1 9.98509E-1 8.53223E-1 6.54274E-1 3.94134E-1 1.48294E-1 1.55407E-1 2.20424E-1 8.69953E-2 6.54811E-2 2.63985E-2 1.968E-2 9.68719E-4 2.64087E-4 2.35198E-4 7.59059E-4 3.06914E-4 6.0536E-4 1.84073E-4 -9999 -9999 -9999 -9999 5.40349E-5 3.5838E-5 9.68653E-5 1.44604E-4 5.2394E-5 6.0833E-6 7.57299E-5 8.25268E-5 4.24572E-5 5.18281E-5 4.23295E-5 1.23927E-5 2.54314E-4 3.41359E-4 -9999 -9999
1E0 1E0 1E0 1E0 1E0 1E0 1E0 1E0 1E0 1E0 1E0 1E0 1E0 1E0 1E0 1E0 9.97115E-1 9.90332E-1 9.87711E-1 9.91769E-1 7.2593E-1 8.28609E-1 9.98645E-1 9.99842E-1 1E0 1E0 1E0 1E0 1E0 1E0 9.99989E-1 5.03005E-2 4.77397E-2 1.6542E-1 5.9441E-1 4.93427E-1 9.08938E-1 9.46657E-1 9.99435E-1 6.28419E-1 3.26604E-1 1.06361E-1 1.94716E-2 1.37807E-2 6.07585E-3 4.46333E-3 9.8804E-3 3.08164E-2 4.96434E-2 1.10685E-2 5.50382E-3 1.03222E-3 2.83199E-4 1.74419E-4 4.28804E-4 1.00289E-4 2.4572E-4 -9999 -9999 -9999 -9999 -9999 1.06973E-4 6.23914E-5 7.89949E-5 1.01617E-4 5.96257E-5 4.25103E-6 5.5534E-5 6.77688E-5 5.51284E-5 5.40909E-5 3.03617E-5 3.94899E-5 1.71436E-4 -9999 -9999 -9999
1E0 1E0 1E0 1E0 1E0 1E0 1E0 1E0 1E0 1E0 1E0 1E0 1E0 1E0 1E0 1E0 9.92907E-1 9.99169E-1 9.9975E-1 9.93946E-1 9.95931E-1 9.98068E-1 9.97235E-1 1E0 1E0 1E0 1E0 1E0 1E0 1E0 1E0 3.78714E-2 1.09805E-2 4.48673E-3 4.19325E-3 1.16937E-2 1.24956E-2 4.22093E-1 9.37634E-1 9.35004E-1 6.58933E-2 1.2262E-2 5.49198E-3 2.57416E-3 5.34855E-4 2.2973E-3 8.10105E-4 8.35726E-3 3.87978E-3 1.55593E-3 2.26204E-3 1.98816E-3 6.55188E-4 4.25924E-4 2.85452E-4 1.02638E-4 2.00242E-4 -9999 -9999 -9999 -9999 -9999 2.51429E-4 2.50288E-4 1.49421E-4 5.13661E-5 6.71489E-6 1.82895E-5 4.03097E-5 7.54193E-5 9.94066E-5 8.93059E-5 3.04093E-5 7.26901E-5 1.42472E-4 -9999 -9999 -9999
1E0 1E0 1E0 1E0 1E0 1E0 1E0 1E0 1E0 1E0 1E0 1E0 1E0 1E0 1E0 1E0 9.99602E-1 9.88573E-1 9.98094E-1 1E0 1E0 1E0 1E0 1E0 1E0 1E0 1E0 1E0 1E0 1E0 1E0 1E0 7.5732E-2 1.03838E-2 4.91524E-3 1.36294E-2 1.07796E-2 1.61369E-2 8.49355E-2 3.27042E-2 7.11717E-3 7.92733E-3 1.35864E-3 9.38225E-4 4.40144E-4 2.23975E-4 7.80492E-4 3.93537E-3 5.6046E-4 3.62014E-4 3.38222E-4 3.01633E-4 1.69797E-4 1.39996E-4 1.31653E-4 1.23693E-4 -9999 -9999 -9999 -9999 -9999 -9999 1.54777E-4 4.38507E-5 6.73806E-5 6.9121E-5 6.64763E-6 4.04185E-5 6.2717E-5 1.38839E-4 1.19159E-4 7.06191E-5 2.2009E-5 7.91898E-5 -9999 -9999 -9999 -9999
1E0 1E0 1E0 1E0 1E0 1E0 1E0 1E0 1E0 1E0 1E0 1E0 1E0 1E0 1E0 9.99998E-1 8.64887E-1 7.9711E-1 9.15375E-1 1E0 1E0 1E0 1E0 1E0 1E0 1E0 1E0 1E0 1E0 1E0 1E0 1E0 9.97618E-1 2.77646E-1 2.24617E-2 5.59761E-2 1.08449E-1 2.5854E-2 4.40129E-2 1.74712E-2 2.28461E-2 1.16304E-2 1.5334E-3 1.93703E-3 1.65419E-3 1.56354E-3 1.81963E-3 3.31299E-4 5.85374E-4 2.25727E-3 7.39796E-4 3.66537E-4 3.39686E-4 1.76909E-4 1.46623E-4 -9999 -9999 -9999 -9999 -9999 -9999 -9999 1.06063E-4 7.35917E-5 9.84173E-6 1.3196E-5 5.74466E-6 3.45569E-5 7.61637E-5 4.82331E-5 2.58085E-4 1.34427E-4 1.53879E-5 -9999 -9999 -9999 -9999 -9999
1E0 1E0 1E0 1E0 1E0 1E0 1E0 1E0 1E0 1E0 1E0 1E0 1E0 1E0 9.99996E-1 9.95021E-1 9.72551E-1 9.67292E-1 9.95059E-1 1E0 1E0 1E0 1E0 1E0 1E0 1E0 1E0 1E0 1E0 1E0 1E0 1E0 1E0 9.88518E-1 9.99988E-1 1E0 1E0 4.96955E-1 9.51364E-2 3.98782E-2 3.58309E-2 1.72639E-2 3.29184E-3 6.85211E-3 9.15392E-4 3.94866E-3 2.56177E-3 1.78116E-3 1.3214E-3 3.9222E-3 1.46503E-3 6.61203E-4 6.44847E-4 9.81752E-5 1.67916E-4 -9999 -9999 -9999 -9999 -9999 -9999 1.77399E-4 3.83757E-4 1.37458E-5 2.90063E-5 3.83923E-5 3.21138E-5 6.38946E-6 1.55862E-4 2.46454E-4 1.30744E-4 1.40461E-4 9.87113E-5 -9999 -9999 -9999 -9999 -9999
1E0 1E0 1E0 1E0 1E0 1E0 1E0 1E0 1E0 1E0 1E0 1E0 1E0 1E0 1E0 9.99603E-1 9.99775E-1 9.99998E-1 9.99759E-1 1E0 1E0 1E0 1E0 1E0 1E0 1E0 1E0 1E0 1E0 1E0 1E0 1E0 1E0 1E0 1E0 1E0 9.99919E-1 1E0 2.44396E-1 5.1665E-2 2.15154E-2 4.6529E-2 1.29612E-2 7.29387E-3 1.14058E-2 2.95061E-2 2.11372E-2 1.10745E-2 9.4528E-3 4.11005E-3 2.3595E-3 1.10366E-3 5.29685E-4 5.70386E-4 5.74139E-4 -9999 -9999 -9999 -9999 -9999 1.53697E-4 1.58862E-4 1.24694E-4 4.49715E-5 1.13006E-4 7.54671E-5 6.1328E-5 4.83802E-5 8.66219E-6 8.75355E-6 8.13503E-4 2.85233E-4 -9999 -9999 -9999 -9999 -9999 -9999
