ENM/Final_Models/M_2_F_q_Set_1_E/Gustavia_santanderiensis_Choco_max.asc
ncols         367
nrows         963
xllcorner     -78.6
yllcorner     0.65
cellsize      0.00833333333333323
NODATA_value  -9999
[rows 170 to 203 of 963, columns 156 to 233 of 367]
1.76845E-2 1.59856E-2 1.99636E-2 2.48804E-2 1.86359E-2 1.06006E-2 1.67303E-2 2.18939E-2 3.51776E-2 3.00591E-2 7.99278E-2 7.6406E-2 1.33627E-1 1.58272E-1 1.80163E-1 1.09815E-1 2.3532E-1 2.15249E-1 2.98643E-1 3.99621E-1 3.20492E-1 3.52603E-1 4.08855E-1 4.08838E-1 5.34136E-1 5.98346E-1 9.06645E-1 8.89987E-1 5.68531E-1 3.30822E-1 3.42893E-1 6.98243E-1 8.24276E-1 9.37094E-1 9.999E-1 9.6435E-1 9.83232E-1 9.5264E-1 9.85199E-1 9.97725E-1 9.99586E-1 9.99955E-1 9.83699E-1 9.63458E-1 9.82105E-1 9.59811E-1 9.47515E-1 8.96114E-1 7.09545E-1 9.44757E-1 9.99069E-1 9.98863E-1 9.7971E-1 9.91761E-1 9.9997E-1 9.99579E-1 9.9581E-1 9.94991E-1 9.92573E-1 9.96696E-1 9.99533E-1 1E0 9.9792E-1 9.99695E-1 9.99821E-1 9.98397E-1 9.99871E-1 9.99999E-1 9.99983E-1 9.99991E-1 9.99996E-1 1E0 9.99936E-1 9.99997E-1 9.99973E-1 9.99233E-1 9.99928E-1 9.82897E-1
5.49052E-3 1.70208E-2 2.41141E-2 3.88582E-2 2.66631E-2 2.15736E-2 1.88016E-2 2.20501E-2 3.84701E-2 2.43064E-2 7.11345E-2 1.05221E-1 1.60769E-1 2.24032E-1 2.64864E-1 1.61985E-1 3.05641E-1 3.10271E-1 4.0241E-1 4.52846E-1 5.13495E-1 4.42955E-1 6.91231E-1 5.5173E-1 7.5706E-1 7.48411E-1 8.20247E-1 9.33532E-1 7.82195E-1 3.40636E-1 5.34248E-1 7.11441E-1 8.09453E-1 8.32072E-1 8.24489E-1 9.70371E-1 9.83365E-1 9.88569E-1 9.86536E-1 9.98042E-1 9.99948E-1 9.99418E-1 9.54332E-1 9.91789E-1 9.93332E-1 9.96452E-1 9.81439E-1 9.56609E-1 8.9104E-1 9.48856E-1 9.80964E-1 9.80603E-1 9.89772E-1 9.99854E-1 9.99879E-1 9.99966E-1 9.91291E-1 9.89705E-1 9.98961E-1 9.99992E-1 9.99942E-1 9.9999E-1 9.98669E-1 9.99906E-1 9.99906E-1 9.99949E-1 9.99996E-1 9.99654E-1 9.97568E-1 1E0 1E0 1E0 9.99999E-1 9.9976E-1 1E0 9.99941E-1 9.99987E-1 9.95681E-1
1.73739E-2 1.92077E-2 1.85008E-2 3.23331E-2 3.8836E-2 1.3857E-2 3.01438E-2 3.03415E-2 1.96365E-2 6.53874E-2 1.16688E-1 1.05159E-1 1.65072E-1 1.90716E-1 3.121E-1 3.1577E-1 2.18587E-1 2.28626E-1 4.12773E-1 2.67041E-1 3.86449E-1 6.08599E-1 7.17589E-1 8.5348E-1 9.79694E-1 9.70866E-1 9.28517E-1 9.48382E-1 7.43016E-1 4.11847E-1 5.07434E-1 7.37112E-1 8.64756E-1 9.51981E-1 7.88887E-1 8.62729E-1 9.12268E-1 9.90591E-1 9.45986E-1 9.92396E-1 9.9999E-1 9.90666E-1 9.90872E-1 9.92716E-1 9.58546E-1 9.86849E-1 9.4206E-1 8.79024E-1 8.39471E-1 9.82679E-1 9.9508E-1 9.95834E-1 9.89989E-1 9.99506E-1 9.99982E-1 9.99984E-1 9.99945E-1 9.99901E-1 9.99847E-1 9.99971E-1 9.99939E-1 9.99911E-1 9.97939E-1 9.99911E-1 9.99978E-1 9.99903E-1 9.99998E-1 9.99943E-1 9.98132E-1 9.99985E-1 9.99976E-1 1E0 9.99934E-1 9.98579E-1 9.99935E-1 9.99988E-1 9.99687E-1 9.99946E-1
2.86377E-2 2.5096E-2 1.62271E-2 2.62768E-2 3.01887E-2 2.34079E-2 3.44601E-2 4.36923E-2 3.58822E-2 5.26788E-2 7.68179E-2 9.02442E-2 1.53092E-1 1.62837E-1 2.70333E-1 3.78899E-1 3.31781E-1 2.32929E-1 3.96199E-1 3.99796E-1 4.80952E-1 6.07641E-1 6.74708E-1 8.87919E-1 9.75645E-1 9.62554E-1 9.9312E-1 9.97137E-1 7.35343E-1 3.91377E-1 7.27012E-1 8.73465E-1 8.50502E-1 8.21842E-1 8.25815E-1 8.76809E-1 9.1016E-1 9.87357E-1 9.88029E-1 9.98924E-1 9.99883E-1 9.84163E-1 9.7505E-1 9.81891E-1 9.96886E-1 9.93581E-1 9.87522E-1 9.73517E-1 8.47955E-1 9.90963E-1 9.99935E-1 9.99941E-1 9.96211E-1 9.99901E-1 9.99997E-1 9.99992E-1 9.99956E-1 9.99969E-1 9.9999E-1 9.99954E-1 1E0 9.99944E-1 9.99975E-1 9.98099E-1 9.99297E-1 9.99969E-1 9.9999E-1 9.98687E-1 9.99445E-1 9.99858E-1 9.99495E-1 9.99999E-1 9.99977E-1 9.99832E-1 9.99398E-1 9.99986E-1 9.99997E-1 9.95255E-1
2.36619E-2 3.34559E-2 3.1806E-2 4.01492E-2 3.05401E-2 2.11727E-2 2.11885E-2 2.41804E-2 4.35178E-2 3.89429E-2 7.43199E-2 1.04613E-1 1.78292E-1 1.80024E-1 3.36689E-1 3.46218E-1 4.30052E-1 4.1386E-1 4.91452E-1 6.67773E-1 6.519E-1 7.39006E-1 9.82578E-1 9.83227E-1 9.90369E-1 9.63344E-1 9.62376E-1 9.97357E-1 7.91598E-1 5.23552E-1 6.22608E-1 7.59735E-1 7.54249E-1 8.65391E-1 9.24533E-1 9.37392E-1 9.58996E-1 9.99928E-1 9.99988E-1 9.99968E-1 9.99578E-1 9.97095E-1 9.84554E-1 9.72031E-1 9.77906E-1 9.8883E-1 9.84199E-1 9.96537E-1 9.88595E-1 9.78455E-1 9.84969E-1 9.96817E-1 9.97236E-1 9.98602E-1 9.99994E-1 9.99998E-1 9.99996E-1 9.99975E-1 9.99968E-1 9.99999E-1 9.99857E-1 9.99999E-1 9.99915E-1 9.99998E-1 9.99999E-1 9.99914E-1 9.99995E-1 9.99985E-1 9.99981E-1 9.99932E-1 1E0 1E0 9.99996E-1 9.99992E-1 9.99464E-1 9.99858E-1 9.76757E-1 9.74544E-1
1.06389E-2 1.34236E-2 5.10275E-2 1.18095E-2 2.46104E-2 3.84375E-2 3.17637E-2 3.35821E-2 1.04024E-1 7.06521E-2 8.80745E-2 1.34468E-1 1.98086E-1 1.77254E-1 1.30423E-1 3.05188E-1 5.62386E-1 5.01601E-1 7.04653E-1 5.25894E-1 5.34235E-1 9.53438E-1 9.94888E-1 9.90988E-1 9.7905E-1 9.74911E-1 9.99081E-1 9.97153E-1 9.9557E-1 8.73792E-1 6.08949E-1 7.60001E-1 9.39976E-1 9.32528E-1 9.94914E-1 9.97441E-1 9.3157E-1 9.03382E-1 9.85722E-1 9.9595E-1 9.98901E-1 9.99898E-1 9.94684E-1 9.04672E-1 9.56127E-1 9.75964E-1 9.97507E-1 9.8308E-1 9.99201E-1 9.99098E-1 9.99368E-1 9.99857E-1 9.99999E-1 9.99994E-1 1E0 9.99904E-1 9.99949E-1 9.99985E-1 9.99829E-1 9.99823E-1 9.9985E-1 9.99958E-1 9.99867E-1 9.9908E-1 9.98534E-1 9.99795E-1 9.99997E-1 9.9997E-1 9.99841E-1 9.99994E-1 1E0 9.99999E-1 9.99998E-1 9.99279E-1 9.99998E-1 9.8687E-1 9.99764E-1 9.99873E-1
2.74417E-2 2.15576E-2 2.2009E-2 3.73507E-2 5.22246E-2 4.28039E-2 4.17314E-2 5.13886E-2 8.25267E-2 7.0076E-2 1.73506E-1 1.30833E-1 1.28133E-1 1.61363E-1 2.08007E-1 3.31838E-1 4.60416E-1 5.68976E-1 7.43105E-1 8.75347E-1 6.15336E-1 7.90912E-1 9.80666E-1 9.96646E-1 9.80667E-1 9.99474E-1 9.96404E-1 9.98427E-1 9.56436E-1 9.1803E-1 6.56662E-1 9.56249E-1 9.79251E-1 9.83979E-1 9.90905E-1 9.71977E-1 9.70759E-1 9.99502E-1 9.99941E-1 9.99998E-1 9.99994E-1 9.99194E-1 9.99791E-1 9.74494E-1 9.56514E-1 9.94693E-1 9.91335E-1 9.99937E-1 9.89384E-1 9.99665E-1 9.99997E-1 9.99996E-1 9.99994E-1 9.99996E-1 9.9999E-1 9.99687E-1 9.99697E-1 9.99578E-1 9.99668E-1 9.99962E-1 1E0 9.99975E-1 9.99975E-1 9.99888E-1 9.76479E-1 9.98127E-1 9.99493E-1 1E0 9.99997E-1 1E0 9.99999E-1 1E0 9.99933E-1 9.97144E-1 9.99976E-1 9.99712E-1 9.92138E-1 9.90253E-1
2.5429E-2 2.63177E-2 1.67056E-2 1.83816E-2 5.63648E-2 4.64887E-2 4.23737E-2 7.28049E-2 8.03581E-2 1.42336E-1 1.73233E-1 1.66623E-1 2.84837E-1 2.82568E-1 3.06456E-1 4.20614E-1 4.53237E-1 6.42374E-1 9.29175E-1 9.72582E-1 9.68768E-1 9.97E-1 9.93482E-1 9.6943E-1 9.87495E-1 9.9748E-1 9.97536E-1 9.99375E-1 8.91329E-1 8.56365E-1 9.05224E-1 9.7376E-1 9.43386E-1 9.62068E-1 9.51194E-1 9.97576E-1 9.83239E-1 9.98548E-1 9.99606E-1 9.99767E-1 9.98729E-1 9.9425E-1 9.96583E-1 9.96021E-1 9.48462E-1 9.99357E-1 9.99996E-1 9.99999E-1 9.99963E-1 9.99914E-1 9.9661E-1 9.99999E-1 9.99973E-1 9.99999E-1 9.99845E-1 9.98184E-1 9.9951E-1 9.99153E-1 9.99266E-1 9.99995E-1 9.9985E-1 9.99974E-1 9.97694E-1 9.98565E-1 9.99358E-1 9.99984E-1 9.99995E-1 1E0 1E0 1E0 1E0 1E0 1E0 9.99992E-1 1E0 9.99735E-1 9.99149E-1 9.9966E-1
1.86162E-2 2.31969E-2 2.64732E-2 2.39308E-2 5.25746E-2 4.57427E-2 3.70801E-2 4.69856E-2 8.22177E-2 1.36206E-1 1.05574E-1 2.04517E-1 3.0094E-1 3.26074E-1 2.73095E-1 2.98495E-1 5.12205E-1 9.0704E-1 9.64147E-1 9.87077E-1 9.98072E-1 9.97934E-1 9.89146E-1 9.79992E-1 9.97866E-1 9.07407E-1 9.84286E-1 9.91803E-1 9.47109E-1 8.88647E-1 8.43684E-1 9.93986E-1 9.15347E-1 9.20695E-1 9.75785E-1 9.75444E-1 8.86918E-1 9.85166E-1 9.80277E-1 9.90113E-1 9.97873E-1 8.81393E-1 9.18831E-1 9.67077E-1 9.8017E-1 9.99875E-1 9.99756E-1 1E0 1E0 9.99992E-1 9.99917E-1 9.99995E-1 9.99996E-1 9.99993E-1 9.99996E-1 9.97298E-1 9.99041E-1 9.99571E-1 9.99861E-1 9.99926E-1 9.99443E-1 9.99719E-1 9.9755E-1 9.94076E-1 9.99998E-1 1E0 9.99994E-1 1E0 1E0 9.99994E-1 1E0 1E0 1E0 1E0 9.99999E-1 9.99959E-1 9.995E-1 9.97645E-1
3.25039E-2 2.84322E-2 3.20101E-2 3.13535E-2 8.13068E-2 6.28852E-2 6.254E-2 9.22076E-2 1.09477E-1 1.14778E-1 1.66825E-1 1.97464E-1 3.57499E-1 3.68498E-1 3.82912E-1 3.91363E-1 5.38561E-1 9.47097E-1 9.06436E-1 9.63106E-1 9.86147E-1 9.88253E-1 9.97127E-1 9.95589E-1 9.96806E-1 9.99442E-1 9.99903E-1 9.99698E-1 9.50613E-1 8.04423E-1 8.62123E-1 9.87437E-1 9.57249E-1 9.57836E-1 9.63022E-1 9.6087E-1 9.63364E-1 9.7335E-1 9.91997E-1 9.99475E-1 9.90978E-1 9.96413E-1 9.9674E-1 9.96744E-1 9.92939E-1 9.99912E-1 9.99969E-1 9.99977E-1 9.99693E-1 9.99968E-1 9.99857E-1 9.99997E-1 9.99998E-1 1E0 9.99952E-1 9.95725E-1 9.99969E-1 9.99955E-1 9.99983E-1 9.99934E-1 9.9953E-1 9.99411E-1 9.99413E-1 9.995E-1 9.99938E-1 9.99959E-1 1E0 9.99996E-1 1E0 9.99998E-1 9.99999E-1 1E0 9.9999E-1 9.99993E-1 9.99984E-1 1E0 1E0 9.99628E-1
2.61486E-2 1.67119E-2 1.78858E-2 9.44366E-2 6.29017E-2 5.96804E-2 8.82828E-2 1.12334E-1 9.94078E-2 1.65311E-1 1.74744E-1 2.9096E-1 3.7365E-1 4.47771E-1 4.43374E-1 5.59843E-1 7.75463E-1 8.74018E-1 7.07835E-1 9.33515E-1 9.47031E-1 9.69929E-1 9.92498E-1 9.84172E-1 9.36318E-1 9.98901E-1 9.99551E-1 9.99877E-1 9.83948E-1 9.07602E-1 8.27801E-1 9.75556E-1 9.68086E-1 9.85038E-1 9.96296E-1 9.81555E-1 9.91595E-1 9.85884E-1 9.97466E-1 9.9806E-1 9.98661E-1 9.91914E-1 9.99998E-1 9.99996E-1 9.99999E-1 9.9989E-1 9.99943E-1 9.99385E-1 9.99997E-1 9.99644E-1 9.99999E-1 9.99987E-1 9.99999E-1 9.99864E-1 9.99656E-1 9.98197E-1 1E0 9.99985E-1 9.99765E-1 9.99737E-1 9.99831E-1 9.96744E-1 1E0 9.99987E-1 9.99996E-1 1E0 1E0 9.99999E-1 9.99999E-1 9.99966E-1 9.99996E-1 1E0 1E0 9.99955E-1 1E0 1E0 1E0 1E0
2.73055E-2 2.27545E-2 2.45504E-2 7.05336E-2 3.71997E-2 3.13872E-2 7.93497E-2 1.32513E-1 1.43333E-1 2.86766E-1 4.46067E-1 4.31714E-1 5.02349E-1 8.08467E-1 7.7802E-1 9.44312E-1 9.98837E-1 6.89679E-1 6.95663E-1 8.626E-1 8.81332E-1 9.63734E-1 9.99991E-1 9.90693E-1 9.95877E-1 9.82552E-1 9.68758E-1 9.7454E-1 9.96493E-1 9.81831E-1 9.97185E-1 9.83636E-1 9.96243E-1 9.99497E-1 9.78278E-1 6.83062E-1 9.93215E-1 9.99964E-1 9.98702E-1 9.89317E-1 9.98523E-1 9.99869E-1 1E0 9.99989E-1 9.97097E-1 9.99252E-1 9.9976E-1 9.99998E-1 9.99994E-1 9.99905E-1 9.99999E-1 9.99994E-1 1E0 9.99967E-1 9.99999E-1 9.94177E-1 9.99974E-1 9.99997E-1 9.99999E-1 9.99945E-1 9.99916E-1 9.96802E-1 9.99999E-1 9.99989E-1 9.99997E-1 1E0 1E0 1E0 1E0 9.99752E-1 9.99996E-1 9.99998E-1 9.9992E-1 1E0 1E0 9.99999E-1 1E0 1E0
2.79792E-2 3.96741E-2 3.405E-2 6.07012E-2 4.32202E-2 3.07833E-2 8.7202E-2 1.5944E-1 2.45368E-1 3.23865E-1 4.93064E-1 7.25943E-1 8.37968E-1 9.65138E-1 9.95239E-1 9.8008E-1 9.79583E-1 8.99607E-1 7.58055E-1 7.92677E-1 8.07343E-1 9.50906E-1 9.96903E-1 9.33624E-1 9.43243E-1 9.99371E-1 9.99277E-1 9.97817E-1 9.98703E-1 9.95663E-1 9.97125E-1 9.95979E-1 9.92955E-1 9.99034E-1 9.9965E-1 9.7188E-1 9.89259E-1 9.93985E-1 9.99085E-1 9.99988E-1 9.99976E-1 1E0 9.9999E-1 9.99855E-1 9.99878E-1 9.9988E-1 1E0 1E0 1E0 9.99998E-1 1E0 1E0 9.99993E-1 9.99983E-1 9.99711E-1 9.99999E-1 9.93371E-1 9.99715E-1 9.99995E-1 9.99996E-1 9.99896E-1 9.99998E-1 9.99998E-1 1E0 1E0 1E0 1E0 1E0 9.99999E-1 9.99944E-1 9.972E-1 9.99986E-1 1E0 1E0 1E0 1E0 1E0 1E0
2.63592E-2 6.07896E-2 5.20798E-2 7.76329E-2 2.44189E-2 6.36747E-2 7.77105E-2 2.62351E-1 2.44057E-1 3.17628E-1 5.41572E-1 9.32856E-1 9.92121E-1 9.97183E-1 9.93028E-1 9.78981E-1 8.99816E-1 9.19768E-1 9.22599E-1 8.26054E-1 8.43855E-1 8.20189E-1 9.77851E-1 9.9874E-1 9.98968E-1 9.42952E-1 9.55086E-1 9.45479E-1 9.99469E-1 9.93447E-1 9.94893E-1 9.90208E-1 9.99636E-1 9.97201E-1 9.96503E-1 9.99535E-1 9.98823E-1 9.99078E-1 9.99903E-1 9.99914E-1 9.99978E-1 9.99921E-1 9.99655E-1 9.99953E-1 9.99429E-1 9.99384E-1 9.99935E-1 9.9999E-1 9.99994E-1 1E0 1E0 1E0 1E0 1E0 9.98021E-1 9.99988E-1 9.99998E-1 9.99999E-1 1E0 1E0 9.99999E-1 1E0 1E0 1E0 1E0 1E0 1E0 1E0 9.99998E-1 1E0 1E0 1E0 1E0 1E0 1E0 1E0 1E0 1E0
2.61963E-2 4.23146E-2 3.36228E-2 3.6074E-2 4.09858E-2 8.84007E-2 1.84671E-1 2.24937E-1 2.51995E-1 2.86036E-1 4.33374E-1 8.02227E-1 9.91541E-1 9.9405E-1 8.46344E-1 9.46805E-1 9.58118E-1 9.11791E-1 9.86426E-1 9.2201E-1 9.57531E-1 9.49745E-1 9.76603E-1 9.80804E-1 9.99807E-1 9.99939E-1 9.9244E-1 9.94846E-1 9.9921E-1 9.9934E-1 9.96592E-1 9.21116E-1 9.98005E-1 9.96697E-1 9.97976E-1 9.99818E-1 9.99892E-1 9.9995E-1 9.99971E-1 9.93109E-1 9.81928E-1 9.9981E-1 9.99991E-1 1E0 9.99573E-1 9.99783E-1 9.81591E-1 9.87798E-1 9.99991E-1 1E0 1E0 1E0 9.99995E-1 1E0 9.99993E-1 9.99974E-1 1E0 1E0 1E0 1E0 1E0 1E0 1E0 1E0 9.99997E-1 1E0 1E0 1E0 1E0 1E0 1E0 1E0 1E0 1E0 1E0 1E0 1E0 1E0
2.34722E-2 3.25238E-2 2.59697E-2 3.9034E-2 3.80164E-2 5.70283E-2 1.45174E-1 2.8369E-1 2.85438E-1 2.65958E-1 5.21819E-1 7.10676E-1 9.45638E-1 9.16539E-1 8.42886E-1 8.95267E-1 9.79579E-1 9.06767E-1 9.79538E-1 9.40846E-1 9.74626E-1 9.97159E-1 9.93773E-1 9.95485E-1 9.94406E-1 9.98081E-1 9.98935E-1 9.96196E-1 9.97223E-1 9.99533E-1 9.85742E-1 9.87666E-1 9.90405E-1 9.98831E-1 9.9512E-1 9.99961E-1 9.99999E-1 9.99994E-1 9.99943E-1 9.98463E-1 9.99811E-1 9.98781E-1 9.99987E-1 9.99999E-1 9.99997E-1 9.98944E-1 9.98683E-1 9.99585E-1 9.99995E-1 9.99996E-1 1E0 1E0 9.99987E-1 1E0 1E0 9.99999E-1 1E0 1E0 1E0 1E0 1E0 1E0 1E0 1E0 1E0 1E0 1E0 1E0 1E0 1E0 1E0 1E0 1E0 1E0 1E0 1E0 1E0 1E0
2.31009E-2 2.23354E-2 2.87396E-2 2.93119E-2 5.19717E-2 8.31064E-2 1.4048E-1 2.79552E-1 3.36148E-1 3.06454E-1 3.90638E-1 5.80525E-1 7.89886E-1 8.17757E-1 9.04225E-1 9.30927E-1 9.43082E-1 8.97184E-1 8.94977E-1 9.48298E-1 9.76902E-1 9.99869E-1 9.99795E-1 9.9727E-1 9.65935E-1 9.9819E-1 9.97569E-1 9.92179E-1 9.95322E-1 9.74362E-1 9.47915E-1 9.85966E-1 9.90678E-1 9.94229E-1 9.9159E-1 9.99984E-1 9.99999E-1 9.9999E-1 1E0 9.99998E-1 9.99997E-1 9.99811E-1 9.99996E-1 9.99999E-1 9.98655E-1 9.99849E-1 9.94077E-1 9.96163E-1 9.99987E-1 1E0 1E0 1E0 1E0 1E0 1E0 1E0 1E0 1E0 1E0 1E0 1E0 1E0 1E0 1E0 1E0 1E0 1E0 1E0 1E0 1E0 1E0 1E0 1E0 1E0 1E0 1E0 1E0 9.99996E-1
2.31156E-2 2.34277E-2 3.27352E-2 3.29078E-2 6.10635E-2 9.74428E-2 1.47282E-1 2.24891E-1 4.15144E-1 5.43618E-1 3.1192E-1 2.44231E-1 5.52648E-1 6.91135E-1 7.03519E-1 6.84746E-1 7.96879E-1 9.18472E-1 7.86415E-1 9.11651E-1 9.90064E-1 9.98914E-1 9.92131E-1 9.75325E-1 9.43377E-1 9.64238E-1 9.58122E-1 9.99391E-1 9.94346E-1 9.98574E-1 9.93895E-1 9.99943E-1 9.41659E-1 9.99989E-1 1E0 9.99605E-1 9.97402E-1 9.99978E-1 9.97853E-1 1E0 1E0 9.99999E-1 1E0 9.99967E-1 9.99492E-1 1E0 1E0 1E0 1E0 1E0 1E0 1E0 1E0 1E0 1E0 1E0 1E0 1E0 1E0 9.99999E-1 1E0 1E0 1E0 1E0 1E0 1E0 1E0 1E0 1E0 1E0 1E0 1E0 1E0 1E0 1E0 1E0 1E0 1E0
4.05938E-2 2.89839E-2 4.15862E-2 5.2109E-2 1.18837E-1 1.8289E-1 1.77751E-1 2.13658E-1 2.09799E-1 2.34261E-1 2.28239E-1 2.97633E-1 6.1998E-1 5.86071E-1 5.94873E-1 6.47787E-1 7.00727E-1 8.43051E-1 9.5415E-1 8.91169E-1 9.93547E-1 9.89265E-1 9.71789E-1 9.77001E-1 9.55861E-1 9.7939E-1 9.57936E-1 9.92968E-1 9.98892E-1 9.97272E-1 9.99908E-1 9.99281E-1 9.97891E-1 9.92789E-1 9.9982E-1 9.99982E-1 9.99934E-1 9.99871E-1 1E0 9.99983E-1 9.99998E-1 9.98238E-1 9.99459E-1 1E0 1E0 1E0 1E0 1E0 1E0 1E0 9.99998E-1 1E0 1E0 1E0 1E0 1E0 1E0 1E0 1E0 1E0 1E0 1E0 1E0 1E0 1E0 1E0 1E0 1E0 1E0 1E0 1E0 1E0 1E0 1E0 1E0 1E0 1E0 1E0
4.17447E-2 5.32406E-2 8.00004E-2 1.0146E-1 1.36133E-1 2.17794E-1 1.90745E-1 2.06062E-1 2.89669E-1 2.56939E-1 2.61136E-1 2.26886E-1 6.27265E-1 6.92809E-1 7.07168E-1 4.96283E-1 6.06089E-1 8.22532E-1 7.63393E-1 9.89049E-1 9.0574E-1 9.54299E-1 9.86081E-1 9.82858E-1 9.69262E-1 9.8306E-1 9.02395E-1 9.13278E-1 9.02177E-1 9.89114E-1 9.89059E-1 9.98559E-1 9.99379E-1 9.99036E-1 9.9519E-1 9.99921E-1 1E0 9.99998E-1 9.99959E-1 9.96465E-1 1E0 1E0 1E0 1E0 1E0 1E0 9.99995E-1 9.99984E-1 9.99984E-1 1E0 9.99991E-1 1E0 1E0 1E0 1E0 1E0 1E0 1E0 1E0 1E0 1E0 1E0 1E0 1E0 1E0 1E0 1E0 1E0 1E0 1E0 1E0 1E0 1E0 1E0 1E0 1E0 1E0 1E0
4.71655E-2 5.43887E-2 6.8257E-2 1.09937E-1 1.85333E-1 2.46806E-1 2.71126E-1 2.49316E-1 3.56659E-1 3.18284E-1 2.60284E-1 3.62054E-1 5.17719E-1 7.345E-1 6.77857E-1 8.13087E-1 8.86047E-1 4.15974E-1 7.47872E-1 8.4981E-1 8.84974E-1 9.76101E-1 9.70219E-1 9.69862E-1 9.78282E-1 9.64184E-1 9.65048E-1 8.96017E-1 9.36531E-1 9.38048E-1 9.89935E-1 9.99318E-1 9.98131E-1 9.9819E-1 9.98867E-1 9.9939E-1 9.99999E-1 9.98446E-1 9.90161E-1 9.96599E-1 9.99912E-1 9.99951E-1 1E0 9.99999E-1 1E0 1E0 9.99991E-1 9.99992E-1 9.99998E-1 1E0 1E0 1E0 1E0 1E0 1E0 1E0 1E0 1E0 1E0 1E0 1E0 1E0 1E0 1E0 1E0 1E0 1E0 1E0 1E0 1E0 1E0 1E0 1E0 1E0 1E0 1E0 1E0 1E0
3.95808E-2 5.48841E-2 1.02174E-1 1.25307E-1 1.58401E-1 1.85504E-1 2.79556E-1 3.41353E-1 3.08353E-1 3.40472E-1 3.19202E-1 3.96159E-1 4.68022E-1 5.44907E-1 5.9759E-1 6.62819E-1 7.06645E-1 4.40478E-1 7.90089E-1 8.99779E-1 9.79219E-1 9.78968E-1 9.65589E-1 9.83813E-1 9.74493E-1 9.13176E-1 9.22188E-1 9.62156E-1 9.2191E-1 9.58273E-1 9.99611E-1 9.78273E-1 9.99021E-1 9.97315E-1 9.98753E-1 9.97959E-1 9.99984E-1 9.99988E-1 9.98851E-1 9.98447E-1 9.99611E-1 9.98377E-1 9.99999E-1 9.9987E-1 1E0 1E0 9.99997E-1 9.99995E-1 9.99976E-1 9.99968E-1 1E0 1E0 1E0 1E0 1E0 1E0 1E0 1E0 1E0 1E0 1E0 1E0 1E0 1E0 1E0 1E0 1E0 1E0 1E0 1E0 1E0 1E0 1E0 1E0 1E0 1E0 1E0 1E0
4.23259E-2 6.32465E-2 8.21832E-2 1.74116E-1 1.4278E-1 1.75805E-1 2.778E-1 2.91859E-1 2.50682E-1 3.11279E-1 2.99435E-1 7.12636E-1 8.13172E-1 7.96247E-1 7.73106E-1 5.57828E-1 6.28177E-1 7.23125E-1 8.70028E-1 9.12571E-1 8.96363E-1 9.29185E-1 9.86245E-1 9.86396E-1 9.86772E-1 9.56731E-1 9.69559E-1 9.75078E-1 9.88422E-1 9.98105E-1 9.96974E-1 9.98781E-1 9.94172E-1 9.98279E-1 9.99922E-1 1E0 1E0 1E0 9.99928E-1 9.98861E-1 9.99164E-1 9.98478E-1 1E0 9.99997E-1 1E0 1E0 1E0 9.99999E-1 1E0 1E0 1E0 1E0 1E0 1E0 1E0 1E0 1E0 1E0 1E0 1E0 1E0 1E0 1E0 1E0 1E0 1E0 1E0 1E0 1E0 1E0 1E0 1E0 1E0 1E0 1E0 1E0 1E0 1E0
8.37529E-2 1.09432E-1 1.56943E-1 2.06807E-1 1.9641E-1 2.91139E-1 3.41454E-1 3.60773E-1 3.13818E-1 5.27797E-1 5.15776E-1 7.12902E-1 9.76776E-1 7.09309E-1 8.24298E-1 5.79976E-1 5.40113E-1 6.26616E-1 7.69013E-1 9.52707E-1 9.18858E-1 9.45065E-1 9.02646E-1 9.46673E-1 9.89005E-1 9.88469E-1 9.96229E-1 9.71129E-1 9.9083E-1 9.85055E-1 9.98969E-1 9.98911E-1 9.96692E-1 9.99992E-1 1E0 1E0 1E0 9.99999E-1 1E0 1E0 9.99543E-1 9.98103E-1 9.99793E-1 9.99848E-1 9.99997E-1 1E0 9.99923E-1 9.99998E-1 1E0 1E0 1E0 1E0 1E0 1E0 1E0 1E0 1E0 1E0 1E0 1E0 1E0 1E0 1E0 1E0 1E0 1E0 1E0 1E0 1E0 1E0 1E0 1E0 1E0 1E0 1E0 1E0 1E0 1E0
8.84866E-2 1.86338E-1 2.579E-1 2.69424E-1 2.67211E-1 3.28527E-1 2.97525E-1 5.85433E-1 4.46311E-1 8.23444E-1 9.4589E-1 8.24475E-1 9.84582E-1 5.68044E-1 6.88554E-1 4.87411E-1 6.32636E-1 5.91272E-1 8.12469E-1 8.62885E-1 8.73253E-1 9.18798E-1 9.78816E-1 9.38081E-1 9.56319E-1 9.89184E-1 9.78998E-1 9.98935E-1 9.94068E-1 9.89985E-1 9.96021E-1 9.99872E-1 9.9978E-1 9.99999E-1 1E0 1E0 1E0 9.99969E-1 9.9999E-1 9.99952E-1 9.99999E-1 9.99861E-1 9.99007E-1 9.99999E-1 9.99998E-1 9.99964E-1 9.99975E-1 1E0 1E0 1E0 1E0 1E0 1E0 1E0 1E0 1E0 1E0 1E0 1E0 1E0 1E0 1E0 1E0 1E0 1E0 1E0 1E0 1E0 1E0 1E0 1E0 1E0 1E0 1E0 1E0 1E0 1E0 1E0
1.96815E-1 2.20302E-1 2.52842E-1 2.61176E-1 2.95469E-1 3.70991E-1 5.93309E-1 7.55318E-1 8.45247E-1 8.63579E-1 8.93959E-1 9.55034E-1 8.885E-1 6.67566E-1 5.40172E-1 4.73502E-1 7.59913E-1 6.94091E-1 8.87932E-1 9.63392E-1 9.80259E-1 8.89736E-1 9.95456E-1 9.97455E-1 9.95097E-1 9.61164E-1 9.67629E-1 9.87955E-1 9.89613E-1 9.9143E-1 9.91514E-1 1E0 9.99999E-1 9.99998E-1 1E0 1E0 1E0 9.99974E-1 9.99999E-1 1E0 1E0 1E0 1E0 1E0 1E0 9.99999E-1 9.982E-1 9.99999E-1 1E0 1E0 1E0 1E0 1E0 1E0 1E0 1E0 1E0 1E0 1E0 1E0 1E0 1E0 1E0 1E0 1E0 1E0 1E0 1E0 1E0 1E0 1E0 1E0 1E0 1E0 9.9999E-1 9.9918E-1 9.99953E-1 1E0
2.11529E-1 2.25796E-1 2.82748E-1 3.38302E-1 4.64987E-1 4.70169E-1 7.86968E-1 8.87177E-1 8.2731E-1 9.61133E-1 9.63326E-1 9.85543E-1 7.40075E-1 9.10398E-1 6.82092E-1 5.10466E-1 8.28054E-1 9.16293E-1 8.82105E-1 8.34071E-1 8.82234E-1 9.53888E-1 9.98132E-1 9.97714E-1 9.9476E-1 9.86196E-1 9.93375E-1 9.7515E-1 9.89529E-1 9.96761E-1 9.98192E-1 9.99932E-1 9.99973E-1 9.99954E-1 9.99913E-1 9.99752E-1 9.99628E-1 9.99929E-1 1E0 1E0 1E0 1E0 1E0 1E0 9.99997E-1 9.99764E-1 1E0 1E0 1E0 1E0 1E0 1E0 1E0 1E0 1E0 1E0 1E0 1E0 1E0 1E0 1E0 1E0 1E0 1E0 1E0 1E0 1E0 1E0 1E0 1E0 1E0 1E0 1E0 9.99935E-1 9.29031E-1 9.02031E-1 9.99895E-1 1E0
2.32739E-1 3.07402E-1 2.07301E-1 2.68774E-1 5.62233E-1 6.47145E-1 9.35385E-1 9.10263E-1 9.2138E-1 9.66988E-1 9.64637E-1 9.75565E-1 5.50681E-1 8.67678E-1 8.87611E-1 7.19367E-1 8.75075E-1 9.81796E-1 9.69294E-1 9.96177E-1 8.63812E-1 9.61975E-1 9.99885E-1 9.91344E-1 9.84596E-1 9.97168E-1 9.70259E-1 9.97774E-1 9.91762E-1 9.99781E-1 9.99936E-1 1E0 1E0 9.99985E-1 9.99607E-1 9.99999E-1 9.99999E-1 9.91624E-1 1E0 1E0 1E0 1E0 1E0 1E0 9.99968E-1 9.99895E-1 1E0 1E0 1E0 1E0 1E0 1E0 1E0 1E0 1E0 1E0 1E0 1E0 1E0 1E0 1E0 1E0 1E0 1E0 1E0 1E0 1E0 1E0 1E0 1E0 1E0 1E0 1E0 9.99174E-1 8.23942E-1 9.14442E-1 9.94944E-1 1E0
2.40234E-1 2.91902E-1 3.50101E-1 3.37165E-1 6.24571E-1 6.97692E-1 9.1402E-1 9.80537E-1 9.87865E-1 9.85599E-1 9.06717E-1 7.43691E-1 5.09026E-1 9.4741E-1 9.54937E-1 7.8415E-1 8.8764E-1 9.71359E-1 9.8505E-1 8.78823E-1 8.61647E-1 8.66775E-1 9.92581E-1 9.86408E-1 9.86064E-1 9.99857E-1 9.96946E-1 9.95762E-1 9.87839E-1 9.99987E-1 9.99991E-1 1E0 1E0 9.99365E-1 9.99915E-1 9.99754E-1 9.99955E-1 9.99982E-1 1E0 1E0 1E0 1E0 1E0 1E0 9.99853E-1 9.99999E-1 9.99999E-1 1E0 1E0 1E0 1E0 1E0 1E0 1E0 1E0 1E0 1E0 1E0 1E0 1E0 1E0 1E0 1E0 1E0 1E0 1E0 1E0 1E0 1E0 1E0 1E0 1E0 1E0 9.98447E-1 9.99471E-1 9.9725E-1 9.99167E-1 1E0
3.93142E-1 3.75894E-1 3.86223E-1 4.83959E-1 8.47438E-1 8.99138E-1 9.78499E-1 9.32072E-1 9.44451E-1 8.20832E-1 7.45645E-1 6.7536E-1 9.85584E-1 9.97167E-1 9.99891E-1 9.84782E-1 9.69415E-1 9.97644E-1 9.91141E-1 8.76993E-1 9.36082E-1 8.70618E-1 9.68216E-1 9.76026E-1 9.97978E-1 9.99046E-1 9.99946E-1 9.97618E-1 9.90583E-1 9.99356E-1 9.99637E-1 9.9998E-1 9.9959E-1 1E0 9.99601E-1 9.99413E-1 9.99844E-1 1E0 1E0 1E0 1E0 1E0 1E0 1E0 1E0 1E0 1E0 1E0 1E0 1E0 1E0 1E0 1E0 1E0 1E0 1E0 1E0 1E0 1E0 1E0 1E0 1E0 1E0 1E0 1E0 1E0 1E0 1E0 1E0 1E0 1E0 1E0 1E0 1E0 1E0 1E0 1E0 9.99981E-1
5.27291E-1 4.69688E-1 4.05844E-1 5.1716E-1 9.01395E-1 9.71428E-1 7.46521E-1 7.97416E-1 8.86065E-1 8.46061E-1 8.99903E-1 9.62676E-1 9.98893E-1 1E0 9.99999E-1 9.99894E-1 9.99761E-1 8.4925E-1 9.95066E-1 9.99022E-1 8.47238E-1 9.91438E-1 9.40926E-1 9.78517E-1 9.99961E-1 1E0 9.99999E-1 9.99008E-1 9.99954E-1 9.99719E-1 9.9996E-1 1E0 1E0 1E0 1E0 1E0 1E0 1E0 1E0 1E0 1E0 1E0 1E0 1E0 1E0 1E0 1E0 1E0 1E0 1E0 1E0 1E0 1E0 1E0 1E0 1E0 1E0 1E0 1E0 1E0 1E0 1E0 1E0 1E0 1E0 1E0 1E0 1E0 1E0 1E0 1E0 1E0 1E0 1E0 1E0 1E0 1E0 9.99996E-1
4.64411E-1 6.03339E-1 7.54441E-1 6.79225E-1 7.77847E-1 6.68792E-1 9.78688E-1 8.58825E-1 4.17062E-1 8.97226E-1 7.9924E-1 7.20435E-1 9.97083E-1 9.99999E-1 1E0 9.99974E-1 9.87343E-1 9.49417E-1 9.84165E-1 9.54033E-1 8.87792E-1 9.91628E-1 9.64121E-1 9.68982E-1 9.86264E-1 9.9997E-1 1E0 1E0 9.98722E-1 9.99956E-1 9.99874E-1 9.99954E-1 9.99998E-1 1E0 1E0 1E0 1E0 1E0 1E0 1E0 1E0 1E0 1E0 1E0 1E0 1E0 1E0 1E0 1E0 1E0 1E0 1E0 1E0 1E0 1E0 1E0 1E0 1E0 1E0 1E0 1E0 1E0 1E0 1E0 1E0 1E0 1E0 1E0 1E0 1E0 1E0 1E0 1E0 1E0 1E0 1E0 1E0 1E0
6.40487E-1 8.14621E-1 7.89605E-1 7.11554E-1 8.91304E-1 8.46517E-1 8.35572E-1 4.87959E-1 6.40304E-1 8.93945E-1 9.18933E-1 8.3395E-1 9.99921E-1 1E0 1E0 9.9999E-1 9.88133E-1 9.85334E-1 9.86186E-1 9.63724E-1 9.52945E-1 9.9911E-1 9.91887E-1 9.94011E-1 9.76281E-1 9.96821E-1 9.9998E-1 9.99974E-1 9.99742E-1 9.99958E-1 9.98863E-1 9.98994E-1 9.99495E-1 1E0 1E0 1E0 1E0 1E0 1E0 1E0 1E0 1E0 1E0 1E0 1E0 1E0 1E0 1E0 1E0 1E0 1E0 1E0 1E0 1E0 1E0 1E0 1E0 1E0 1E0 1E0 1E0 1E0 1E0 1E0 1E0 1E0 1E0 1E0 1E0 1E0 1E0 1E0 1E0 1E0 1E0 1E0 1E0 1E0
7.75729E-1 6.80333E-1 6.99788E-1 7.07849E-1 7.83303E-1 7.28718E-1 7.58714E-1 5.41955E-1 6.11384E-1 5.86644E-1 8.90364E-1 9.99677E-1 1E0 1E0 1E0 1E0 9.98785E-1 9.85587E-1 9.84784E-1 9.99314E-1 9.76367E-1 9.84112E-1 9.91537E-1 9.99813E-1 9.81688E-1 9.9499E-1 9.94391E-1 9.99991E-1 9.99994E-1 9.98748E-1 9.99998E-1 9.99999E-1 9.99975E-1 1E0 1E0 1E0 9.99977E-1 9.99987E-1 1E0 1E0 1E0 1E0 1E0 1E0 1E0 1E0 1E0 1E0 1E0 1E0 1E0 1E0 1E0 1E0 1E0 1E0 1E0 1E0 1E0 1E0 1E0 1E0 1E0 1E0 1E0 1E0 1E0 1E0 1E0 1E0 1E0 1E0 1E0 1E0 1E0 1E0 1E0 1E0
