ENM/Final_Models/M_2_F_q_Set_1_E/Gustavia_santanderiensis_9_Choco_novel.asc
ncols         367
nrows         963
xllcorner     -78.6
yllcorner     0.65
cellsize      0.00833333333333323
NODATA_value  -9999
[rows 390 to 419 of 963, columns 136 to 203 of 367]
-9999 -9999 -9999 -9999 -9999 -9999 -9999 -9999 -9999 -9999 -6.13249E1 -6.46372E1 -4.97792E1 -4.57413E1 -1.81073E1 -1.69085E1 -1.19243E1 -1.97792E1 -2.7918E1 -3.79811E1 -3.99054E1 -3.80126E1 -1.87382E1 1.79623E-1 9.97904E-1 6.12713E0 2.51472E0 2.51472E0 5.06935E0 4.07145E0 1.93593E0 6.12713E0 5.58826E0 4.78994E-1 1.99581E-2 -7.21698E1 -1.07075E2 -8.81388E1 -8.4164E1 -7.20505E1 -7.17981E1 -7.02839E1 -7.3123E1 -7.347E1 -8.28707E1 -7.94006E1 -7.74448E1 -7.4511E1 -8.10095E1 -8.12618E1 -7.91167E1 -8.39748E1 -9.07886E1 -8.57413E1 -8.81703E1 -8.70978E1 -8.71609E1 -8.73817E1 -7.59621E1 -8.14511E1 -9.66981E1 -1.13679E2 -1.26887E2 -1.34906E2 -1.27358E2 -1.27358E2 -1.14151E2 -1.27358E2
-9999 -9999 -9999 -9999 -9999 -9999 -9999 -9999 -9999 -9999 -9999 -5.7918E1 -4.60252E1 -4.05047E1 -2.54259E1 -2.35016E1 -1.71924E1 -1.69401E1 -2.7571E1 -3.1388E1 -4.16719E1 -4.17666E1 -4.66562E1 -1.7571E1 1.79623E-1 7.18491E-1 2.63447E0 2.51472E0 5.06935E0 3.63237E0 4.07145E0 4.71011E0 2.15547E0 -1.35962E1 -2.17035E1 -7.16981E1 -1.10377E2 -8.653E1 -8.28391E1 -7.09779E1 -7.22082E1 -6.01577E1 -6.63092E1 -7.8612E1 -8.00946E1 -7.69401E1 -7.8612E1 -6.86751E1 -7.63407E1 -7.18927E1 -7.66246E1 -7.99369E1 -8.75394E1 -8.30599E1 -9.04101E1 -9.07256E1 -9.28076E1 -8.78233E1 -8.68139E1 -8.23659E1 -9.71698E1 -1.28302E2 -1.31132E2 -1.34906E2 -1.28774E2 -9.60883E1 -1.20283E2 -8.82019E1
-9999 -9999 -9999 -9999 -9999 -9999 -9999 -9999 -9999 -9999 -9999 -5.14511E1 -3.26183E1 -2.94322E1 -3.24606E1 -3.33754E1 -1.92429E1 -2.23344E1 -3.55205E1 -3.51104E1 -4.20505E1 -4.6183E1 -4.7224E1 -3.58991E1 -1.52997E1 2.03572E0 5.06935E0 5.06935E0 5.06935E0 1.61661E0 5.38868E-1 3.39287E-1 -6.87697E0 -3.49842E1 -5E1 -1.05189E2 -7.58044E1 -7.98423E1 -7.98423E1 -7.22082E1 -6.37539E1 -5.98107E1 -7.25552E1 -7.77918E1 -7.98423E1 -7.64353E1 -8.21136E1 -7.92744E1 -7.82965E1 -7.86751E1 -7.93691E1 -7.60568E1 -9.06625E1 -9.47634E1 -8.90221E1 -8.8959E1 -8.66877E1 -9.26498E1 -8.87382E1 -8.79811E1 -1.17925E2 -1.18396E2 -1.17925E2 -1.18868E2 -1.18868E2 -9.55836E1 -9.71293E1 -1.28774E2
-9999 -9999 -9999 -9999 -9999 -9999 -9999 -9999 -9999 -9999 -9999 -9999 -9999 -3.05678E1 -2.56151E1 -2.67508E1 -1.6183E1 -3.25868E1 -4.88959E1 -3.76341E1 -4E1 -3.37224E1 -3.78233E1 -3.40694E1 -5.9306E0 3.51262E0 5.26894E0 3.333E0 1.81619E0 -6.62461E-1 -9.653E0 -4.66877E0 -2.76656E1 -8.06604E1 -8.49057E1 -8.11672E1 -7.93375E1 -7.47003E1 -8.84858E1 -7.61514E1 -6.87697E1 -7.15457E1 -7.81703E1 -7.94006E1 -7.37855E1 -7.35962E1 -8.09464E1 -7.8265E1 -7.88013E1 -6.84227E1 -8.11356E1 -8.34385E1 -9.30599E1 -9.65931E1 -1.24057E2 -9.41325E1 -9.41325E1 -1.16038E2 -8.13565E1 -8.80126E1 -1.28774E2 -1.18396E2 -1.17925E2 -1.17453E2 -1.18868E2 -9.07256E1 -9.42587E1 -9.76972E1
-9999 -9999 -9999 -9999 -9999 -9999 -9999 -9999 -9999 -9999 -9999 -9999 -9999 -9999 -3.07256E1 -2.4795E1 -2.0694E1 -3.26814E1 -5.05047E1 -3.72871E1 -3.47634E1 -3.47319E1 -2.21767E1 -4.27129E1 -2.32177E1 1.99581E-2 1.11765E0 8.78156E-1 3.59246E-1 -1.32492E0 -1.19874E1 -2.28707E1 -4.42902E1 -8.16038E1 -8.77358E1 -8.77358E1 -8.46688E1 -8.52681E1 -9.04416E1 -8.25552E1 -8.05678E1 -7.69716E1 -7.66562E1 -8.38486E1 -7.92429E1 -7.7918E1 -7.90536E1 -7.98738E1 -7.55836E1 -7.16088E1 -7.09464E1 -8.92744E1 -9.11041E1 -9.53628E1 -9.29653E1 -1.15094E2 -8.8612E1 -9.2429E1 -8.37224E1 -8.5552E1 -8.38801E1 -1.18868E2 -1.18396E2 -1.16509E2 -1.20283E2 -9.60568E1 -9.37855E1 -8.97476E1
-9999 -9999 -9999 -9999 -9999 -9999 -9999 -9999 -9999 -9999 -9999 -9999 -9999 -9999 -9999 -4.61199E1 -3.82965E1 -3.92429E1 -4.76656E1 -4.81073E1 -3.19874E1 -2.40694E1 -2.01262E1 -2.42587E1 -2.84227E1 -2.53628E1 -1.55836E1 -1.09148E1 -3.28076E0 -1.89274E0 -1.46372E1 -2.85173E1 -3.89274E1 -4.84227E1 -6.24606E1 -6.11356E1 -7.74132E1 -7.78233E1 -8.0694E1 -8.32177E1 -7.43849E1 -7.38486E1 -7.60883E1 -8.11672E1 -8.01893E1 -7.85489E1 -8.27129E1 -8.44164E1 -8.44795E1 -7.51104E1 -8.36908E1 -8.79811E1 -8.80126E1 -9.13565E1 -9.14511E1 -9.12618E1 -8.63407E1 -8.66562E1 -8.46057E1 -8.83912E1 -9.39748E1 -8.9653E1 -1.2783E2 -8.52997E1 -1.20755E2 -8.18297E1 -8.01262E1 -9.14827E1
-9999 -9999 -9999 -9999 -9999 -9999 -9999 -9999 -9999 -9999 -9999 -9999 -9999 -9999 -9999 -5.17035E1 -5.70755E1 -4.11672E1 -3.91483E1 -4.37855E1 -4.05678E1 -1.60252E1 -5.1735E0 3.79204E-1 -1.76025E1 -2.27445E1 -1.50158E1 -5.33123E0 -3.75394E0 7.18491E-1 1.59665E-1 -4.4795E0 -1.76972E1 -3.50473E1 -8.30189E1 -8.06604E1 -7.09148E1 -7.82019E1 -8.19558E1 -7.85173E1 -8.1388E1 -8.26814E1 -7.46057E1 -7.96215E1 -8.04732E1 -7.95899E1 -7.76341E1 -8.29653E1 -8.76025E1 -8.5142E1 -8.23028E1 -8.68454E1 -8.93375E1 -8.8959E1 -8.90852E1 -9.09779E1 -8.31861E1 -8.50789E1 -8.8612E1 -8.61199E1 -8.69401E1 -9.24921E1 -8.97161E1 -9.87066E1 -9.40379E1 -9.49527E1 -9.4448E1 -9.24606E1
-9999 -9999 -9999 -9999 -9999 -9999 -9999 -9999 -9999 -9999 -9999 -9999 -9999 -9999 -9999 -4.18927E1 -3.95268E1 -3.80442E1 -4.2082E1 -4.25237E1 -2.6877E1 -8.86435E0 1.99581E-2 4.29099E0 3.29308E0 5.1891E-1 7.98324E-2 1.99581E-2 9.97904E-2 7.18491E-1 6.18701E-1 -3.28076E0 -2.07886E1 -3.80126E1 -5.84906E1 -7.21698E1 -8.39623E1 -7.3817E1 -7.75079E1 -7.2776E1 -8.08202E1 -8.18612E1 -8.08517E1 -8.19558E1 -8.11356E1 -8.96845E1 -8.32492E1 -8.77918E1 -8.82334E1 -8.08202E1 -8.5142E1 -8.49211E1 -8.70662E1 -9.06309E1 -8.9306E1 -8.49842E1 -9.16404E1 -9.98423E1 -9.23028E1 -9.1041E1 -9.26183E1 -9.07256E1 -9.04416E1 -9.35331E1 -9.4795E1 -8.60883E1 -8.67823E1 -9.35331E1
-9999 -9999 -9999 -9999 -9999 -9999 -9999 -9999 -9999 -9999 -9999 -9999 -9999 -9999 -9999 -5.03785E1 -4.95268E1 -5E1 -3.43218E1 -3.44479E1 -3.11987E1 -1.09148E1 -1.29338E1 -6.34069E0 4.98952E-1 3.59246E-1 -1.00946E0 1.79623E-1 4.39078E-1 1.19749E-1 1.59665E-1 1.99581E-2 -1.04416E1 -3.80757E1 -4.57729E1 -4.73502E1 -6.66562E1 -7.3123E1 -7.67823E1 -7.22082E1 -8.33123E1 -8.70978E1 -8.81388E1 -8.76656E1 -8.60252E1 -7.653E1 -8.01577E1 -8.54574E1 -8.64669E1 -8.71924E1 -8.12303E1 -8.57413E1 -8.52681E1 -7.79811E1 -8.02208E1 -7.98107E1 -9.2429E1 -8.92114E1 -9.14511E1 -9.00946E1 -8.80126E1 -1.19811E2 -9.29338E1 -1.21226E2 -1.21698E2 -8.94322E1 -8.85173E1 -9.31546E1
-9999 -9999 -9999 -9999 -9999 -9999 -9999 -9999 -9999 -9999 -9999 -9999 -9999 -9999 -9999 -5.42453E1 -4.73502E1 -4.76025E1 -4.16404E1 -3.59306E1 -3.59621E1 -1.59306E1 -1.00631E1 -1.70347E1 -1.5142E1 -8.64353E0 -8.35962E0 -1.21767E1 -7.3817E0 -2.46057E0 1.79623E-1 6.78575E-1 -6.94006E0 -3.16719E1 -4.66246E1 -5.01577E1 -6.41509E1 -7.30915E1 -7.4795E1 -6.93691E1 -8.22082E1 -8.26814E1 -7.87697E1 -8.94006E1 -8.4511E1 -8.09148E1 -7.52681E1 -8.30599E1 -8.07571E1 -7.70032E1 -7.70032E1 -8.52997E1 -8.57098E1 -7.7571E1 -8.0694E1 -7.52681E1 -8.38801E1 -8.66877E1 -9.5552E1 -8.43218E1 -9.55836E1 -9.93691E1 -1.20755E2 -1.21226E2 -1.3066E2 -9.2082E1 -8.49842E1 -9.61514E1
-9999 -9999 -9999 -9999 -9999 -9999 -9999 -9999 -9999 -9999 -9999 -9999 -9999 -9999 -9999 -5.09779E1 -4.93691E1 -5.63091E1 -5.70755E1 -4.63091E1 -4.04101E1 -2.65931E1 -2.93375E1 -3.26814E1 -2.36593E1 -1.75394E1 -1.30599E1 -1.50473E1 -7.22397E0 -4.8265E0 3.59246E-1 1.93593E0 7.98324E-2 -2.71924E1 -5.43218E1 -8.58491E1 -6.60377E1 -7.9653E1 -7.93691E1 -7.19243E1 -7.98423E1 -7.85173E1 -7.45426E1 -8.27445E1 -8.21136E1 -8.23659E1 -7.71609E1 -8.80757E1 -7.81073E1 -8.52681E1 -8.77603E1 -9.18612E1 -8.77603E1 -8.21767E1 -7.87697E1 -8.38486E1 -8.66562E1 -8.37224E1 -9.2429E1 -8.98423E1 -9.64984E1 -1.20283E2 -1.20755E2 -1.21698E2 -9.23028E1 -9.64669E1 -8.67823E1 -8.92429E1
-9999 -9999 -9999 -9999 -9999 -9999 -9999 -9999 -9999 -9999 -9999 -9999 -9999 -9999 -9999 -6.90536E1 -6.89274E1 -6.5566E1 -5.80189E1 -5.19874E1 -4.38801E1 -4.46688E1 -4.5142E1 -5.2429E1 -3.58675E1 -1.36278E1 -9.71609E0 -1.15142E1 -4.60568E0 1.99581E-1 7.78365E-1 1.93593E0 -1.60883E0 -2.88959E1 -6.31861E1 -6.58044E1 -7.74132E1 -8.30599E1 -8.347E1 -7.35331E1 -7.78549E1 -8.04732E1 -8.74448E1 -8.32492E1 -7.66877E1 -7.81073E1 -8.02839E1 -8.1735E1 -8.85804E1 -9.12934E1 -8.98423E1 -8.67508E1 -9.11356E1 -8.54574E1 -8.6877E1 -8.31546E1 -8.37855E1 -9.08202E1 -1.00252E2 -9.30599E1 -9.82965E1 -9.81388E1 -1.03375E2 -1.3066E2 -8.67508E1 -9.17035E1 -9.42587E1 -9.24921E1
-9999 -9999 -9999 -9999 -9999 -9999 -9999 -9999 -9999 -9999 -9999 -9999 -9999 -9999 -9999 -7.55836E1 -6.42587E1 -6.4795E1 -4.83596E1 -3.69716E1 -3.59306E1 -3.47634E1 -4.9306E1 -4.99685E1 -3.55521E1 -2.23975E0 1.29728E0 4.59036E-1 4.59036E-1 7.78365E-1 2.03572E0 1.59665E-1 -2.06625E1 -3.74763E1 -4.66877E1 -6.59937E1 -7.08833E1 -8.347E1 -8.48896E1 -7.9653E1 -7.93691E1 -8.22397E1 -8.53943E1 -8.60568E1 -8.05363E1 -7.33438E1 -8.66562E1 -9.21767E1 -9.30284E1 -9.01893E1 -8.73186E1 -8.5142E1 -8.29022E1 -8.94322E1 -9.36278E1 -9.23344E1 -8.43218E1 -8.44795E1 -1.17925E2 -1.09906E2 -1.29717E2 -1.30189E2 -9.47319E1 -9.32177E1 -8.87697E1 -8.56151E1 -9.4448E1 -9.08202E1
-9999 -9999 -9999 -9999 -9999 -9999 -9999 -9999 -9999 -9999 -9999 -9999 -9999 -9999 -9999 -7.35647E1 -5.90536E1 -5.35962E1 -3.60252E1 -3.72871E1 -3.47634E1 -3.66877E1 -3.34385E1 -3.69401E1 -2.76341E1 -1.08833E1 2.55464E0 3.37292E0 4.25107E0 5.06935E0 4.53049E0 9.3803E-1 -9.84227E0 -2.39117E1 -4.32177E1 -4.52681E1 -5.75079E1 -8.39117E1 -8.02839E1 -8.5836E1 -8.68454E1 -7.87697E1 -8.4858E1 -8.88959E1 -7.95899E1 -7.82334E1 -8.88959E1 -8.64984E1 -8.66246E1 -8.95268E1 -8.54574E1 -8.76341E1 -8.14827E1 -8.65615E1 -9.7918E1 -8.91483E1 -8.85804E1 -8.60568E1 -1.17925E2 -1.29245E2 -1.26415E2 -9.99369E1 -9.84543E1 -9.69085E1 -9.21136E1 -9.18927E1 -1.34434E2 -1.32075E2
-9999 -9999 -9999 -9999 -9999 -9999 -9999 -9999 -9999 -9999 -9999 -9999 -9999 -9999 -9999 -6.70662E1 -5.80757E1 -5.7571E1 -5.42271E1 -4.75079E1 -4.15142E1 -3.98423E1 -2.99054E1 -3.28076E1 -3.20189E1 -8.26498E0 6.98533E-1 1.61661E0 4.25107E0 3.53258E0 5.26894E0 2.85401E0 -1.94322E1 -4.14196E1 -5.03155E1 -5.55521E1 -6.01893E1 -8.35647E1 -8.87382E1 -7.59621E1 -8.6877E1 -8.81388E1 -8.87382E1 -8.70032E1 -8.01893E1 -8.77603E1 -9.22082E1 -8.36908E1 -7.94322E1 -8.21136E1 -8.05678E1 -8.38486E1 -9.01262E1 -9.52366E1 -9.19558E1 -8.70347E1 -9.08517E1 -9.20189E1 -9.42271E1 -1.01735E2 -9.54259E1 -1.01924E2 -1.02019E2 -1.01167E2 -1.31132E2 -1.23585E2 -1.34434E2 -1.34906E2
-9999 -9999 -9999 -9999 -9999 -9999 -9999 -9999 -9999 -9999 -9999 -9999 -9999 -9999 -9999 -7.33754E1 -7.70978E1 -7.98423E1 -6.88959E1 -5.66246E1 -5.30599E1 -4.55836E1 -3.69085E1 -3.6183E1 -3.4795E1 -8.42271E0 2.59455E-1 4.53049E0 4.25107E0 5.06935E0 5.06935E0 3.59246E-1 -2.36909E1 -4.28391E1 -6.33438E1 -5.85173E1 -6.3817E1 -8.78233E1 -8.84227E1 -8.41956E1 -7.92114E1 -8.51735E1 -8.32177E1 -7.69085E1 -8.21451E1 -8.94637E1 -8.12303E1 -8.17666E1 -8.82334E1 -8.25552E1 -8.41956E1 -9.0347E1 -9.30599E1 -9.54259E1 -9.16088E1 -9.27445E1 -9.71924E1 -9.09779E1 -9.1388E1 -8.67508E1 -9.12618E1 -9.21136E1 -9.45741E1 -9.82965E1 -9.20189E1 -1.23585E2 -1.38208E2 -1.38679E2
-9999 -9999 -9999 -9999 -9999 -9999 -9999 -9999 -9999 -9999 -9999 -9999 -9999 -9999 -9999 -8.15457E1 -7.40694E1 -7.41009E1 -6.71609E1 -4.93691E1 -4.56782E1 -3.74763E1 -3.8959E1 -3.70347E1 -2.59621E1 -4.63722E0 5.1891E-1 2.51472E0 4.25107E0 4.25107E0 3.45275E0 -1.04101E0 -3.19243E1 -4.58991E1 -6.53628E1 -5.54259E1 -5.68454E1 -8.13249E1 -8.54574E1 -8.11672E1 -8.45426E1 -8.33754E1 -8.66562E1 -7.84543E1 -7.94953E1 -8.09779E1 -7.92114E1 -8.3123E1 -9.44795E1 -8.10726E1 -8.92429E1 -9.22397E1 -8.79495E1 -9.46057E1 -9.6183E1 -9.40694E1 -1.01009E2 -9.7918E1 -9.52681E1 -9.66562E1 -9.33438E1 -9.60252E1 -9.71609E1 -9.94637E1 -9.19558E1 -1.24057E2 -1.38208E2 -1.34434E2
-9999 -9999 -9999 -9999 -9999 -9999 -9999 -9999 -9999 -9999 -9999 -9999 -9999 -9999 -9999 -8.09148E1 -7.59621E1 -7.8612E1 -8.4434E1 -6.82019E1 -5.41325E1 -4.51735E1 -3.84858E1 -3.84227E1 -1.91798E1 3.59246E-1 7.78365E-1 4.37082E0 4.4307E0 4.59036E0 5.20906E0 8.58198E-1 -2.76025E1 -5.44795E1 -7.36278E1 -7.04416E1 -7.00631E1 -8.30599E1 -7.76341E1 -7.83912E1 -8.37539E1 -7.94006E1 -8.27129E1 -8.42902E1 -8.62461E1 -8.5489E1 -7.57098E1 -8.14827E1 -8.90852E1 -9.30599E1 -8.55205E1 -9.72871E1 -9.00631E1 -8.72555E1 -9.26183E1 -8.84858E1 -9.28707E1 -9.68139E1 -9.51104E1 -9.50158E1 -9.9306E1 -1.02871E2 -1.04164E2 -9.85173E1 -9.82965E1 -1.24057E2 -1.32547E2 -1.38208E2
-9999 -9999 -9999 -9999 -9999 -9999 -9999 -9999 -9999 -9999 -9999 -9999 -9999 -9999 -9999 -7.70032E1 -1.03774E2 -1.01415E2 -1.08019E2 -8.34906E1 -6.04416E1 -5.05047E1 -5.13565E1 -4.24921E1 -2.57729E1 -5.5205E0 1.99581E-2 4.98952E-1 1.37711E0 3.73216E0 8.78156E-1 1.99581E-2 -3.12303E1 -7.64151E1 -7.50789E1 -8.5552E1 -8.45741E1 -8.40379E1 -8.34069E1 -7.89274E1 -8.77603E1 -8.16719E1 -8.6877E1 -8.64038E1 -8.72555E1 -7.7571E1 -8.81073E1 -9.09148E1 -8.86435E1 -9.05678E1 -8.9306E1 -8.52366E1 -9.10726E1 -9.12303E1 -9.56151E1 -9.08833E1 -9.21767E1 -9.82965E1 -9.46372E1 -1.01388E2 -9.76972E1 -1.08707E2 -1.00315E2 -9.40694E1 -8.58044E1 -9.66246E1 -1.32547E2 -1.34434E2
-9999 -9999 -9999 -9999 -9999 -9999 -9999 -9999 -9999 -9999 -9999 -9999 -9999 -9999 -9999 -6.95268E1 -6.80126E1 -8.86792E1 -6.04416E1 -5.95584E1 -5.88328E1 -5.51104E1 -5.49211E1 -5.4511E1 -4.18612E1 -4.15457E1 -2.40379E1 -1.94322E1 -5.64669E0 1.99581E-2 -3.88013E0 -1.45741E1 -2.92114E1 -6.79245E1 -7.61514E1 -7.8959E1 -8.40379E1 -8.83912E1 -8.4511E1 -8.58991E1 -8.77603E1 -8.58675E1 -9.00315E1 -8.62461E1 -8.70347E1 -8.25552E1 -9.14827E1 -1.07547E2 -1.09906E2 -9.83596E1 -9.41956E1 -7.7571E1 -8.97161E1 -9.01893E1 -9.0347E1 -8.04101E1 -9.42902E1 -9.25868E1 -9.37539E1 -1.00662E2 -1.03975E2 -9.82334E1 -9.4511E1 -9.46057E1 -8.98107E1 -9.5836E1 -1.27358E2 -1.33019E2
-9999 -9999 -9999 -9999 -9999 -9999 -9999 -9999 -9999 -9999 -9999 -9999 -9999 -9999 -9999 -7.10726E1 -8.82076E1 -6.64353E1 -6.37855E1 -5.28391E1 -4.60252E1 -4.58991E1 -4.71609E1 -4.66562E1 -4.05047E1 -3.34069E1 -4.04101E1 -2.63722E1 -1.44795E1 -7.00315E0 -1.53943E1 -3.44164E1 -4.66877E1 -6.61199E1 -6.88644E1 -7.56151E1 -8.2429E1 -8.11356E1 -8.14511E1 -8.13565E1 -9.31546E1 -7.88328E1 -7.7918E1 -8.61199E1 -7.92744E1 -8.38801E1 -9.18612E1 -1.21226E2 -1.29245E2 -1.12264E2 -8.88644E1 -8.37224E1 -8.13249E1 -8.77918E1 -9.55205E1 -9.25868E1 -9.08202E1 -9.71293E1 -9.54574E1 -8.85489E1 -9.59621E1 -1.01798E2 -9.71924E1 -9.87382E1 -9.44795E1 -9.18297E1 -1.26887E2 -9.77918E1
-9999 -9999 -9999 -9999 -9999 -9999 -9999 -9999 -9999 -9999 -9999 -9999 -9999 -9999 -9999 -6.56782E1 -7.06625E1 -6.29968E1 -6.70978E1 -5.74763E1 -5.42902E1 -4.22397E1 -4.85489E1 -4.15773E1 -3.50473E1 -2.4795E1 -2.96215E1 -2.00631E1 -1.39117E1 -1.35331E1 -1.87697E1 -2.77287E1 -5.9306E1 -7.01577E1 -8.18297E1 -8.43218E1 -8.52366E1 -8.31861E1 -7.73186E1 -8.17666E1 -9.25868E1 -9.07571E1 -8.39748E1 -8.14827E1 -8.42902E1 -8.52681E1 -8.6877E1 -1E2 -1.20755E2 -1.11792E2 -9.45426E1 -8.43218E1 -8.58991E1 -8.76341E1 -8.87066E1 -9.55205E1 -9.62776E1 -8.70032E1 -9.67823E1 -9.36908E1 -1.21226E2 -9.92114E1 -9.94953E1 -9.60568E1 -9.3123E1 -8.98423E1 -1.00126E2 -1.05047E2
-9999 -9999 -9999 -9999 -9999 -9999 -9999 -9999 -9999 -9999 -9999 -9999 -9999 -9999 -9999 -6.85804E1 -6.18612E1 -7.0347E1 -6.21136E1 -5.81703E1 -6.19874E1 -5.65615E1 -5.63091E1 -4.05363E1 -3.11672E1 -1.95899E1 -1.88013E1 -1.1041E1 -5.5205E0 -1.70662E1 -1.76341E1 -2.98107E1 -6.47634E1 -7.21767E1 -8.43849E1 -7.45426E1 -7.66877E1 -7.61514E1 -8.70662E1 -8.23344E1 -8.59306E1 -9.21451E1 -8.33754E1 -7.87382E1 -8.8612E1 -8.46688E1 -1.08491E2 -1.09906E2 -8.60883E1 -1.11321E2 -9.03785E1 -9.5205E1 -9.11356E1 -1.0205E2 -8.52681E1 -8.58044E1 -8.74448E1 -8.36908E1 -8.71293E1 -9.46372E1 -1.21226E2 -8.92744E1 -8.92114E1 -8.91483E1 -9.33123E1 -8.53943E1 -9.11987E1 -9.63092E1
-9999 -9999 -9999 -9999 -9999 -9999 -9999 -9999 -9999 -9999 -9999 -9999 -9999 -9999 -9999 -6.5489E1 -5.13565E1 -6.78864E1 -6.69811E1 -6.86751E1 -6.57413E1 -5.61199E1 -5.38801E1 -4.72871E1 -4.2082E1 -2.84858E1 -2.44795E1 -1.44164E1 -1.0347E1 -6.78233E0 -9.87382E0 -3.04101E1 -5.29653E1 -7.73502E1 -8.55205E1 -8.20189E1 -9.03785E1 -8.75079E1 -8.73817E1 -8.20505E1 -8.77287E1 -8.9306E1 -9.37539E1 -8.92429E1 -8.52366E1 -8.48265E1 -1.08491E2 -1.2217E2 -1.10377E2 -1.10849E2 -9.53628E1 -9.12618E1 -9.32177E1 -9.14511E1 -8.94953E1 -8.71609E1 -8.29338E1 -8.70347E1 -8.4448E1 -9.83281E1 -9.25237E1 -8.9653E1 -8.97161E1 -9.0694E1 -8.71609E1 -8.61199E1 -9.05678E1 -9.81388E1
-9999 -9999 -9999 -9999 -9999 -9999 -9999 -9999 -9999 -9999 -9999 -9999 -9999 -9999 -9999 -6.4448E1 -5.94953E1 -5.73817E1 -5.91167E1 -7.02208E1 -6.69811E1 -6.17035E1 -6.07256E1 -5.29968E1 -4.58044E1 -3.59937E1 -2.69716E1 -3.36278E1 -2.6183E1 -2.27445E1 -2.31546E1 -4.11041E1 -8.53774E1 -8.36278E1 -8.94006E1 -8.66562E1 -8.40379E1 -8.43218E1 -8.14511E1 -8.64984E1 -8.43218E1 -8.41009E1 -8.52366E1 -8.63407E1 -8.92429E1 -8.49527E1 -9.25868E1 -1.2783E2 -8.32808E1 -8.70032E1 -8.03155E1 -9.68139E1 -9.64669E1 -9.66246E1 -9.26814E1 -8.62145E1 -8.47319E1 -8.98738E1 -8.56782E1 -1.04921E2 -1.2217E2 -7.64984E1 -7.5205E1 -8.89274E1 -9.21451E1 -1.33019E2 -1.33491E2 -8.68454E1
-9999 -9999 -9999 -9999 -9999 -9999 -9999 -9999 -9999 -9999 -9999 -9999 -9999 -9999 -9999 -9999 -8.63208E1 -7.68454E1 -7.53312E1 -7.32177E1 -9.76415E1 -6.5489E1 -5.99054E1 -5.23028E1 -4.56782E1 -3.67508E1 -5.13565E1 -5.44795E1 -3.77358E1 -7.64151E1 -7.92453E1 -4.52366E1 -6.74448E1 -8.01893E1 -8.33754E1 -8.91167E1 -8.3817E1 -8.18927E1 -8.77918E1 -9.17666E1 -8.33123E1 -8.13249E1 -7.91167E1 -8.4858E1 -9.12303E1 -1.19811E2 -1.08962E2 -1.08491E2 -9.20189E1 -9.29022E1 -7.93375E1 -1.11792E2 -9.48896E1 -9.81132E1 -8.80442E1 -8.67823E1 -9.2776E1 -9.15773E1 -9.94006E1 -9.73502E1 -1.02492E2 -8.85173E1 -8.64038E1 -8.11987E1 -9.05363E1 -1.25472E2 -9.38801E1 -9.07571E1
-9999 -9999 -9999 -9999 -9999 -9999 -9999 -9999 -9999 -9999 -9999 -9999 -9999 -9999 -9999 -9999 -7.70347E1 -7.4795E1 -7.70347E1 -7.96845E1 -7.7571E1 -1.05189E2 -9.48113E1 -8.34906E1 -8.20755E1 -7.35849E1 -4.22397E1 -4.65615E1 -8.01887E1 -9.62264E1 -9.76415E1 -9.81132E1 -1.04245E2 -7.99685E1 -8.88959E1 -9.04732E1 -8.78233E1 -8.56151E1 -9.00315E1 -9.19874E1 -8.00946E1 -7.47634E1 -7.97476E1 -8.56467E1 -9.29968E1 -9.62776E1 -9.95268E1 -1.10849E2 -9.09779E1 -8.43849E1 -8.18927E1 -8.35647E1 -1.11792E2 -9.29338E1 -8.94006E1 -9.4511E1 -9.24606E1 -9.87697E1 -1.01483E2 -1.02019E2 -8.40694E1 -8.01893E1 -7.4795E1 -7.70662E1 -8.71609E1 -1.25E2 -1.25943E2 -8.5836E1
-9999 -9999 -9999 -9999 -9999 -9999 -9999 -9999 -9999 -9999 -9999 -9999 -9999 -9999 -9999 -9999 -9999 -6.98738E1 -6.85173E1 -7.17666E1 -7.13249E1 -8.52366E1 -7.91167E1 -1.05189E2 -1.09434E2 -1.09906E2 -5.55836E1 -6.62145E1 -8.49057E1 -1.03774E2 -1.04245E2 -1.04245E2 -1.09434E2 -1.10849E2 -9.35962E1 -9.20505E1 -8.96215E1 -8.42271E1 -8.81388E1 -9.09148E1 -8.02524E1 -8.36278E1 -9.43849E1 -8.9306E1 -9.28076E1 -9.34385E1 -9.20505E1 -8.86751E1 -9.33754E1 -9.43533E1 -9.16404E1 -9.43849E1 -1.12736E2 -8.37855E1 -8.90536E1 -1.00189E2 -1.00789E2 -1.01672E2 -9.33438E1 -8.62461E1 -8.36278E1 -8.19243E1 -8.31861E1 -8.17035E1 -9.30915E1 -1.32547E2 -8.94953E1 -9.0694E1
-9999 -9999 -9999 -9999 -9999 -9999 -9999 -9999 -9999 -9999 -9999 -9999 -9999 -9999 -9999 -9999 -9999 -5.77603E1 -6.9306E1 -7.19558E1 -7.38801E1 -7.56782E1 -7.39748E1 -1.01415E2 -8.67924E1 -8.77358E1 -8.91509E1 -7.20189E1 -8.82076E1 -1.04245E2 -1.04245E2 -1.04245E2 -8.77603E1 -9.25868E1 -1E2 -9.01262E1 -8.56782E1 -8.91167E1 -8.88959E1 -8.74763E1 -8.58991E1 -8.97792E1 -8.84858E1 -9.47319E1 -9.2776E1 -9.60252E1 -9.6877E1 -8.75079E1 -9.69085E1 -9.44164E1 -9.15773E1 -9.22397E1 -9.1388E1 -9.76415E1 -1.16509E2 -9.06309E1 -1.18396E2 -9.91167E1 -9.40379E1 -9.20189E1 -8.84543E1 -8.43849E1 -9.01893E1 -9.23028E1 -1.33019E2 -1.33019E2 -9.35647E1 -9.69085E1
-9999 -9999 -9999 -9999 -9999 -9999 -9999 -9999 -9999 -9999 -9999 -9999 -9999 -9999 -9999 -9999 -9999 -5.57413E1 -7.23028E1 -7.18927E1 -7.03155E1 -6.91483E1 -7.2082E1 -1.07547E2 -1.07075E2 -8.82076E1 -9.0566E1 -8.82076E1 -8.96226E1 -1.10377E2 -1.09906E2 -1.08962E2 -9.11672E1 -9.19558E1 -1.12264E2 -8.92744E1 -8.65615E1 -8.83596E1 -8.76025E1 -8.92114E1 -9.07571E1 -9.03785E1 -8.52997E1 -9.90536E1 -9.51735E1 -9.1388E1 -8.90852E1 -8.66562E1 -9.44164E1 -9.77287E1 -9.25552E1 -8.83912E1 -9.15457E1 -1.14623E2 -9.78233E1 -8.18297E1 -9.35647E1 -9.55205E1 -8.82965E1 -8.46688E1 -8.4511E1 -8.72871E1 -9.05678E1 -8.53943E1 -9.36278E1 -1.25E2 -9.56467E1 -9.58991E1
