ENM/Final_Models/M_2_F_q_Set_1_E/Gustavia_santanderiensis_Choco_min.asc
ncols         367
nrows         963
xllcorner     -78.6
yllcorner     0.65
cellsize      0.00833333333333323
NODATA_value  -9999
[rows 360 to 389 of 963, columns 134 to 200 of 367]
-9999 -9999 -9999 -9999 -9999 -9999 -9999 -9999 -9999 -9999 -9999 -9999 -9999 -9999 -9999 -9999 -9999 -9999 -9999 -9999 -9999 -9999 -9999 -9999 -9999 -9999 -9999 -9999 -9999 -9999 -9999 1.36765E-3 8.99435E-4 5.80172E-5 1.76188E-7 2.72527E-5 4.60308E-4 4.55757E-3 1.56248E-2 3.31014E-2 1.65055E-2 3.56296E-2 4.51248E-2 1.35213E-2 8.3727E-3 1.70711E-3 4.28364E-3 1.06788E-2 1.09994E-2 8.78702E-4 6.6686E-4 1.16188E-3 1.0289E-3 6.41046E-3 7.51536E-3 1.23929E-3 1.87313E-3 2.95398E-3 1.11503E-4 1.4749E-4 1.02751E-8 1.70323E-9 6.76697E-9 9.07483E-9 7.79671E-9 5.76363E-8 1.75507E-9
-9999 -9999 -9999 -9999 -9999 -9999 -9999 -9999 -9999 -9999 -9999 -9999 -9999 -9999 -9999 -9999 -9999 -9999 -9999 -9999 -9999 -9999 -9999 -9999 -9999 -9999 -9999 -9999 -9999 -9999 3.26717E-1 1.15782E-3 2.73539E-5 3.21776E-5 1.54532E-7 3.01673E-5 3.63789E-4 2.26885E-3 7.06103E-3 1.82436E-2 1.41315E-2 3.84207E-2 1.10359E-2 1.55948E-2 1.3791E-2 1.03497E-2 2.22184E-4 3.8422E-3 2.2471E-2 4.98498E-2 1.10051E-3 3.9009E-2 1.33264E-2 4.51577E-2 5.08651E-4 5.17381E-5 7.31414E-5 1.87216E-3 2.69007E-3 1.39935E-4 2.34169E-6 2.73439E-8 2.16556E-8 1.4366E-8 4.67498E-10 3.40641E-9 2.63987E-8
-9999 -9999 -9999 -9999 -9999 -9999 -9999 -9999 -9999 -9999 -9999 -9999 -9999 -9999 -9999 -9999 -9999 -9999 -9999 -9999 -9999 -9999 -9999 -9999 -9999 -9999 -9999 -9999 -9999 4.68319E-1 1.30361E-1 1.64779E-2 1.13091E-3 3.88093E-5 4.93584E-6 5.62485E-5 3.6913E-4 4.08378E-3 5.58285E-3 4.71746E-3 4.10395E-2 2.85108E-2 3.73613E-2 2.58128E-2 3.29026E-2 4.79962E-3 3.48394E-4 1.92806E-3 4.5539E-3 3.74495E-3 5.65318E-5 1.87453E-2 8.83633E-3 1.60482E-2 8.17763E-3 4.53131E-5 7.24767E-5 1.46343E-3 2.35335E-3 1.42615E-4 1.47727E-6 1.71108E-4 1.10861E-4 1.64679E-8 1.30259E-9 7.54432E-10 1.6771E-5
-9999 -9999 -9999 -9999 -9999 -9999 -9999 -9999 -9999 -9999 -9999 -9999 -9999 -9999 -9999 -9999 -9999 -9999 -9999 -9999 -9999 -9999 -9999 -9999 -9999 -9999 -9999 5.40874E-2 3.51816E-2 2.83542E-1 1.4753E-1 3.07348E-2 5.47017E-4 3.90633E-4 2.61074E-3 1.74085E-2 7.77807E-2 6.02509E-3 7.51996E-3 5.67745E-3 7.93095E-3 3.04454E-2 3.13634E-2 5.46073E-5 4.75558E-5 3.6381E-5 2.13209E-5 2.67337E-5 3.42841E-5 1.5585E-3 4.89634E-5 1.19302E-3 2.079E-2 1.22321E-3 2.39718E-5 5.9109E-5 1.3639E-3 1.16858E-3 5.71298E-5 8.5763E-5 1.15966E-6 1.18152E-4 2.83058E-9 1.18391E-8 5.82571E-8 1.00004E-9 1.75072E-5
-9999 -9999 -9999 -9999 -9999 -9999 -9999 -9999 -9999 -9999 -9999 -9999 -9999 -9999 -9999 -9999 -9999 -9999 -9999 4.80557E-2 4.92033E-2 1.37833E-1 1.50596E-1 6.72729E-2 1.03412E-1 5.30325E-2 4.43567E-2 1.15285E-3 2.03855E-3 1.82695E-2 2.92495E-2 1.49773E-2 3.21175E-5 3.57382E-3 3.68718E-3 2.04567E-2 5.66869E-3 1.36364E-2 2.16156E-2 1.77785E-2 8.17545E-3 4.58703E-2 9.54053E-3 4.27392E-5 6.01867E-5 1.3824E-8 1.49463E-9 1.18265E-9 1.68225E-4 1.81301E-3 5.45045E-4 6.86607E-9 6.8218E-5 1.35603E-3 7.5668E-5 7.46817E-5 1.51982E-3 1.3473E-4 8.29191E-5 5.70184E-5 6.14801E-9 9.32615E-7 1.31737E-9 1.48921E-9 1.12165E-9 3.06232E-8 5.55359E-5
-9999 -9999 -9999 -9999 -9999 -9999 -9999 -9999 -9999 -9999 -9999 -9999 -9999 -9999 -9999 -9999 -9999 -9999 6.79654E-2 3.32479E-2 5.84779E-2 6.0132E-2 1.60496E-1 1.7453E-1 2.86824E-1 5.27847E-2 7.04903E-2 9.28148E-3 1.42645E-2 4.02794E-3 6.15433E-3 2.66453E-4 4.73816E-4 7.65074E-4 7.41746E-3 4.0417E-3 6.49386E-3 1.22701E-2 5.48954E-3 9.80049E-3 6.9107E-3 7.85404E-3 1.10498E-2 1.13138E-3 6.22891E-9 5.5689E-9 1.49553E-9 1.56827E-9 2.73651E-9 2.36655E-5 4.83855E-3 1.40315E-2 1.16544E-3 7.11325E-5 7.37128E-5 2.22387E-2 1.86636E-2 8.11945E-5 7.27845E-5 8.32419E-5 9.62938E-5 8.80181E-5 7.09878E-8 8.91268E-8 6.93791E-8 4.5048E-8 5.50871E-5
-9999 -9999 -9999 -9999 -9999 -9999 -9999 -9999 -9999 -9999 -9999 -9999 -9999 -9999 -9999 -9999 -9999 -9999 1.17301E-1 1.42408E-1 9.95752E-2 3.72849E-2 8.54058E-2 3.05621E-1 4.26985E-1 2.88798E-1 2.28687E-1 2.72182E-2 2.32433E-2 1.61202E-2 2.1944E-2 1.28076E-2 2.84647E-2 2.07959E-2 1.22699E-2 1.20939E-2 2.56329E-2 2.75005E-2 1.64042E-2 1.35558E-2 9.88997E-3 8.6738E-3 8.17736E-4 7.81346E-4 1.03401E-3 1.00323E-3 1.49032E-8 1.5189E-8 1.24588E-9 7.59057E-5 8.58196E-4 1.12721E-3 1.02082E-3 8.35677E-4 9.56624E-4 9.12218E-4 2.10652E-2 7.96729E-5 7.05529E-5 1.32063E-3 5.51816E-4 8.51803E-4 6.49535E-8 8.09753E-10 4.9094E-8 2.87571E-8 8.11678E-9
-9999 -9999 -9999 -9999 -9999 -9999 -9999 5.43482E-2 7.66082E-2 4.86279E-2 -9999 -9999 -9999 -9999 -9999 -9999 -9999 1.72041E-1 9.65796E-2 8.33428E-2 5.25538E-2 1.04284E-1 6.39244E-2 5.37859E-2 3.31363E-2 1.46111E-2 2.35151E-2 7.03512E-3 9.36541E-3 1.58422E-2 1.42357E-2 1.85733E-2 3.5203E-2 1.89615E-2 1.31614E-2 2.0158E-2 2.43464E-2 1.49992E-2 7.89397E-3 5.76623E-3 3.66179E-4 2.0738E-5 6.04146E-4 9.23867E-4 8.6894E-4 6.93082E-4 2.07468E-5 2.60891E-8 1.10085E-9 4.27976E-9 5.8921E-5 6.69312E-5 7.64509E-5 4.10863E-5 8.18544E-4 2.10262E-2 1.10993E-3 8.52126E-4 6.67767E-5 2.3459E-2 1.56784E-3 1.7386E-3 7.06429E-5 4.06041E-10 5.73772E-10 6.37045E-9 4.66204E-9
-9999 -9999 -9999 -9999 -9999 1.03924E-1 4.29497E-2 5.66762E-2 4.46389E-2 7.71968E-2 5.49972E-2 -9999 -9999 -9999 -9999 -9999 -9999 1.06424E-1 3.74899E-2 3.60637E-2 5.29016E-2 8.63221E-2 2.76871E-2 9.43969E-2 1.52254E-2 1.36867E-3 1.66988E-3 1.04028E-2 6.84262E-3 1.7968E-3 1.85634E-2 3.47573E-2 1.6906E-2 9.7285E-3 1.82614E-2 4.66187E-2 4.76342E-2 8.34281E-3 2.20551E-4 3.81256E-4 4.28377E-3 2.47333E-5 5.68307E-4 2.57831E-5 3.90369E-5 1.81419E-8 1.58901E-5 2.58689E-8 8.65754E-10 1.22038E-7 1.03533E-4 1.60096E-3 1.76897E-3 9.72584E-5 5.97949E-4 1.28781E-2 1.00662E-3 1.25498E-2 5.30357E-4 6.14268E-4 1.11911E-3 6.57901E-4 5.7403E-5 3.95558E-10 5.71153E-9 5.97702E-9 5.5692E-9
-9999 -9999 -9999 -9999 4.59682E-2 7.40682E-2 1.28375E-1 9.06741E-2 2.70904E-2 1.24721E-1 1.20813E-1 8.33127E-2 -9999 -9999 -9999 8.13129E-2 6.9909E-2 9.93683E-2 1.01777E-1 1.29301E-2 3.25427E-2 9.05835E-2 1.08087E-1 1.62555E-2 1.11349E-2 9.86578E-4 1.12597E-2 6.51029E-3 3.74799E-3 3.08747E-2 4.55896E-2 3.09338E-2 1.54222E-2 5.63837E-3 2.41384E-2 1.20299E-2 1.13532E-2 2.69645E-2 9.5105E-3 1.021E-2 2.54324E-5 7.99495E-4 8.25418E-4 9.03748E-4 7.59499E-4 9.98976E-9 2.85166E-8 1.03708E-8 4.09259E-9 2.39456E-9 6.09594E-5 1.13097E-3 1.24857E-3 1.2261E-3 1.58511E-2 1.46205E-2 1.35437E-2 1.36511E-2 1.58735E-2 1.71422E-2 1.38086E-4 7.45268E-4 2.74548E-9 4.1286E-10 3.01917E-10 1.09213E-8 2.09736E-10
-9999 7.24232E-2 1.01693E-1 7.91314E-2 3.40253E-2 9.65025E-2 1.47581E-1 8.92016E-2 3.63452E-2 2.61962E-2 4.39414E-2 1.36387E-1 1.07635E-1 2.79941E-1 2.73939E-1 1.45833E-1 2.17235E-1 1.38927E-1 1.97227E-2 1.07092E-2 3.14597E-2 5.69032E-2 1.70862E-1 1.17244E-1 1.60337E-2 3.81226E-3 2.00945E-3 3.33412E-3 4.60684E-3 4.61569E-2 5.61809E-2 1.22967E-2 9.70167E-3 3.91338E-3 3.88447E-3 5.62441E-3 4.81287E-3 2.50517E-2 2.21027E-4 1.08047E-4 1.55169E-7 3.01894E-5 5.38186E-5 1.01113E-2 1.90902E-7 1.23273E-9 1.02829E-8 1.00913E-8 3.75589E-9 6.54628E-5 1.04702E-3 1.19351E-2 4.79128E-2 1.35714E-2 9.87155E-2 1.94374E-2 1.78744E-2 9.45166E-4 5.14154E-5 7.67971E-5 8.39518E-5 9.61133E-5 6.52421E-7 3.6949E-10 2.26019E-8 6.34857E-9 4.24379E-9
6.47051E-2 1.07102E-1 9.50388E-2 2.27377E-1 1.27933E-1 5.17953E-2 3.82177E-2 5.40516E-2 9.004E-3 5.74065E-2 4.38072E-2 4.29576E-2 4.79389E-2 1.60505E-1 6.07512E-2 9.56686E-2 1.77963E-1 7.63314E-2 2.4304E-3 2.50979E-3 5.1037E-2 6.49864E-2 2.49628E-2 1.18061E-1 1.52561E-2 6.0041E-3 3.66398E-3 9.01922E-4 7.06234E-3 5.97959E-3 3.15143E-2 9.4947E-3 1.07431E-2 6.99904E-3 6.93606E-3 6.87696E-3 1.05794E-2 5.10025E-3 1.8176E-9 3.13048E-5 5.63843E-4 6.6646E-4 8.6337E-4 7.87599E-3 4.93011E-5 2.17148E-9 1.83591E-9 3.32266E-9 1.00589E-3 7.92554E-8 5.95604E-8 7.4763E-3 4.87498E-2 8.53348E-2 4.90203E-2 3.17976E-2 5.32104E-2 6.70661E-4 8.2165E-4 8.88337E-4 7.96148E-4 2.69529E-5 1.10951E-8 4.93412E-9 2.27234E-8 3.50848E-8 2.87859E-8
9.95085E-2 3.57749E-1 2.91633E-1 1.53671E-1 1.38326E-2 6.3952E-3 5.01551E-3 2.75115E-3 1.06392E-2 1.85346E-2 5.35385E-2 4.84896E-2 7.77002E-2 1.78646E-1 2.82255E-1 2.18861E-1 1.63567E-1 1.08022E-1 7.21272E-3 6.34729E-3 5.32787E-3 2.59405E-2 1.21241E-2 1.33455E-1 6.09066E-2 9.16035E-3 1.55442E-3 1.61828E-3 1.38786E-2 3.10844E-2 9.81318E-3 1.82873E-2 8.20321E-3 2.50259E-3 5.51789E-3 1.26286E-3 1.85798E-3 7.64198E-3 4.55968E-7 7.01327E-9 2.78148E-5 6.11063E-4 7.1481E-4 2.77099E-5 1.14771E-7 1.0219E-7 4.50549E-9 4.75432E-5 9.79147E-3 5.35763E-4 2.56162E-5 8.42483E-3 5.38086E-4 8.15117E-4 6.38901E-3 2.87475E-2 9.36448E-3 1.06563E-3 7.09307E-4 7.72205E-4 8.38158E-4 2.60688E-4 3.61193E-8 3.53125E-10 5.24119E-4 4.99389E-4 4.47582E-8
1.43083E-1 1.71573E-1 1.52968E-1 5.34316E-2 1.1413E-2 9.64513E-3 6.64225E-3 4.86897E-2 1.30076E-2 2.20199E-2 3.96506E-2 5.90445E-2 8.20467E-2 6.5576E-2 2.18413E-1 2.42305E-1 1.503E-1 1.86667E-2 2.66807E-3 1.59656E-3 7.29208E-3 2.06098E-2 1.10986E-2 2.99152E-1 5.07489E-2 9.44271E-3 3.61173E-3 4.75388E-3 2.85704E-3 3.47496E-2 2.21231E-2 2.47227E-2 2.86191E-3 1.94595E-3 1.29374E-3 1.38632E-3 1.28876E-3 1.87291E-4 2.458E-7 1.11809E-7 1.28453E-7 8.01908E-4 6.47235E-4 3.99927E-4 2.51943E-5 7.26001E-9 3.85554E-9 5.31843E-4 6.74143E-4 5.37371E-3 2.62134E-5 4.26059E-5 4.24651E-4 4.19853E-4 7.65448E-3 3.12411E-2 3.6063E-2 1.4928E-2 1.0702E-2 1.25563E-2 1.52688E-2 4.93687E-5 3.28617E-8 3.92222E-10 1.73615E-10 2.5396E-8 2.54481E-8
1.31337E-1 1.46584E-1 1.40405E-1 6.54151E-3 2.61731E-2 8.18742E-3 2.2936E-2 6.59751E-3 6.82937E-3 1.17159E-2 2.58014E-2 1.27573E-1 8.63631E-2 1.15371E-1 1.00584E-1 2.37442E-1 1.9148E-1 3.76115E-3 1.56194E-3 2.19268E-3 2.18817E-3 7.75202E-3 4.70043E-3 8.25774E-2 1.09183E-2 4.98375E-3 5.71464E-3 9.2798E-3 1.4797E-5 5.84719E-2 3.44428E-2 1.90542E-2 7.26876E-3 1.29294E-3 2.07598E-3 1.12442E-3 2.89022E-3 2.86126E-5 9.35532E-9 2.39234E-5 2.06968E-5 4.60054E-4 6.58747E-3 3.15714E-4 2.08004E-5 7.04236E-8 1.5077E-8 1.64484E-5 5.06665E-4 3.81418E-4 2.66916E-5 8.3706E-4 4.38089E-4 4.79475E-4 5.44508E-4 9.81264E-3 1.25594E-2 1.64665E-2 1.18915E-2 9.81114E-3 6.96218E-2 3.81851E-4 1.37565E-9 3.34091E-10 2.34973E-10 4.18542E-9 1.78773E-8
9.08129E-2 9.42818E-2 3.48724E-2 1.76416E-3 9.14652E-4 6.61444E-3 5.9028E-3 3.71596E-3 3.69069E-3 1.16292E-2 1.1447E-2 4.6635E-2 6.67188E-2 1.11289E-1 2.28595E-1 2.20104E-1 1.69719E-1 6.3687E-3 1.13117E-2 1.93727E-3 9.47412E-3 2.11573E-2 5.15087E-3 2.70285E-2 7.64923E-3 1.66637E-3 2.19209E-4 2.4235E-4 1.38465E-6 2.39294E-3 1.5892E-3 1.75674E-2 2.55493E-3 2.18084E-3 1.04286E-3 8.88552E-4 1.00312E-3 2.97706E-5 3.36569E-8 2.22303E-5 2.45954E-5 4.00701E-4 3.9314E-3 3.10467E-4 1.39072E-5 7.06648E-5 5.96774E-5 4.64784E-8 2.18904E-5 1.45809E-5 3.13654E-4 3.14272E-5 5.10892E-5 5.87079E-5 2.86884E-7 6.62022E-4 1.23347E-2 2.03654E-2 1.43619E-2 1.08511E-2 1.1552E-2 7.21435E-4 2.14313E-8 2.22715E-8 1.11774E-8 7.33103E-9 3.43597E-9
5.72471E-3 2.89421E-3 9.09341E-4 3.37636E-3 9.08961E-4 6.2408E-3 1.99833E-3 1.08831E-2 1.76441E-2 8.70431E-3 2.45453E-2 7.77942E-2 2.32548E-1 2.30114E-1 2.56174E-1 1.96367E-1 2.42044E-2 1.97237E-2 7.05707E-3 5.81427E-3 9.43997E-4 1.3771E-3 5.35031E-3 5.50783E-3 2.49941E-3 5.65182E-4 4.13436E-4 7.14294E-4 2.40632E-3 5.97705E-3 1.41912E-3 3.37405E-2 1.2615E-2 9.28726E-4 4.45287E-3 2.56438E-3 2.48831E-4 2.04777E-7 7.56196E-10 1.0084E-7 2.11306E-5 3.81953E-4 2.94208E-3 2.8236E-3 1.38069E-5 5.33081E-5 3.24154E-3 1.71888E-5 2.68719E-5 2.32211E-5 2.03284E-5 2.38939E-5 7.35874E-4 6.62852E-4 5.70715E-5 3.64186E-5 8.15949E-4 1.52113E-2 7.22591E-4 4.47918E-4 5.76154E-4 4.46057E-4 2.78143E-8 4.94711E-8 8.75226E-9 3.40694E-5 5.06584E-9
1.97374E-3 1.66224E-3 5.20745E-4 1.88722E-3 1.71768E-2 8.08441E-2 2.15899E-3 2.53783E-3 5.45968E-3 3.75117E-3 3.35599E-4 2.24188E-2 7.02185E-2 1.14458E-1 1.02569E-1 7.62776E-2 7.06314E-2 4.4656E-2 3.5403E-3 5.73846E-3 3.54573E-3 4.2828E-3 3.35609E-3 2.20559E-3 1.83225E-3 1.44828E-5 1.02345E-2 7.22921E-3 1.17873E-2 1.26387E-2 7.30968E-3 9.34664E-3 8.86937E-3 2.52811E-3 6.24829E-3 4.46601E-3 1.68411E-3 1.61059E-7 3.95948E-7 3.98007E-7 2.4973E-4 7.50429E-6 1.54063E-5 3.05068E-4 4.15081E-4 4.17714E-4 3.94676E-4 4.66711E-4 2.11353E-5 6.48832E-4 2.04836E-5 5.72271E-4 5.74268E-4 6.15917E-4 1.16045E-2 4.09987E-2 9.59917E-3 6.26585E-4 1.15866E-2 8.97396E-3 5.73801E-4 5.01854E-4 2.04557E-8 3.54898E-8 5.72806E-5 2.42955E-5 6.23962E-9
1.4322E-2 1.97239E-3 7.44612E-5 3.50125E-5 1.92179E-3 2.73158E-2 1.5868E-3 1.70882E-2 1.06875E-2 8.23644E-3 3.55993E-3 3.82724E-2 5.19737E-2 4.98269E-2 1.98291E-2 5.57173E-3 1.60219E-2 3.46638E-3 1.94459E-2 8.54353E-3 1.70195E-2 2.33545E-3 1.62233E-3 3.0458E-3 1.29957E-3 1.13127E-3 2.36657E-3 7.97579E-3 7.55248E-3 1.41974E-2 5.51824E-3 1.97768E-3 3.70426E-3 6.64762E-4 1.08758E-3 1.33384E-3 5.82905E-4 3.40102E-4 5.27895E-3 1.13073E-7 1.22493E-7 1.97055E-5 3.05072E-4 3.85531E-3 2.06401E-5 3.39023E-5 2.83278E-5 3.69587E-5 2.96327E-5 1.19434E-9 3.9779E-5 2.83449E-5 4.59459E-5 6.5849E-4 7.0773E-4 7.83457E-3 4.66004E-4 8.8014E-3 3.86421E-2 1.31631E-2 1.14245E-2 1.17489E-3 1.46529E-8 2.09667E-10 6.99652E-9 1.54269E-10 1.42667E-10
1.88182E-2 1.69418E-3 6.35701E-4 1.38621E-3 1.3613E-2 4.59627E-3 1.62411E-4 4.13785E-3 3.85104E-3 2.25409E-4 3.76164E-3 2.15626E-2 6.32861E-2 7.41446E-2 3.21289E-2 5.56976E-3 4.78598E-3 3.92535E-5 2.3924E-2 1.93327E-2 1.704E-3 1.77927E-3 2.08117E-3 5.22871E-3 2.67282E-3 8.78012E-4 9.96896E-4 5.21533E-4 7.31302E-4 3.02925E-3 3.48629E-3 2.44506E-3 4.10086E-3 1.99156E-3 3.34167E-3 3.46348E-3 4.83884E-3 8.6925E-3 4.12473E-3 1.678E-2 2.26074E-5 9.68108E-9 1.97149E-5 2.88026E-4 2.32164E-5 2.08288E-9 5.19232E-10 4.80232E-10 5.3705E-10 1.29017E-9 7.05068E-4 2.08431E-5 3.12922E-5 1.11792E-2 8.84422E-3 9.42504E-3 1.11381E-2 3.09253E-2 3.17584E-2 4.03464E-2 4.75238E-2 7.581E-3 2.80419E-5 6.59077E-10 1.6057E-8 7.19385E-9 7.90474E-9
1.79667E-3 1.05732E-3 4.03652E-3 6.67204E-4 1.7184E-4 8.69645E-3 4.68517E-5 2.80521E-3 7.26805E-3 6.45451E-3 4.64898E-3 2.00644E-2 1.35822E-1 4.14481E-2 5.59817E-2 5.13694E-2 2.43202E-2 3.39618E-3 1.67994E-2 9.79284E-3 2.00296E-3 1.47478E-3 4.523E-3 2.87863E-3 3.8916E-3 1.4151E-3 2.49399E-4 7.9276E-4 6.45731E-4 2.05373E-3 3.05119E-3 7.91208E-4 1.77846E-3 4.68863E-3 5.10115E-3 1.49083E-2 5.45508E-3 6.953E-3 8.95767E-3 5.71001E-2 2.79644E-3 2.51431E-5 2.94643E-9 4.29698E-8 3.70898E-8 5.13802E-8 3.86783E-10 3.6444E-10 1.74183E-9 3.29616E-5 3.72829E-5 1.78681E-5 6.01764E-4 4.44848E-2 2.63938E-2 1.16939E-2 1.22485E-2 7.25545E-3 7.39088E-3 1.95256E-1 4.93848E-2 3.20911E-2 2.21725E-5 2.99461E-10 1.73044E-8 3.14602E-8 2.792E-8
1.53233E-1 5.94127E-4 6.26063E-3 5.09896E-3 2.03842E-3 2.0013E-3 3.80217E-4 3.82048E-4 4.74382E-4 5.59524E-4 4.11674E-3 1.45677E-2 3.2943E-2 3.33915E-2 4.18365E-2 4.18706E-2 2.27206E-2 4.21314E-2 1.38344E-3 2.74044E-3 3.01932E-3 6.28419E-3 4.65375E-3 7.32204E-4 1.93782E-3 1.31774E-3 1.95701E-3 1.23084E-3 9.84944E-4 1.56512E-3 3.33705E-3 4.36092E-3 1.56479E-3 3.12022E-3 2.30072E-3 6.66303E-3 1.36166E-2 2.08218E-3 2.72431E-3 2.95057E-3 2.17175E-3 3.42603E-3 1.40909E-9 4.86741E-8 1.87654E-5 2.40889E-9 1.3582E-9 1.12567E-9 1.02747E-9 4.20653E-5 3.48429E-5 7.20932E-4 1.14282E-2 2.80405E-2 3.98234E-2 8.16362E-3 1.2583E-2 3.81099E-2 1.9142E-2 5.05334E-2 3.71369E-2 2.1834E-2 8.32482E-4 2.06466E-10 1.77807E-10 7.49444E-11 8.24748E-11
-9999 -9999 -9999 -9999 -9999 9.59398E-3 1.57245E-2 6.45588E-4 2.99713E-3 4.31191E-3 1.46991E-2 2.61677E-2 3.87415E-2 2.90682E-2 4.31083E-2 6.67415E-4 7.48558E-4 4.46911E-3 3.72074E-3 6.1864E-3 3.22379E-3 7.4784E-3 5.73169E-3 9.4395E-5 1.72315E-3 2.0665E-4 1.81639E-6 1.80023E-3 1.73609E-2 4.08822E-3 5.87488E-3 6.24582E-3 4.85489E-3 2.28107E-3 4.35489E-3 5.58035E-3 7.33474E-3 2.62539E-3 7.94135E-4 1.71687E-7 2.1383E-7 9.73869E-5 1.84295E-9 3.99962E-8 2.42823E-4 1.62027E-5 1.75864E-5 1.82114E-5 3.63944E-5 2.72696E-5 9.00736E-10 4.43067E-5 1.37881E-2 3.92932E-2 3.8285E-2 4.32388E-4 1.36839E-2 5.18403E-2 4.40449E-2 2.43964E-2 5.08291E-3 9.63836E-3 8.16645E-4 3.23576E-9 3.1322E-9 9.33761E-9 4.60843E-5
-9999 -9999 -9999 -9999 -9999 -9999 5.90441E-2 2.28134E-2 1.78974E-2 1.98873E-2 2.49131E-2 3.2409E-2 2.83855E-2 1.40216E-2 7.84484E-3 1.81453E-3 1.80768E-3 2.82714E-3 4.88551E-3 8.23069E-3 1.35964E-2 1.81114E-3 3.16493E-4 1.5633E-3 4.43758E-4 8.77558E-6 3.07621E-7 3.38466E-7 4.02585E-7 3.64347E-3 9.18307E-3 4.21451E-3 1.17646E-3 1.79397E-3 1.89036E-2 1.94673E-2 7.10609E-3 3.79777E-3 5.90358E-7 1.61521E-7 8.28461E-8 4.15165E-8 1.70528E-5 1.99405E-5 2.20149E-4 1.76342E-4 2.00298E-5 2.49385E-5 1.10081E-2 7.43565E-3 7.57934E-10 3.67753E-5 1.40648E-2 4.84023E-4 4.28596E-4 4.48306E-4 9.66697E-3 5.8831E-2 6.78377E-2 8.72218E-2 5.82363E-2 7.15107E-2 1.28026E-2 2.76023E-9 2.43406E-9 1.88722E-8 9.00194E-9
-9999 -9999 -9999 -9999 -9999 -9999 -9999 2.71394E-1 6.11583E-2 2.46241E-2 5.4218E-3 3.14537E-2 2.14436E-2 2.74472E-2 2.45066E-3 2.80417E-4 3.36348E-4 1.92466E-5 6.39107E-3 1.1915E-2 2.37565E-2 3.06043E-3 2.44711E-4 4.23065E-5 7.01937E-6 3.70486E-7 1.51624E-4 1.6171E-4 1.78183E-4 7.80591E-3 5.77435E-3 2.3452E-3 1.54813E-3 1.02572E-3 6.02584E-3 1.96002E-2 3.49768E-2 6.018E-3 4.63202E-3 4.51488E-10 2.00026E-9 1.60841E-9 1.15248E-5 3.3381E-4 6.36586E-3 2.79888E-4 1.64289E-5 1.73624E-5 7.34786E-3 3.63878E-4 4.34616E-4 2.42618E-5 6.2813E-3 5.13667E-3 1.67437E-2 6.08305E-4 6.90804E-3 4.00234E-2 5.98747E-2 5.10728E-2 3.67623E-3 3.51682E-2 1.34776E-2 2.71795E-9 1.85238E-9 2.29868E-8 3.27854E-9
-9999 -9999 -9999 -9999 -9999 -9999 -9999 1.22436E-1 5.21864E-2 4.66053E-2 1.47404E-1 7.45629E-2 1.92976E-2 1.78249E-2 3.42955E-4 2.81245E-4 4.34709E-5 7.19937E-4 1.10369E-3 1.66439E-2 1.80422E-2 1.33379E-3 6.03717E-4 1.12537E-4 1.2123E-4 5.71576E-5 5.66882E-4 7.18277E-4 1.25995E-3 1.07854E-3 3.65783E-4 7.70222E-4 3.50752E-4 1.49296E-3 1.0452E-2 2.36841E-2 5.35432E-3 1.42028E-3 4.33705E-5 1.16209E-8 3.59144E-9 1.43655E-7 1.30473E-5 4.38753E-3 2.69771E-3 1.20686E-4 2.67718E-4 1.57105E-4 2.15367E-4 3.20057E-4 3.39515E-4 1.64981E-5 6.63627E-3 3.68178E-3 1.60972E-2 4.97535E-3 7.13098E-3 1.02272E-2 3.8251E-2 2.74231E-2 2.69206E-2 6.97502E-3 6.7502E-4 1.66509E-10 2.0336E-9 1.10044E-10 1.99165E-10
-9999 -9999 -9999 -9999 -9999 -9999 -9999 3.54982E-2 -9999 -9999 1.79807E-1 2.26598E-1 6.3363E-2 5.93858E-2 2.2613E-3 5.19965E-4 3.95735E-3 3.50634E-3 6.93793E-3 3.78504E-3 9.19639E-3 1.50949E-3 1.75181E-4 1.16132E-3 1.24268E-3 1.07829E-3 2.42631E-3 6.80345E-3 4.69476E-3 1.76354E-3 2.35246E-4 1.85931E-4 4.75929E-4 1.37661E-3 1.4589E-2 1.0027E-1 5.80366E-2 3.37295E-3 7.44811E-8 4.62202E-8 3.95531E-9 9.24467E-6 2.06421E-4 1.04443E-2 7.2609E-3 1.66137E-4 2.05105E-4 2.4782E-4 1.32122E-5 1.42442E-8 1.22322E-8 1.79327E-5 5.75903E-3 1.3311E-2 3.8234E-3 4.03778E-3 5.6379E-3 3.59876E-2 2.67256E-2 1.9161E-2 4.94209E-2 2.52573E-2 5.76602E-4 3.03117E-10 1.26928E-10 2.47266E-10 2.03002E-10
-9999 -9999 -9999 -9999 -9999 -9999 -9999 6.47218E-2 -9999 -9999 -9999 -9999 1.28932E-1 8.429E-2 1.82224E-3 5.6254E-4 3.25592E-3 1.40571E-2 8.95945E-3 1.48725E-3 1.4168E-2 1.14791E-3 2.51552E-3 8.14861E-3 7.55286E-4 5.27114E-4 6.47081E-4 1.59551E-3 2.61975E-3 1.08716E-3 1.57522E-4 7.11265E-5 1.42993E-3 1.36769E-3 2.5224E-2 1.71079E-1 6.58089E-2 4.16358E-3 8.53399E-8 6.19978E-5 2.80248E-9 2.25152E-4 3.31603E-3 8.46829E-3 6.4376E-3 1.60122E-4 1.20472E-5 1.21449E-5 1.47029E-5 1.22452E-8 1.50812E-10 2.30034E-4 5.20978E-3 2.18222E-2 1.12762E-2 1.5973E-2 4.14371E-3 3.34063E-2 7.7267E-3 2.37972E-2 3.47108E-2 8.90575E-3 4.77471E-4 2.57883E-10 1.19298E-10 2.08319E-10 2.42119E-10
-9999 -9999 -9999 -9999 -9999 -9999 -9999 -9999 -9999 -9999 -9999 7.59254E-2 2.79244E-1 4.37281E-2 1.74942E-3 3.17269E-3 2.99455E-3 2.46604E-3 1.23497E-2 7.29245E-3 1.34905E-2 3.56326E-2 2.0744E-4 1.87476E-4 4.45243E-4 1.15237E-3 1.12023E-3 9.87116E-4 1.26898E-3 4.8443E-4 1.58784E-4 6.97559E-5 2.00619E-4 3.3676E-3 4.54143E-3 6.17856E-2 2.56196E-2 5.37948E-5 1.8507E-8 4.1563E-8 7.29163E-6 8.97089E-3 8.05768E-3 7.14055E-3 7.10743E-3 3.43887E-3 2.48691E-4 2.29065E-4 3.31866E-4 4.124E-4 1.56336E-5 1.9144E-5 4.57282E-3 1.63448E-2 6.12994E-2 2.61172E-2 2.72946E-2 1.96238E-2 3.30707E-4 1.17502E-2 2.10883E-4 1.92871E-5 1.6407E-5 2.97013E-10 4.75144E-11 1.86647E-10 1.85289E-10
-9999 -9999 -9999 -9999 -9999 -9999 -9999 -9999 -9999 -9999 -9999 -9999 9.68326E-2 2.56405E-2 9.40212E-4 1.12824E-3 1.08599E-2 1.52106E-2 6.83757E-3 8.80986E-3 2.5926E-2 1.971E-3 2.9293E-3 2.16507E-3 2.06636E-3 3.88925E-4 1.3237E-4 2.9522E-4 9.16509E-4 2.09972E-4 1.47486E-4 8.78479E-5 1.50397E-4 2.10808E-3 2.80759E-3 1.55523E-2 1.30126E-2 1.47058E-8 4.67589E-10 2.18443E-9 2.07138E-4 1.22523E-2 1.43391E-2 1.06592E-2 7.79863E-3 3.49471E-3 2.42464E-4 2.74828E-4 2.97763E-4 2.86216E-4 6.27421E-3 5.18671E-3 1.97995E-2 2.77481E-2 1.98698E-2 2.29178E-2 5.2508E-3 7.88134E-3 3.22821E-4 4.14729E-4 1.57167E-5 1.35015E-5 2.06058E-9 2.49727E-10 2.55285E-10 4.01712E-11 1.83832E-10
