ENM/Final_Models/M_2_F_q_Set_1_E/Gustavia_santanderiensis_9_Choco_novel.asc
ncols         367
nrows         963
xllcorner     -78.6
yllcorner     0.65
cellsize      0.00833333333333323
NODATA_value  -9999
[rows 510 to 539 of 963, columns 136 to 203 of 367]
-9999 -9999 -9999 -9999 -9999 -9999 -9999 -9999 -9999 -9999 -9999 -9999 -9999 -9999 -9999 -9999 -9999 -9999 -9999 -9999 -8.94637E1 -7.7918E1 -8.00631E1 -8.12303E1 -7.71293E1 -8.3123E1 -8.46372E1 -8.62776E1 -9.60883E1 -9.62776E1 -9.47003E1 -9.56151E1 -9.35016E1 -8.53943E1 -8.49527E1 -8.5142E1 -9.08202E1 -8.95584E1 -9.66877E1 -8.95899E1 -8.08833E1 -8.16404E1 -8.99054E1 -9.4511E1 -9.28391E1 -9.40379E1 -8.76025E1 -9.38679E1 -8.43849E1 -8.79495E1 -8.5489E1 -8.78233E1 -9.38679E1 -8.81073E1 -8.85173E1 -7.05678E1 -9999 -6.69811E1 -6.17925E1 -7.18927E1 -7.12934E1 -7.24606E1 -8.67924E1 -8.72642E1 -6.99685E1 -6.22642E1 -7.50789E1 -7.49527E1
-9999 -9999 -9999 -9999 -9999 -9999 -9999 -9999 -9999 -9999 -9999 -9999 -9999 -9999 -9999 -9999 -9999 -9999 -9999 -9999 -8.56782E1 -8.12303E1 -8.2429E1 -8.05047E1 -7.26183E1 -7.66562E1 -8.5552E1 -8.72642E1 -8.77287E1 -8.82334E1 -9.6877E1 -9.64669E1 -9.50789E1 -8.84543E1 -8.96226E1 -9.00943E1 -8.63722E1 -7.90852E1 -8.31861E1 -8.55205E1 -9.15094E1 -8.54259E1 -9.46057E1 -9.90852E1 -9.26498E1 -8.77603E1 -9.38679E1 -8.42587E1 -8.44164E1 -8.18927E1 -8.05678E1 -8.52681E1 -8.3817E1 -8.30189E1 -8.34906E1 -9999 -7.20189E1 -6.73502E1 -7.06625E1 -7.33123E1 -7.50789E1 -6.99054E1 -7.92453E1 -8.58491E1 -8.63208E1 -9.5283E1 -9.5283E1 -9.48113E1
-9999 -9999 -9999 -9999 -9999 -9999 -9999 -9999 -9999 -9999 -9999 -9999 -9999 -9999 -9999 -9999 -9999 -9999 -9999 -9999 -8.39623E1 -6.43218E1 -6.47319E1 -8.11321E1 -6.69085E1 -7.62461E1 -7.653E1 -7.4164E1 -8.72555E1 -8.69085E1 -8.76341E1 -9.01893E1 -8.63722E1 -8.59621E1 -8.53943E1 -8.50789E1 -7.98423E1 -8.21136E1 -8.69401E1 -8.88013E1 -8.29968E1 -8.84543E1 -9.3123E1 -9.33962E1 -9.59621E1 -9.5142E1 -9.09148E1 -8.75079E1 -8.94953E1 -8.71609E1 -8.38486E1 -8.41325E1 -9.66981E1 -9.33962E1 -9.38679E1 -7.25552E1 -6.62461E1 -6.50789E1 -8.01262E1 -7.84543E1 -9.38679E1 -7.92453E1 -9.76415E1 -8.49057E1 -9.85849E1 -9.81132E1 -9.43396E1 -9.48113E1
-9999 -9999 -9999 -9999 -9999 -9999 -9999 -9999 -9999 -9999 -9999 -9999 -9999 -9999 -9999 -9999 -9999 -9999 -9999 -9999 -8.4858E1 -6.78233E1 -6.5205E1 -7.7571E1 -6.80442E1 -8.29653E1 -7.59937E1 -7.99369E1 -9.38801E1 -9.18297E1 -8.7571E1 -9.14511E1 -8.11356E1 -8.64353E1 -8.66877E1 -8.09464E1 -7.62461E1 -8.5836E1 -8.75394E1 -8.78233E1 -9.00946E1 -8.52681E1 -9.29245E1 -9.3817E1 -9.29968E1 -9.09464E1 -9.35962E1 -8.50158E1 -8.4448E1 -8.70032E1 -9.0566E1 -8.17981E1 -8.653E1 -8.86435E1 -8.44164E1 -7.00946E1 -6.59621E1 -7.7571E1 -7.91167E1 -7.56782E1 -7.58991E1 -7.87736E1 -8.34906E1 -8.39623E1 -8.54259E1 -9.66981E1 -9.33962E1 -9.43396E1
-9999 -9999 -9999 -9999 -9999 -9999 -9999 -9999 -9999 -9999 -9999 -9999 -9999 -9999 -9999 -9999 -9999 -9999 -9999 -9999 -7.92744E1 -7.35849E1 -6.17981E1 -7.0347E1 -8.16038E1 -7.45283E1 -7.45283E1 -7.54574E1 -9.1735E1 -9.66246E1 -9.68139E1 -9.08833E1 -7.67508E1 -8.34069E1 -8.36278E1 -8.42902E1 -7.73817E1 -8.72642E1 -8.4858E1 -9.19874E1 -9.1735E1 -9.01262E1 -9.19811E1 -9.29653E1 -9.13565E1 -9.0347E1 -8.89274E1 -8.84543E1 -8.75079E1 -9.38679E1 -8.41009E1 -8.36908E1 -9.62264E1 -9.23344E1 -9.27445E1 -8.27129E1 -6.46372E1 -6.29968E1 -7.24606E1 -7.7918E1 -9.29245E1 -9.33962E1 -9.33962E1 -9.29245E1 -9.38679E1 -9.71698E1 -9.38679E1 -9.33962E1
-9999 -9999 -9999 -9999 -9999 -9999 -9999 -9999 -9999 -9999 -9999 -9999 -9999 -9999 -9999 -9999 -9999 -9999 -9999 -9999 -8.11321E1 -6.8959E1 -6.48896E1 -5.4164E1 -6.28076E1 -6.35962E1 -8.09464E1 -8.05678E1 -9.30599E1 -9.22082E1 -9.59937E1 -9.52366E1 -9.6183E1 -7.90221E1 -8.16404E1 -7.50473E1 -8.28391E1 -7.88328E1 -8.59937E1 -7.73585E1 -8.09464E1 -9.0566E1 -8.64353E1 -9.01577E1 -8.74763E1 -8.41325E1 -8.84858E1 -9.39748E1 -8.60252E1 -8.57729E1 -8.53628E1 -8.58044E1 -8.92744E1 -8.76972E1 -8.64669E1 -7.62145E1 -5.85173E1 -4.87697E1 -6.43533E1 -9.5283E1 -9.29245E1 -7.77918E1 -7.62776E1 -7.82965E1 -7.34385E1 -8.30189E1 -8.25472E1 -7.83019E1
-9999 -9999 -9999 -9999 -9999 -9999 -9999 -9999 -9999 -9999 -9999 -9999 -9999 -9999 -9999 -9999 -9999 -9999 -9999 -9999 -5.58044E1 -5.93375E1 -5.88644E1 -5.92114E1 -7.02208E1 -8.14827E1 -8.35647E1 -8.04732E1 -9.59937E1 -9.54259E1 -9.21451E1 -9.79495E1 -8.77358E1 -8.49057E1 -7.60883E1 -7.84543E1 -8.13249E1 -7.77287E1 -8.58991E1 -7.97792E1 -8.50789E1 -8.93375E1 -9.5142E1 -8.88328E1 -8.87382E1 -7.63722E1 -8.28076E1 -9.11987E1 -8.12303E1 -8.2776E1 -7.82334E1 -8.53312E1 -9.24606E1 -8.53943E1 -8.65931E1 -7.72555E1 -6.05363E1 -4.41956E1 -5.33754E1 -6.70978E1 -6.35331E1 -6.59621E1 -6.35016E1 -6.67823E1 -7.01262E1 -7.09464E1 -8.20755E1 -6.82334E1
-9999 -9999 -9999 -9999 -9999 -9999 -9999 -9999 -9999 -9999 -9999 -9999 -9999 -9999 -9999 -9999 -9999 -9999 -9999 -9999 -6.5836E1 -6.37224E1 -6.53312E1 -6.52681E1 -8.15142E1 -8.86435E1 -8.59621E1 -8.14511E1 -8.8265E1 -9.64984E1 -8.66562E1 -7.85173E1 -9.01262E1 -7.61199E1 -7.42902E1 -6.02839E1 -7.35962E1 -6.94953E1 -8.09464E1 -8.44795E1 -8.77918E1 -8.82076E1 -8.82076E1 -9.00943E1 -8.77358E1 -8.29022E1 -8.74763E1 -8.47319E1 -8.62461E1 -8.2776E1 -7.8265E1 -8.39748E1 -8.78233E1 -8.11987E1 -6.20505E1 -6.67508E1 -5.50473E1 -4.55836E1 -5.99369E1 -6.04416E1 -7.30599E1 -6.6877E1 -5.5142E1 -6.16719E1 -6.39748E1 -6.46688E1 -7.45283E1 -7.5205E1
-9999 -9999 -9999 -9999 -9999 -9999 -9999 -9999 -9999 -9999 -9999 -9999 -9999 -9999 -9999 -9999 -9999 -9999 -9999 -9999 -7.14196E1 -8.01887E1 -8.7224E1 -8.51104E1 -8.77287E1 -8.30189E1 -7.73186E1 -8.03155E1 -8.81703E1 -9.50789E1 -9.5836E1 -8.68139E1 -9.11672E1 -7.71924E1 -7.54259E1 -7.84858E1 -7.85173E1 -7.91167E1 -7.91483E1 -7.91798E1 -8.18297E1 -8.82076E1 -8.82076E1 -8.25237E1 -8.12618E1 -8.42271E1 -8.42271E1 -8.17666E1 -8.64984E1 -8.42902E1 -8.71609E1 -8.25552E1 -8.45426E1 -7.39117E1 -6.25868E1 -9999 -5.57413E1 -5.81703E1 -6.82334E1 -6.74448E1 -7.69085E1 -7.68454E1 -7.60252E1 -6.78233E1 -6.37855E1 -6.51104E1 -6.56782E1 -7.50473E1
-9999 -9999 -9999 -9999 -9999 -9999 -9999 -9999 -9999 -9999 -9999 -9999 -9999 -9999 -9999 -9999 -9999 -9999 -9999 -9999 -7.5142E1 -8.38486E1 -8.34385E1 -9.10726E1 -8.9306E1 -8.7224E1 -7.95268E1 -8.41956E1 -7.81073E1 -8.62776E1 -9.48265E1 -9.19243E1 -7.57413E1 -8.04101E1 -7.5489E1 -7.5E1 -8.19874E1 -8.49057E1 -8.3123E1 -7.94322E1 -8.63208E1 -8.91509E1 -8.96226E1 -9.02208E1 -8.76025E1 -9.25552E1 -8.64038E1 -7.71924E1 -8.13565E1 -8.62776E1 -8.40063E1 -8.39117E1 -8.90221E1 -7.15457E1 -6.23344E1 -5.89905E1 -5.2082E1 -5.9653E1 -7E1 -7.74132E1 -8.23975E1 -8.09779E1 -7.47003E1 -6.97161E1 -5.97161E1 -5.99057E1 -6.13208E1 -6.54259E1
-9999 -9999 -9999 -9999 -9999 -9999 -9999 -9999 -9999 -9999 -9999 -9999 -9999 -9999 -9999 -9999 -9999 -9999 -9999 -9999 -8.30284E1 -9.06625E1 -8.17666E1 -8.26183E1 -8.72555E1 -8.54259E1 -8.51104E1 -8.48265E1 -7.65931E1 -7.93691E1 -7.89274E1 -8.95584E1 -8.51735E1 -8.44795E1 -7.86435E1 -8.26814E1 -8.3817E1 -8.4434E1 -7.74448E1 -8.41325E1 -8.88013E1 -8.67924E1 -8.72642E1 -9.02208E1 -8.34385E1 -8.72642E1 -8.76972E1 -8.58675E1 -8.29968E1 -8.5489E1 -8.33438E1 -8.41325E1 -8.33438E1 -6.22397E1 -9999 -6.25868E1 -5.38801E1 -5.96845E1 -6.45741E1 -7.14196E1 -7.71609E1 -7.6877E1 -6.98423E1 -7.27129E1 -6.46688E1 -6.40694E1 -7.09464E1 -7.40566E1
-9999 -9999 -9999 -9999 -9999 -9999 -9999 -9999 -9999 -9999 -9999 -9999 -9999 -9999 -9999 -9999 -9999 -9999 -9999 -9999 -8.20755E1 -8.84227E1 -8.653E1 -9.02208E1 -8.37539E1 -8.67192E1 -8.34069E1 -8.9653E1 -9.24606E1 -7.50473E1 -7.4511E1 -8.21767E1 -8.64038E1 -9.75394E1 -8.94637E1 -8.69085E1 -8.51735E1 -7.8612E1 -7.71293E1 -8.78549E1 -9.00946E1 -9.19243E1 -9.05363E1 -9.14511E1 -8.72871E1 -8.76656E1 -8.48896E1 -8.2082E1 -8.42271E1 -8.67823E1 -8.26183E1 -8.02524E1 -9999 -6.59306E1 -6.53943E1 -6.23975E1 -6.3817E1 -8.34069E1 -7.93691E1 -7.83281E1 -7.83281E1 -7.58675E1 -7.11041E1 -7.29022E1 -7.44795E1 -7.15773E1 -7.20189E1 -7.35849E1
-9999 -9999 -9999 -9999 -9999 -9999 -9999 -9999 -9999 -9999 -9999 -9999 -9999 -9999 -9999 -9999 -9999 -9999 -9999 -9999 -8.64669E1 -8.07256E1 -8.4448E1 -8.4858E1 -8.14827E1 -8.11987E1 -8.52366E1 -6.82334E1 -7.19558E1 -7.70662E1 -7.5552E1 -7.87382E1 -7.39432E1 -8.40063E1 -9.8612E1 -9.40694E1 -9.38486E1 -8.98738E1 -8.5836E1 -8.94953E1 -9.36908E1 -8.79495E1 -8.57413E1 -8.17666E1 -8.8265E1 -8.88328E1 -8.05678E1 -8.28076E1 -8.74448E1 -8.75394E1 -8.70032E1 -8.40694E1 -6.82019E1 -5.68454E1 -6.40379E1 -7.1041E1 -7.45741E1 -7.86751E1 -7.94322E1 -8.6877E1 -8.54259E1 -8.40694E1 -6.8265E1 -7.07886E1 -7.10095E1 -7.81703E1 -7.88328E1 -6.43533E1
-9999 -9999 -9999 -9999 -9999 -9999 -9999 -9999 -9999 -9999 -9999 -9999 -9999 -9999 -9999 -9999 -9999 -9999 -9999 -9999 -8.63722E1 -7.63407E1 -8.05047E1 -8.08517E1 -8.69401E1 -9.02524E1 -7.91798E1 -7.0347E1 -7.23659E1 -7.67192E1 -8.05994E1 -8.21136E1 -8.29968E1 -8.26183E1 -8.99369E1 -8.98423E1 -9.12934E1 -8.56151E1 -9.49527E1 -9.66246E1 -9.92744E1 -9.2082E1 -9.00946E1 -8.8959E1 -9.14511E1 -9.28707E1 -8.83281E1 -8.11041E1 -8.35331E1 -8.36278E1 -8.48896E1 -8.41009E1 -9999 -9999 -6.76025E1 -6.71293E1 -7.52681E1 -7.61199E1 -7.57413E1 -8.27129E1 -8.37539E1 -7.98107E1 -7.38486E1 -8.48265E1 -8.4448E1 -7.97161E1 -7.94953E1 -6.72555E1
-9999 -9999 -9999 -9999 -9999 -9999 -9999 -9999 -9999 -9999 -9999 -9999 -9999 -9999 -9999 -9999 -9999 -9999 -9999 -9999 -7.51735E1 -7.4858E1 -7.70662E1 -8.43533E1 -8.60568E1 -8.02208E1 -7.81703E1 -8.44795E1 -7.58675E1 -8.75079E1 -8.78864E1 -8.17981E1 -8.70347E1 -8.44164E1 -8.64984E1 -8.81388E1 -8.5205E1 -8.66562E1 -9.51104E1 -8.4164E1 -9.48265E1 -9.70662E1 -9.41009E1 -8.97161E1 -9.17981E1 -9.34385E1 -9.0694E1 -8.52997E1 -8.59937E1 -8.04101E1 -7.92744E1 -8.0347E1 -7.78864E1 -7.08833E1 -6.74448E1 -6.53943E1 -6.66246E1 -7.07256E1 -7.89905E1 -7.89905E1 -8.33438E1 -8.65931E1 -7.52681E1 -8.26183E1 -8.13249E1 -8.25552E1 -8.24921E1 -7.38801E1
-9999 -9999 -9999 -9999 -9999 -9999 -9999 -9999 -9999 -9999 -9999 -9999 -9999 -9999 -9999 -9999 -9999 -9999 -9999 -6.7571E1 -7.85804E1 -6.99685E1 -7.36908E1 -8.15457E1 -8.46688E1 -9.08202E1 -8.32808E1 -8.69085E1 -8.04732E1 -9.51735E1 -8.41956E1 -8.88328E1 -1.00284E2 -8.76025E1 -9.56467E1 -9.63407E1 -8.95268E1 -8.29968E1 -9.30915E1 -9.01577E1 -9.15773E1 -9.30915E1 -9.09779E1 -9.08833E1 -8.61199E1 -9.31546E1 -9.00315E1 -8.79495E1 -9.17981E1 -9.01262E1 -8.64353E1 -8.21451E1 -9999 -9.15094E1 -6.47319E1 -6.56151E1 -6.25868E1 -6.5142E1 -7.07571E1 -7.74448E1 -8.42587E1 -8.78233E1 -8.47319E1 -7.58044E1 -6.91483E1 -8.46688E1 -7.50789E1 -7.11987E1
-9999 -9999 -9999 -9999 -9999 -9999 -9999 -9999 -9999 -9999 -9999 -9999 -9999 -9999 -9999 -9999 -9999 -9999 -9999 -6.81703E1 -6.9653E1 -7.60252E1 -8.23344E1 -8.39432E1 -8.81073E1 -7.71609E1 -8.41009E1 -8.41956E1 -7.63407E1 -8.60252E1 -9.06309E1 -9.347E1 -1.01546E2 -8.92114E1 -8.78864E1 -9.68139E1 -7.70978E1 -9.14511E1 -9.05994E1 -9.2082E1 -9.17981E1 -9.3123E1 -9.00946E1 -8.67823E1 -8.30599E1 -8.95584E1 -8.94322E1 -8.23975E1 -8.48896E1 -8.07886E1 -8.4448E1 -8.29338E1 -7.72871E1 -7.9306E1 -9999 -6.75394E1 -6.44164E1 -6.18297E1 -6.70978E1 -7.38486E1 -8.25868E1 -8.64984E1 -8.07886E1 -6.69401E1 -6.94006E1 -8.17035E1 -7.11356E1 -7.56151E1
-9999 -9999 -9999 -9999 -9999 -9999 -9999 -9999 -9999 -9999 -9999 -9999 -9999 -9999 -9999 -9999 -9999 -9999 -9999 -7.14196E1 -7.64038E1 -7.59306E1 -7.77603E1 -7.37855E1 -8.39117E1 -8.15142E1 -7.3123E1 -8.39117E1 -8.7918E1 -8.36908E1 -8.52366E1 -8.94953E1 -8.29968E1 -9.08202E1 -9.12618E1 -9.70347E1 -9.4448E1 -8.76972E1 -8.80757E1 -8.92114E1 -9.51104E1 -8.88644E1 -8.85173E1 -9.03785E1 -8.68139E1 -8.84858E1 -9.47003E1 -8.43849E1 -8.17981E1 -8.79811E1 -9.21451E1 -8.78233E1 -8.99369E1 -8.86792E1 -8.18612E1 -9999 -6.6183E1 -6.01893E1 -7.33754E1 -7.64984E1 -7.70978E1 -8.47319E1 -8.49211E1 -7.98107E1 -7.9306E1 -7.87382E1 -7.05994E1 -7.56151E1
-9999 -9999 -9999 -9999 -9999 -9999 -9999 -9999 -9999 -9999 -9999 -9999 -9999 -9999 -9999 -9999 -9999 -9999 -9999 -6.25237E1 -7.56151E1 -7.66246E1 -6.88013E1 -7.22397E1 -7.12303E1 -8.79495E1 -8.85173E1 -8.50473E1 -9.70978E1 -8.32177E1 -8.19243E1 -8.04416E1 -9.24921E1 -9.95584E1 -1.01388E2 -9.7224E1 -8.88328E1 -9.10726E1 -8.91167E1 -9.28391E1 -9.43533E1 -8.92429E1 -8.98423E1 -8.8959E1 -9.1041E1 -8.82965E1 -8.97792E1 -9.23344E1 -8.71924E1 -8.05047E1 -8.87066E1 -8.85173E1 -8.7918E1 -8.79495E1 -7.79495E1 -7.74763E1 -7.45741E1 -6.74448E1 -7.39748E1 -7.99369E1 -8.29022E1 -8.63722E1 -8.37855E1 -8.17666E1 -7.77287E1 -7.64353E1 -6.88013E1 -7.97161E1
-9999 -9999 -9999 -9999 -9999 -9999 -9999 -9999 -9999 -9999 -9999 -9999 -9999 -9999 -9999 -9999 -9999 -9999 -9999 -7.87736E1 -8.06604E1 -7.40063E1 -6.65094E1 -7.10095E1 -7.5836E1 -8.87066E1 -9.16719E1 -9.17666E1 -9.19243E1 -8.20189E1 -8.23344E1 -7.94637E1 -8.16088E1 -9.57098E1 -9.49842E1 -9.93691E1 -9.13565E1 -9.11987E1 -9.5489E1 -9.29022E1 -1E2 -9.70032E1 -9.18927E1 -9.02208E1 -8.73817E1 -8.69085E1 -8.41956E1 -8.89274E1 -8.04101E1 -8.06625E1 -8.31546E1 -8.80442E1 -7.60568E1 -7.96845E1 -9999 -7.27445E1 -7.17035E1 -7.24606E1 -6.7224E1 -7.33123E1 -7.35331E1 -7.51735E1 -7.58991E1 -7.82019E1 -8.20189E1 -6.89905E1 -7.01577E1 -7.45426E1
-9999 -9999 -9999 -9999 -9999 -9999 -9999 -9999 -9999 -9999 -9999 -9999 -9999 -9999 -9999 -9999 -9999 -9999 -9999 -6.91167E1 -8.01887E1 -7.84227E1 -8.11321E1 -8.17666E1 -8.92744E1 -9.38801E1 -9.97161E1 -9.96845E1 -9.8265E1 -9.13565E1 -8.28707E1 -8.22397E1 -8.52997E1 -8.07886E1 -9.4164E1 -1.01073E2 -9.71924E1 -9.56467E1 -9.43533E1 -9.15142E1 -9.7571E1 -9.77287E1 -9.26183E1 -8.99054E1 -8.64353E1 -8.73817E1 -8.36278E1 -7.53312E1 -7.347E1 -8.23659E1 -8.25237E1 -8.55205E1 -8.14827E1 -9999 -6.8959E1 -6.09464E1 -6.05678E1 -6.05047E1 -7.29968E1 -6.88013E1 -6.93691E1 -7.49211E1 -7.30284E1 -7.32808E1 -7.6877E1 -7.54574E1 -7.35647E1 -7.09148E1
-9999 -9999 -9999 -9999 -9999 -9999 -9999 -9999 -9999 -9999 -9999 -9999 -9999 -9999 -9999 -9999 -9999 -9999 -9999 -6.44795E1 -8.01887E1 -8.26498E1 -9.03155E1 -9.23659E1 -9.34069E1 -9.39117E1 -9.23659E1 -9.70032E1 -9.81073E1 -9.56782E1 -8.87066E1 -8.91483E1 -8.85804E1 -9.36593E1 -9.35016E1 -9.31546E1 -9.80757E1 -9.59621E1 -9.73817E1 -9.26183E1 -9.10095E1 -9.14827E1 -8.80442E1 -8.6877E1 -9.02524E1 -8.79495E1 -8.14511E1 -7.56782E1 -7.5142E1 -7.52366E1 -8.25868E1 -8.06309E1 -8.11041E1 -9999 -6.36792E1 -4.95268E1 -4.96215E1 -5.19558E1 -6.25552E1 -6.91483E1 -6.46057E1 -7.31861E1 -7.30284E1 -7.12618E1 -7.17981E1 -7.69401E1 -7.53628E1 -7.12303E1
-9999 -9999 -9999 -9999 -9999 -9999 -9999 -9999 -9999 -9999 -9999 -9999 -9999 -9999 -9999 -9999 -9999 -9999 -9999 -6.78233E1 -8.06604E1 -8.30284E1 -8.89905E1 -9.15773E1 -9.37855E1 -9.50789E1 -9.33438E1 -9.80126E1 -9.69401E1 -9.63407E1 -8.09464E1 -7.34069E1 -7.02839E1 -9.63407E1 -9.56151E1 -9.1735E1 -1.00473E2 -9.73186E1 -8.99369E1 -9.25237E1 -9.23975E1 -9.1388E1 -9.11356E1 -9.10095E1 -9.08833E1 -8.72555E1 -7.88328E1 -7.63092E1 -7.13249E1 -8.23659E1 -8.29653E1 -8.25237E1 -8.46688E1 -7.23659E1 -6.85173E1 -5.74763E1 -5.80757E1 -5.14196E1 -6.07256E1 -6.8265E1 -7.42587E1 -7.13249E1 -6.8959E1 -7.26498E1 -7.69716E1 -7.84227E1 -7.90852E1 -6.56151E1
-9999 -9999 -9999 -9999 -9999 -9999 -9999 -9999 -9999 -9999 -9999 -9999 -9999 -9999 -9999 -9999 -9999 -9999 -8.01887E1 -8E1 -9999 -9999 -9.46057E1 -9999 -9.04732E1 -9.46057E1 -9.57413E1 -9.55836E1 -9.89274E1 -9.71609E1 -8.11356E1 -7.29022E1 -7.02208E1 -8.19558E1 -9.5205E1 -9.3817E1 -9.09464E1 -9.40694E1 -9.64984E1 -9.37539E1 -9.44795E1 -9.30915E1 -8.90536E1 -9.24606E1 -9.29968E1 -9999 -7.92453E1 -7.50473E1 -8.58675E1 -8.52366E1 -7.85804E1 -7.55836E1 -7.5205E1 -7.11672E1 -7.05678E1 -9999 -5.32492E1 -5.06625E1 -6.11987E1 -7.11041E1 -7.26814E1 -7.52997E1 -7.5552E1 -7.81073E1 -7.62461E1 -8.00946E1 -8.2776E1 -7.12934E1
-9999 -9999 -9999 -9999 -9999 -9999 -9999 -9999 -9999 -9999 -9999 -9999 -9999 -9999 -7.42902E1 -9999 -9999 -9999 -9999 -9999 -9999 -9999 -9999 -9.68454E1 -9.32492E1 -8.97476E1 -9.36278E1 -1.03375E2 -1.00252E2 -1.00252E2 -8.23975E1 -7.50158E1 -8.07256E1 -8.95899E1 -9.15457E1 -8.94637E1 -9.57413E1 -8.7571E1 -9.12618E1 -9.54574E1 -9.21451E1 -9.63407E1 -9.70662E1 -9.08202E1 -9.58991E1 -9.05994E1 -7.94637E1 -6.87066E1 -7.95899E1 -8.41956E1 -8.15457E1 -6.95268E1 -7.58991E1 -9999 -6.50473E1 -6.11041E1 -5.56467E1 -6.01893E1 -6.11672E1 -6.68454E1 -6.84227E1 -7.03785E1 -7.26814E1 -7.06309E1 -7.92429E1 -8.06309E1 -7.24606E1 -6.56467E1
-9999 -9999 -9999 -9999 -9999 -9999 -9999 -9999 -9999 -9999 -9999 -9999 -9999 -9999 -9999 -9999 -9999 -9999 -9999 -9999 -9999 -9999 -9.58675E1 -9.61199E1 -8.86435E1 -9.26183E1 -9.76972E1 -1.00095E2 -9.43849E1 -9.10726E1 -9.46688E1 -9.02208E1 -8.35016E1 -8.35331E1 -9.4448E1 -9.70978E1 -9.65931E1 -9.35962E1 -8.83596E1 -9.58991E1 -9.82965E1 -9.46688E1 -9.79495E1 -9999 -8.8959E1 -9.57098E1 -9999 -7.18297E1 -9999 -9999 -7.08202E1 -6.36792E1 -7.21136E1 -6.32075E1 -7.00315E1 -6.89905E1 -6.66562E1 -6.39748E1 -5.57098E1 -7.09148E1 -8.11356E1 -7.37224E1 -6.99369E1 -6.71293E1 -7.02524E1 -7.20505E1 -6.86751E1 -6.98107E1
-9999 -9999 -9999 -9999 -9999 -9999 -9999 -9999 -9999 -9999 -9999 -9999 -9999 -9999 -9999 -9999 -9999 -9999 -9999 -9999 -9999 -9999 -8.65615E1 -8.19874E1 -7.52997E1 -7.92114E1 -8.97161E1 -9.80757E1 -9.15457E1 -9.17981E1 -8.21767E1 -9.08833E1 -8.97792E1 -8.78549E1 -9.50789E1 -9.86751E1 -9.78864E1 -9.21767E1 -9.51104E1 -9.52366E1 -9.65615E1 -9.96845E1 -9.90536E1 -9.80442E1 -9.88959E1 -8.4858E1 -8.76025E1 -8.90221E1 -9.37855E1 -6.98738E1 -9999 -9999 -5.74132E1 -5.35331E1 -6.22642E1 -6.13208E1 -6.74528E1 -5.93375E1 -7.17035E1 -7.60252E1 -7.9306E1 -7.87697E1 -7.89274E1 -7.5142E1 -7.29022E1 -7.45426E1 -7.69085E1 -6.68139E1
-9999 -9999 -9999 -9999 -9999 -9999 -9999 -9999 -9999 -9999 -9999 -9999 -9999 -9999 -9999 -9999 -9999 -9999 -9999 -9999 -9999 -9999 -8.17981E1 -8.25237E1 -7.74763E1 -8.28076E1 -9.87066E1 -1.00726E2 -9.84858E1 -9.66246E1 -8.92429E1 -8.77918E1 -9.05047E1 -9.02208E1 -9.65615E1 -9.91167E1 -9.17666E1 -9.22713E1 -8.99685E1 -9.7918E1 -1.00662E2 -9.7571E1 -9.85489E1 -9.65931E1 -9.82965E1 -9.29022E1 -9.35962E1 -9.24606E1 -8.95268E1 -8.57729E1 -8.15142E1 -7.98107E1 -5.71293E1 -5.89623E1 -5.84906E1 -6.08491E1 -7.24606E1 -6.71609E1 -6.8959E1 -7.06625E1 -7.10095E1 -6.67823E1 -7.37224E1 -7.42902E1 -5.80442E1 -6.71609E1 -7.75394E1 -6.85489E1
-9999 -9999 -9999 -9999 -9999 -9999 -9999 -9999 -9999 -9999 -9999 -9999 -6.94322E1 -7.15773E1 -8.11672E1 -8.91483E1 -9999 -9999 -9999 -9999 -9999 -9999 -9.33438E1 -7.52681E1 -6.94637E1 -7.4448E1 -8.65931E1 -9.98423E1 -1.02019E2 -9.27129E1 -8.83281E1 -8.82334E1 -9.12303E1 -8.85489E1 -9.19243E1 -9.8959E1 -8.653E1 -8.76025E1 -9.03785E1 -1.02303E2 -9.37855E1 -9.23028E1 -9.0694E1 -9.25552E1 -9999 -9.29968E1 -9.23028E1 -9.04101E1 -8.73186E1 -8.91798E1 -9.01262E1 -8.26814E1 -9999 -9999 -5.84906E1 -5.84906E1 -4.6877E1 -4.45741E1 -7.04732E1 -6.79495E1 -6.40063E1 -5.70755E1 -6.63407E1 -6.22082E1 -5.51104E1 -6.26814E1 -6.20189E1 -6.1041E1
-9999 -9999 -9999 -9999 -9999 -9999 -9999 -9999 -9999 -9999 -9999 -7.21136E1 -6.41009E1 -6.57098E1 -7.3817E1 -8.23344E1 -8.64353E1 -9999 -9999 -9999 -9999 -9999 -9.2082E1 -7.03785E1 -7.05047E1 -6.95899E1 -9999 -1.02303E2 -1.05931E2 -9.77603E1 -9.64984E1 -9.6877E1 -9.71924E1 -9.29022E1 -9999 -9.74132E1 -9.27445E1 -9999 -9.49527E1 -9999 -9999 -9.29022E1 -8.64038E1 -8.60568E1 -9999 -8.96845E1 -9.10095E1 -9.42271E1 -8.99054E1 -8.50473E1 -8.92114E1 -8.40694E1 -8.75394E1 -9999 -6.03774E1 -6.74763E1 -5.99057E1 -5.89623E1 -7.79495E1 -7.40694E1 -6.7571E1 -6.34385E1 -6.78549E1 -6.87382E1 -5.85804E1 -6.01262E1 -6.23344E1 -5.57098E1
