ENM/Final_Models/M_2_F_q_Set_1_E/Gustavia_santanderiensis_3_Choco.asc
ncols         367
nrows         963
xllcorner     -78.6
yllcorner     0.65
cellsize      0.00833333333333323
NODATA_value  -9999
[rows 238 to 271 of 963, columns 234 to 311 of 367]
1E0 1E0 9.76521E-1 9.32655E-1 3.65841E-1 9.79712E-2 7.06693E-2 4.77708E-1 8.04184E-1 6.42156E-1 9.27428E-1 9.99512E-1 9.99066E-1 7.28073E-1 9.18225E-1 9.79847E-1 9.99156E-1 9.99404E-1 1E0 1E0 1E0 9.94586E-1 9.99391E-1 9.99982E-1 9.99985E-1 9.99888E-1 1E0 7.82778E-1 7.33849E-1 6.29755E-1 4.46434E-1 4.00881E-1 4.2217E-1 2.9019E-1 2.32645E-1 1.23272E-1 1.07711E-1 9.14466E-2 1.05099E-1 1.77717E-1 8.15541E-2 5.51692E-2 2.19298E-3 4.04418E-4 2.46184E-3 3.63213E-3 1.4646E-3 6.43396E-4 1.3788E-3 2.48966E-3 1.11432E-3 2.35621E-4 2.22675E-5 1.56485E-6 2.53854E-6 2.38791E-4 2.9088E-5 4.36582E-5 1.54117E-5 7.89687E-5 -9999 -9999 -9999 -9999 -9999 -9999 -9999 -9999 -9999 -9999 -9999 -9999 -9999 -9999 -9999 -9999 -9999 -9999
1E0 1E0 9.99917E-1 9.88594E-1 7.30726E-1 1.74398E-1 6.92398E-2 3.12796E-1 3.08889E-1 4.828E-1 9.99971E-1 1E0 9.89706E-1 9.15481E-1 5.56513E-1 4.50075E-1 6.62607E-1 1E0 9.99997E-1 1E0 9.84797E-1 9.87211E-1 9.90169E-1 9.90201E-1 1E0 1E0 1E0 8.58652E-1 7.62539E-1 8.73344E-1 2.86402E-1 3.59015E-1 4.15197E-1 4.19351E-1 2.04437E-1 1.06682E-1 1.74722E-1 1.76631E-1 2.74641E-2 1.14811E-1 2.2099E-2 9.82766E-3 1.08431E-3 9.65805E-4 5.58289E-3 2.91436E-3 1.17505E-3 2.01699E-3 1.45869E-3 6.12291E-4 7.65537E-4 2.55535E-4 8.14325E-6 -9999 -9999 1.38656E-5 3.1062E-6 6.9154E-7 1.70433E-5 -9999 -9999 -9999 -9999 -9999 -9999 -9999 -9999 -9999 -9999 -9999 -9999 -9999 -9999 -9999 -9999 -9999 -9999 -9999
1E0 1E0 1E0 9.92826E-1 8.96326E-1 6.15845E-1 1.43346E-1 1.16568E-1 6.68785E-1 8.61805E-1 9.91068E-1 9.87177E-1 9.9509E-1 9.97475E-1 9.88847E-1 7.12581E-1 9.83865E-1 9.91643E-1 9.95948E-1 9.99991E-1 9.99068E-1 9.99939E-1 9.97352E-1 9.98346E-1 9.97523E-1 1E0 1E0 9.5434E-1 6.9267E-1 6.82195E-1 4.01333E-1 2.76731E-1 3.76707E-1 4.23483E-1 1.41065E-1 1.52307E-1 1.21524E-1 9.29397E-2 4.57179E-2 6.1968E-2 2.0251E-2 9.81856E-3 6.84206E-3 2.65257E-3 3.48942E-3 5.29825E-3 1.33885E-3 8.22625E-4 1.2352E-3 1.27425E-4 1.60625E-5 7.09661E-6 3.55039E-6 3.53707E-6 4.47177E-7 -9999 3.99845E-6 -9999 -9999 -9999 -9999 -9999 -9999 -9999 -9999 -9999 -9999 -9999 -9999 -9999 -9999 -9999 -9999 -9999 -9999 -9999 -9999 -9999
1E0 1E0 1E0 1E0 9.97101E-1 9.43847E-1 1.96222E-1 1.38661E-1 6.19214E-1 7.60908E-1 9.3873E-1 9.99949E-1 9.8327E-1 9.99322E-1 9.95564E-1 8.20769E-1 9.9916E-1 8.57418E-1 9.89296E-1 9.99212E-1 9.97485E-1 9.86052E-1 9.9838E-1 9.99894E-1 9.9994E-1 9.99861E-1 1E0 9.64819E-1 8.13363E-1 6.99028E-1 4.09324E-1 3.30217E-1 2.07748E-1 2.50478E-1 1.3735E-1 9.6343E-2 7.38506E-2 6.70539E-2 3.02119E-2 1.6674E-2 4.19308E-3 6.42497E-3 7.45177E-3 8.98493E-3 1.17973E-2 2.20502E-3 7.2937E-4 4.5835E-4 2.73377E-3 3.77863E-4 2.97497E-4 5.59143E-5 2.08699E-6 2.74884E-7 3.90789E-7 1.3618E-5 -9999 -9999 -9999 -9999 -9999 -9999 -9999 -9999 -9999 -9999 -9999 -9999 -9999 -9999 -9999 -9999 -9999 -9999 -9999 -9999 -9999 -9999
1E0 1E0 1E0 1E0 1E0 8.77987E-1 5.17612E-2 4.49482E-2 2.81183E-1 9.3259E-1 9.90887E-1 1E0 9.99559E-1 1E0 9.28251E-1 6.41624E-1 7.31198E-1 6.98175E-1 9.98344E-1 9.98977E-1 9.96961E-1 9.66869E-1 9.99409E-1 9.99998E-1 1E0 1E0 1E0 9.63474E-1 9.7485E-1 9.60873E-1 3.41406E-1 2.32931E-1 1.8185E-1 2.03319E-1 2.00145E-1 9.69665E-2 5.86636E-2 3.33228E-2 2.65204E-2 1.84092E-2 1.34585E-3 2.06218E-3 2.18983E-3 6.09579E-3 3.23473E-3 4.27767E-3 5.21154E-3 1.65275E-3 2.77941E-3 2.01452E-3 8.21524E-4 1.10378E-4 3.56751E-6 2.06176E-6 3.69099E-7 2.61138E-6 -9999 -9999 -9999 -9999 -9999 -9999 -9999 -9999 -9999 -9999 -9999 -9999 -9999 -9999 -9999 -9999 -9999 -9999 -9999 -9999 -9999 -9999
1E0 1E0 1E0 1E0 1E0 9.41101E-1 1.85605E-1 7.83033E-2 2.4302E-1 8.42379E-1 9.7883E-1 9.99899E-1 9.97297E-1 1E0 8.84431E-1 9.19146E-1 9.72625E-1 9.42123E-1 6.43192E-1 9.99916E-1 9.99924E-1 1E0 1E0 1E0 1E0 1E0 9.99762E-1 9.2884E-1 9.70592E-1 9.9059E-1 4.72851E-1 3.36732E-1 1.72314E-1 1.93658E-1 2.70906E-1 8.09779E-2 2.51408E-2 2.77455E-2 8.68849E-3 2.21884E-2 1.22526E-2 2.41205E-3 1.44338E-3 1.33816E-3 1.42086E-2 2.15278E-3 1.17592E-3 1.80666E-3 1.7724E-3 2.23547E-3 1.54857E-3 2.46431E-4 2.46551E-5 2.49921E-5 6.51079E-6 -9999 -9999 -9999 -9999 -9999 -9999 -9999 -9999 -9999 -9999 -9999 -9999 -9999 -9999 -9999 -9999 -9999 -9999 -9999 -9999 -9999 -9999 -9999
1E0 1E0 1E0 1E0 1E0 9.97207E-1 2.78493E-1 3.1146E-1 5.70226E-1 9.93918E-1 9.99842E-1 1E0 1E0 9.99999E-1 9.66126E-1 8.93301E-1 9.95573E-1 9.37571E-1 7.39658E-1 9.93279E-1 9.99133E-1 9.99904E-1 9.9999E-1 1E0 1E0 9.99755E-1 9.82484E-1 9.84952E-1 9.92646E-1 9.89442E-1 4.12131E-1 3.49678E-1 4.3473E-1 3.43935E-1 1.8118E-1 6.95998E-2 3.98258E-2 5.83626E-2 3.25538E-2 1.9121E-2 1.85608E-2 1.3879E-2 1.13647E-2 3.3238E-4 1.1493E-3 5.30312E-3 3.7576E-3 6.98976E-4 5.26373E-4 7.63067E-4 9.70624E-4 4.51236E-3 1.80283E-3 3.09601E-4 7.39382E-5 8.99873E-6 -9999 -9999 -9999 -9999 -9999 -9999 -9999 -9999 -9999 -9999 -9999 -9999 -9999 -9999 -9999 -9999 -9999 -9999 -9999 -9999 -9999 -9999
1E0 1E0 1E0 1E0 1E0 8.31622E-1 3.06933E-1 1.83329E-1 5.1634E-1 9.99084E-1 9.99752E-1 1E0 1E0 1E0 8.782E-1 9.89918E-1 6.70683E-1 5.47326E-1 9.63E-1 6.99452E-1 9.5756E-1 1E0 1E0 1E0 1E0 9.89833E-1 9.7583E-1 9.94587E-1 6.89425E-1 8.90263E-1 5.79877E-1 1.21005E-1 1.49485E-1 6.4904E-1 2.05884E-1 1.74755E-1 1.38179E-1 1.22663E-1 4.60697E-2 3.11229E-2 7.16864E-3 5.649E-3 4.12464E-3 2.94841E-3 2.63749E-4 2.37774E-3 8.44843E-4 1.4048E-4 3.04811E-4 4.15563E-4 4.61093E-4 2.28097E-3 1.03463E-3 1.87201E-4 5.38959E-5 5.91167E-6 1.01192E-6 -9999 -9999 -9999 -9999 -9999 -9999 -9999 -9999 -9999 -9999 -9999 -9999 -9999 -9999 -9999 -9999 -9999 -9999 -9999 -9999 -9999
1E0 1E0 1E0 1E0 9.99993E-1 4.73586E-1 5.35589E-2 2.7111E-1 8.56456E-1 9.99973E-1 1E0 1E0 1E0 9.99985E-1 9.6155E-1 9.93184E-1 7.66772E-1 7.4993E-1 6.79347E-1 8.97391E-1 8.97821E-1 9.38366E-1 8.7643E-1 9.88704E-1 9.3895E-1 9.62638E-1 9.24689E-1 9.22351E-1 6.94545E-1 8.27405E-1 4.82406E-1 1.28214E-1 4.74608E-1 5.55703E-1 1.83928E-1 1.32927E-1 8.02424E-2 1.19861E-2 3.28844E-2 5.88368E-2 2.65735E-2 1.35047E-2 1.58598E-2 2.26182E-3 2.41183E-4 1.83463E-4 4.88185E-5 1.23468E-4 4.61562E-5 2.25507E-5 1.09473E-4 3.89251E-4 9.02492E-4 6.39367E-4 1.12213E-4 7.56904E-5 1.67633E-6 -9999 -9999 -9999 -9999 -9999 -9999 -9999 -9999 -9999 -9999 -9999 -9999 -9999 -9999 -9999 -9999 -9999 -9999 -9999 -9999 -9999
1E0 1E0 1E0 1E0 1E0 8.05157E-1 1.33454E-1 3.78937E-1 9.07942E-1 9.99627E-1 1E0 1E0 1E0 1E0 9.99991E-1 7.61895E-1 5.21215E-1 4.17692E-1 4.38839E-1 7.61226E-1 7.87271E-1 5.72514E-1 6.08624E-1 4.92543E-1 6.12596E-1 6.61643E-1 5.51511E-1 8.44984E-1 8.41458E-1 5.35033E-1 3.9283E-1 3.49886E-1 4.71786E-1 4.55692E-1 4.661E-1 2.43284E-1 7.98239E-2 3.17818E-2 3.70316E-2 3.7481E-2 1.64289E-2 3.14578E-3 9.26997E-4 1.12832E-3 1.22704E-4 3.67803E-4 1.14242E-5 4.03745E-5 1.15181E-5 5.3599E-6 4.24679E-6 2.16716E-5 4.86787E-6 8.86231E-5 7.07224E-5 4.63433E-5 3.03643E-6 -9999 -9999 -9999 -9999 -9999 -9999 -9999 -9999 -9999 -9999 -9999 -9999 -9999 -9999 -9999 -9999 -9999 -9999 -9999 -9999 -9999
1E0 1E0 1E0 1E0 1E0 8.33051E-1 1.27238E-1 5.58803E-1 9.99621E-1 1E0 1E0 1E0 1E0 9.99999E-1 9.99973E-1 7.31771E-1 6.90603E-1 3.29924E-1 4.07679E-1 5.12891E-1 8.29926E-1 4.93024E-1 5.17342E-1 4.88088E-1 5.46959E-1 7.07263E-1 4.59437E-1 6.11615E-1 9.55524E-1 5.09886E-1 3.66354E-1 3.75136E-1 3.33898E-1 4.84204E-1 4.42219E-1 6.93158E-1 9.75549E-2 3.49463E-2 4.32436E-2 5.68516E-2 1.31551E-2 1.48443E-3 5.30317E-4 7.66028E-4 1.45368E-4 3.30214E-4 2.33928E-5 1.40337E-4 7.62654E-5 1.05804E-5 3.61251E-6 3.80035E-6 1.73307E-6 1.31775E-5 -9999 -9999 -9999 -9999 -9999 -9999 -9999 -9999 -9999 -9999 -9999 -9999 -9999 -9999 -9999 -9999 -9999 -9999 -9999 -9999 -9999 -9999 -9999 -9999
1E0 1E0 1E0 1E0 1E0 9.91695E-1 9.07493E-1 9.96162E-1 1E0 1E0 1E0 1E0 1E0 9.30939E-1 9.99937E-1 6.84746E-1 5.73872E-1 4.8132E-1 4.21794E-1 5.47524E-1 5.38229E-1 5.76549E-1 6.99032E-1 8.61518E-1 7.70115E-1 9.71885E-1 7.2117E-1 4.93074E-1 9.0106E-1 6.38689E-1 3.88471E-1 2.43804E-1 4.27765E-1 3.83456E-1 5.54811E-1 6.80472E-1 1.71077E-1 9.3523E-2 5.49854E-2 3.26476E-2 1.31471E-2 5.67732E-3 4.05914E-4 2.51753E-4 4.48041E-4 7.87075E-4 6.02877E-4 1.20662E-3 5.51166E-4 1.65335E-4 1.37591E-5 3.97577E-6 1.05534E-6 -9999 -9999 -9999 -9999 -9999 -9999 -9999 -9999 -9999 -9999 -9999 -9999 -9999 -9999 -9999 -9999 -9999 -9999 -9999 -9999 -9999 -9999 -9999 -9999 -9999
1E0 1E0 1E0 1E0 1E0 1E0 1E0 1E0 1E0 1E0 1E0 1E0 1E0 9.9997E-1 9.99492E-1 7.535E-1 7.99498E-1 7.50906E-1 7.67298E-1 7.00559E-1 7.82499E-1 8.37348E-1 9.82733E-1 6.9159E-1 7.62736E-1 9.75641E-1 9.52078E-1 4.67586E-1 8.44666E-1 4.64753E-1 3.61657E-1 2.64939E-1 9.4101E-2 3.04976E-1 5.25822E-1 5.81285E-1 3.16377E-1 2.18616E-1 5.44429E-2 2.01123E-2 2.46879E-2 6.09717E-3 7.32542E-4 5.54682E-4 1.0872E-3 3.83115E-3 4.79388E-3 3.09759E-3 5.71916E-4 4.83164E-4 1.62428E-4 2.9965E-5 3.61622E-5 -9999 -9999 -9999 -9999 7.72567E-6 4.48201E-6 -9999 -9999 -9999 -9999 -9999 -9999 -9999 -9999 -9999 -9999 -9999 -9999 -9999 -9999 -9999 -9999 -9999 -9999 -9999
1E0 1E0 1E0 1E0 1E0 1E0 1E0 1E0 1E0 1E0 1E0 1E0 9.77176E-1 6.93051E-1 9.98559E-1 9.00371E-1 5.86076E-1 4.37229E-1 4.97091E-1 6.98524E-1 9.7197E-1 8.16483E-1 8.74558E-1 9.68411E-1 9.18231E-1 9.99987E-1 9.76956E-1 8.34929E-1 8.70109E-1 6.54086E-1 4.28653E-1 6.67662E-2 1.20098E-1 3.55193E-1 4.7629E-1 4.93187E-1 4.46732E-1 2.17728E-1 6.83334E-2 1.76352E-2 2.02076E-2 8.70584E-3 5.59937E-3 6.92963E-3 4.68022E-3 5.11314E-3 5.57658E-3 4.70103E-4 5.59721E-4 2.80539E-4 1.22797E-4 1.82597E-5 -9999 -9999 1.73185E-6 3.82077E-6 4.19807E-6 2.48491E-5 3.0254E-6 -9999 -9999 -9999 -9999 -9999 -9999 -9999 -9999 -9999 -9999 -9999 -9999 -9999 -9999 -9999 -9999 -9999 -9999 -9999
1E0 1E0 1E0 1E0 1E0 1E0 1E0 1E0 1E0 1E0 1E0 9.99352E-1 9.90397E-1 8.65894E-1 8.44834E-1 9.95975E-1 8.53532E-1 6.10783E-1 7.12061E-1 6.05379E-1 8.43317E-1 8.30662E-1 9.99697E-1 1E0 1E0 9.99852E-1 9.78746E-1 9.60034E-1 7.53709E-1 4.52853E-1 4.63387E-1 1.05424E-1 2.11708E-1 2.24002E-1 7.13911E-1 4.3425E-1 7.43527E-1 4.9605E-1 2.43239E-1 9.68533E-2 9.00698E-3 1.70732E-2 2.02886E-2 2.57045E-2 1.69499E-2 7.33444E-3 1.17431E-2 5.07654E-4 4.68636E-4 1.41652E-4 7.76169E-5 3.88507E-5 1.32233E-5 1.18316E-5 3.07582E-5 2.22362E-5 3.54889E-5 5.67113E-6 1.50462E-4 5.2039E-5 -9999 -9999 -9999 -9999 -9999 -9999 -9999 -9999 -9999 -9999 -9999 -9999 -9999 -9999 -9999 -9999 -9999 -9999
1E0 1E0 1E0 1E0 1E0 1E0 1E0 1E0 1E0 1E0 1E0 1E0 1E0 9.99365E-1 9.41563E-1 8.50307E-1 9.89242E-1 6.90029E-1 5.75829E-1 9.06117E-1 8.54233E-1 9.11544E-1 1E0 1E0 1E0 9.99934E-1 9.96948E-1 9.36038E-1 5.84533E-1 4.46031E-1 5.02514E-1 5.22361E-1 2.9365E-1 5.4681E-1 5.97654E-1 5.2006E-1 3.13544E-1 6.63922E-1 6.60378E-1 3.11017E-1 5.23655E-2 8.66768E-3 4.17342E-3 1.97661E-2 6.46527E-3 1.30478E-2 2.61821E-3 2.86554E-3 2.03641E-3 6.65239E-4 6.42904E-5 1.18826E-4 1.76835E-4 1.426E-5 3.92621E-5 8.06035E-5 3.98224E-5 1.4398E-4 3.0135E-5 9.46705E-5 -9999 -9999 -9999 -9999 -9999 -9999 -9999 -9999 -9999 -9999 -9999 -9999 -9999 -9999 -9999 -9999 -9999 -9999
1E0 1E0 1E0 1E0 1E0 1E0 1E0 1E0 9.99959E-1 1E0 1E0 1E0 1E0 9.99995E-1 1E0 8.88159E-1 9.99631E-1 8.87947E-1 7.87502E-1 7.78652E-1 6.95888E-1 8.6626E-1 1E0 1E0 9.98476E-1 1E0 8.22552E-1 9.44273E-1 7.1869E-1 5.40117E-1 3.67455E-1 4.61074E-1 3.55574E-1 5.69644E-1 3.41264E-1 4.59154E-1 4.5297E-1 3.1683E-1 2.3412E-1 6.09374E-1 2.19615E-1 7.50155E-2 1.03186E-2 2.59829E-2 2.79939E-2 5.11463E-3 5.58019E-3 5.07584E-3 1.08605E-3 2.00279E-4 2.70803E-4 2.54196E-4 3.73144E-4 3.44189E-4 9.97827E-5 5.20766E-5 7.2491E-5 8.34927E-5 1.01855E-4 7.03324E-6 4.61032E-5 -9999 -9999 -9999 -9999 -9999 -9999 -9999 -9999 -9999 -9999 -9999 -9999 -9999 -9999 -9999 -9999 -9999
1E0 1E0 1E0 1E0 1E0 1E0 1E0 9.99922E-1 8.82355E-1 1E0 1E0 1E0 1E0 9.99283E-1 9.93774E-1 8.86544E-1 9.99862E-1 9.97601E-1 9.885E-1 9.9779E-1 9.94906E-1 8.31785E-1 9.87715E-1 9.98986E-1 9.99984E-1 1E0 8.6929E-1 7.80351E-1 8.33312E-1 4.57281E-1 4.20454E-1 3.86292E-1 4.67324E-1 5.39136E-1 4.31641E-1 2.81799E-1 4.6223E-1 4.70583E-1 2.14309E-1 3.9653E-1 2.55348E-1 1.26736E-1 1.73264E-2 1.20814E-2 5.62054E-3 2.01542E-3 4.62434E-3 1.68686E-3 3.53832E-4 3.74242E-4 2.79832E-4 2.05552E-3 6.65564E-4 5.20992E-4 1.08245E-4 5.34431E-5 1.33442E-4 4.44708E-4 3.61268E-4 6.47937E-5 8.82761E-6 -9999 -9999 -9999 -9999 -9999 -9999 -9999 -9999 -9999 -9999 -9999 -9999 -9999 -9999 -9999 -9999 -9999
1E0 1E0 1E0 1E0 1E0 1E0 9.81728E-1 9.87892E-1 9.90561E-1 9.99959E-1 9.99975E-1 1E0 1E0 1E0 1E0 8.93318E-1 1E0 9.99998E-1 9.95035E-1 9.99835E-1 9.39132E-1 9.85455E-1 9.74036E-1 9.77575E-1 9.94082E-1 9.50255E-1 7.76163E-1 7.80717E-1 7.36587E-1 4.99736E-1 5.2709E-1 4.12115E-1 3.1209E-1 3.73286E-1 2.4711E-1 2.99658E-1 3.08775E-1 2.83125E-1 2.06311E-1 1.08131E-1 9.04665E-2 6.26323E-2 7.26297E-3 1.46543E-3 5.32375E-4 9.37395E-4 8.84037E-4 4.57986E-4 6.62241E-4 9.28709E-4 4.08671E-4 1.82592E-4 7.57774E-5 3.57013E-5 1.70775E-4 1.26745E-4 9.33172E-5 2.36807E-4 1.96149E-4 2.26436E-4 1.31964E-4 1.35148E-4 -9999 -9999 -9999 -9999 -9999 -9999 -9999 -9999 -9999 -9999 -9999 -9999 -9999 -9999 -9999 -9999
1E0 1E0 1E0 1E0 1E0 8.79857E-1 9.67086E-1 9.67589E-1 9.99114E-1 1E0 1E0 1E0 1E0 1E0 1E0 7.8706E-1 9.99976E-1 7.29222E-1 8.56434E-1 8.3335E-1 6.05267E-1 9.72927E-1 9.87669E-1 9.9968E-1 8.61905E-1 5.63062E-1 5.49432E-1 6.82078E-1 6.14266E-1 3.75642E-1 2.66786E-1 2.25109E-1 2.03884E-1 1.94985E-1 4.93015E-1 4.65528E-1 2.32331E-1 1.41755E-1 1.29404E-1 1.6053E-1 1.49204E-1 5.85206E-2 1.03592E-2 9.90813E-3 1.38699E-2 7.3586E-3 1.93265E-1 3.91278E-3 7.66943E-3 6.06431E-3 2.23655E-3 8.93817E-4 6.5242E-4 7.69858E-5 2.32644E-4 6.85636E-5 2.5056E-4 3.49133E-4 4.63763E-4 5.18846E-4 3.24759E-4 1.60957E-4 1.85577E-4 -9999 -9999 -9999 -9999 -9999 -9999 -9999 -9999 -9999 -9999 -9999 -9999 -9999 -9999 -9999
1E0 1E0 1E0 1E0 1E0 1E0 9.99995E-1 6.45305E-1 4.32767E-1 9.97802E-1 1E0 1E0 1E0 1E0 9.99998E-1 8.87119E-1 9.9931E-1 7.03573E-1 5.96538E-1 7.25516E-1 5.59667E-1 4.55637E-1 8.6884E-1 8.21022E-1 4.06359E-1 2.67234E-1 2.70738E-1 4.43356E-1 4.92806E-1 3.73456E-1 5.37232E-1 5.4016E-1 4.76186E-1 3.90185E-1 3.79788E-1 3.83233E-1 1.66896E-1 3.46383E-1 3.6861E-1 2.97326E-1 2.6079E-1 1.16032E-1 1.40569E-2 2.12683E-2 2.45691E-2 1.85169E-2 1.59067E-2 2.13835E-2 1.69731E-2 1.08814E-2 2.61509E-3 7.66274E-4 8.65716E-5 1.23938E-4 4.07293E-4 2.5987E-4 5.31666E-4 2.97338E-4 4.0672E-4 1.28425E-4 1.08405E-4 1.20025E-4 7.85616E-5 1.16163E-4 -9999 -9999 -9999 -9999 -9999 -9999 -9999 -9999 -9999 -9999 -9999 -9999 -9999 -9999
1E0 1E0 1E0 1E0 1E0 9.99997E-1 9.99989E-1 9.9988E-1 9.92596E-1 9.98712E-1 9.99996E-1 1E0 1E0 1E0 1E0 1E0 9.91246E-1 9.99993E-1 8.68692E-1 7.96474E-1 6.3731E-1 2.59726E-1 4.97541E-1 3.99542E-1 2.48343E-1 2.90705E-1 2.45346E-1 3.5685E-1 5.22392E-1 4.95272E-1 5.05127E-1 6.03533E-1 7.57413E-1 5.11884E-1 2.14101E-1 3.07741E-1 1.49468E-1 9.88044E-1 9.93642E-1 5.57925E-1 1.66469E-1 1.55673E-1 1.82314E-2 9.48276E-3 3.71732E-3 4.8617E-3 1.49094E-2 1.01096E-2 2.16207E-3 5.82163E-4 4.14929E-4 9.66749E-5 3.97819E-4 5.70294E-4 2.23992E-4 5.51901E-4 5.00283E-4 4.42515E-4 4.67711E-4 6.96188E-4 2.98466E-4 3.13796E-4 3.96034E-4 1.45225E-4 2.93293E-4 -9999 -9999 -9999 -9999 -9999 -9999 -9999 -9999 -9999 -9999 -9999 -9999 -9999
1E0 1E0 1E0 1E0 1E0 1E0 9.99783E-1 9.99973E-1 9.99998E-1 9.99428E-1 9.99831E-1 9.99958E-1 9.99987E-1 1E0 1E0 9.99999E-1 8.44659E-1 9.98941E-1 9.52012E-1 9.61809E-1 7.41134E-1 4.18236E-1 3.90831E-1 5.92003E-1 2.93685E-1 2.29323E-1 3.58649E-1 3.91053E-1 7.66546E-1 7.5858E-1 7.49056E-1 6.29123E-1 7.34025E-1 5.75833E-1 4.4336E-1 1.86975E-1 1.85083E-1 9.05761E-1 1E0 8.20906E-1 1.41532E-1 1.46032E-1 2.42564E-2 1.13308E-2 2.09082E-3 1.99943E-3 4.31503E-3 3.49473E-3 2.51937E-3 3.65895E-3 1.25458E-4 5.52437E-5 3.41153E-6 3.43556E-4 3.25499E-4 3.96715E-3 9.92536E-4 4.43901E-4 3.27593E-4 -9999 -9999 -9999 1.69314E-4 2.2188E-4 3.20912E-4 -9999 -9999 -9999 -9999 -9999 -9999 -9999 -9999 -9999 -9999 -9999 -9999 -9999
1E0 1E0 1E0 1E0 1E0 1E0 1E0 1E0 1E0 9.9906E-1 9.99998E-1 9.99974E-1 9.99388E-1 1E0 1E0 9.99999E-1 9.07193E-1 9.81703E-1 9.80316E-1 9.30673E-1 9.12847E-1 5.2581E-1 3.85867E-1 3.82034E-1 2.53822E-1 2.87182E-1 2.79271E-1 5.50429E-1 6.04225E-1 7.04265E-1 6.31152E-1 8.09823E-1 9.42641E-1 8.23081E-1 9.81845E-1 2.1257E-1 2.25679E-1 6.84624E-1 9.99897E-1 8.79451E-1 1.99919E-1 8.83781E-2 4.25317E-2 3.53351E-2 1.63568E-2 7.8308E-3 1.10197E-2 2.72215E-3 5.37505E-4 9.25557E-3 2.09637E-4 3.17206E-5 2.17222E-5 3.23009E-4 6.98353E-4 1.03526E-3 8.60996E-4 1.02123E-3 6.37329E-4 3.97924E-4 -9999 -9999 -9999 2.54824E-6 7.88732E-6 -9999 -9999 -9999 -9999 -9999 -9999 -9999 -9999 -9999 -9999 -9999 -9999 -9999
1E0 1E0 1E0 1E0 1E0 1E0 1E0 1E0 1E0 1E0 7.50473E-1 9.99184E-1 9.95734E-1 9.99992E-1 1E0 1E0 1E0 8.21776E-1 9.95419E-1 5.8097E-1 7.31681E-1 7.40654E-1 5.27225E-1 5.05568E-1 2.97873E-1 5.31578E-1 3.38955E-1 5.03889E-1 9.08667E-1 9.3888E-1 7.66631E-1 8.88462E-1 9.97544E-1 1E0 8.95785E-1 2.84144E-1 2.41816E-1 7.50242E-1 9.99583E-1 9.99734E-1 3.37333E-1 1.13463E-1 3.67997E-2 1.03571E-2 9.76132E-3 9.97151E-3 9.36482E-3 2.07382E-3 1.9181E-3 6.12363E-4 3.99927E-4 4.72129E-5 1.89698E-4 9.60087E-4 2.51173E-3 1.32503E-3 9.79166E-4 6.54521E-4 5.24771E-4 1.82949E-4 -9999 -9999 -9999 -9999 -9999 2.00309E-6 -9999 -9999 -9999 -9999 -9999 -9999 -9999 -9999 -9999 -9999 -9999 -9999
1E0 1E0 1E0 1E0 1E0 1E0 1E0 1E0 1E0 9.99098E-1 5.92095E-1 9.99916E-1 9.07597E-1 9.994E-1 1E0 1E0 1E0 9.89938E-1 8.6011E-1 8.76477E-1 8.52337E-1 4.39195E-1 5.40372E-1 3.32766E-1 2.80126E-1 2.8833E-1 3.28525E-1 7.66731E-1 8.58718E-1 9.6866E-1 9.87969E-1 1E0 9.99892E-1 9.99999E-1 8.38877E-1 8.00061E-1 2.76861E-1 1.34184E-1 9.99994E-1 9.83374E-1 4.92115E-1 3.43924E-1 8.07113E-2 4.68651E-3 5.88589E-3 5.12002E-3 3.55379E-3 1.20469E-4 3.61618E-4 2.18841E-4 5.20524E-4 7.15222E-4 1.32461E-4 1.56791E-4 1.14647E-3 1.85025E-3 8.11762E-4 6.06529E-4 2.959E-4 2.24963E-4 2.18164E-5 -9999 -9999 -9999 -9999 -9999 -9999 -9999 -9999 -9999 -9999 -9999 -9999 -9999 -9999 -9999 -9999 -9999
1E0 1E0 1E0 1E0 1E0 1E0 1E0 1E0 1E0 1E0 9.76168E-1 9.92846E-1 8.68628E-1 9.99999E-1 1E0 1E0 1E0 9.99999E-1 8.35667E-1 9.83452E-1 9.95313E-1 7.80617E-1 3.51594E-1 3.09189E-1 3.08655E-1 3.60664E-1 5.79361E-1 8.83324E-1 8.20982E-1 9.09042E-1 9.02371E-1 9.42519E-1 9.44793E-1 9.20934E-1 7.93707E-1 6.61993E-1 3.74463E-1 2.29257E-1 4.4536E-1 5.10321E-1 9.55379E-1 2.63833E-1 1.0387E-1 4.11176E-3 8.75537E-3 7.38753E-3 1.40383E-3 1.36382E-1 2.16713E-1 1.24808E-4 2.15305E-3 2.70349E-4 9.69608E-4 4.71443E-4 1.55833E-3 1.18924E-3 1.31057E-3 2.37348E-3 2.71505E-3 -9999 -9999 -9999 -9999 -9999 -9999 -9999 -9999 -9999 -9999 -9999 -9999 -9999 -9999 -9999 -9999 -9999 -9999 -9999
1E0 1E0 1E0 1E0 1E0 1E0 1E0 1E0 1E0 9.9884E-1 5.72237E-1 9.02169E-1 9.99998E-1 1E0 1E0 1E0 1E0 9.99997E-1 8.2329E-1 9.83709E-1 9.84715E-1 7.87837E-1 3.87483E-1 4.70334E-1 4.73737E-1 6.98778E-1 7.35613E-1 9.19813E-1 9.68604E-1 9.8112E-1 9.99971E-1 1E0 9.99763E-1 9.98423E-1 9.9913E-1 7.74062E-1 6.95927E-1 3.10448E-1 3.42408E-1 5.60772E-1 9.99991E-1 8.41917E-1 9.95381E-1 4.66985E-3 3.18131E-3 4.32066E-3 3.52594E-3 4.00733E-3 3.37326E-2 3.40859E-4 4.15475E-3 1.16095E-3 4.80708E-3 1.08684E-3 1.25374E-3 1.43497E-3 1.48068E-3 1.62601E-3 2.04345E-3 -9999 -9999 -9999 -9999 -9999 -9999 -9999 -9999 -9999 -9999 -9999 -9999 -9999 -9999 -9999 -9999 -9999 -9999 -9999
1E0 1E0 1E0 1E0 1E0 1E0 1E0 1E0 1E0 8.75778E-1 3.83547E-1 7.77683E-1 9.57384E-1 9.99999E-1 1E0 1E0 1E0 9.99997E-1 8.48584E-1 9.46535E-1 9.89379E-1 9.4278E-1 5.10427E-1 6.1689E-1 8.15131E-1 9.59569E-1 8.48872E-1 9.40526E-1 8.80686E-1 9.99963E-1 1E0 1E0 9.9772E-1 9.98641E-1 9.99786E-1 1E0 8.08924E-1 4.41339E-1 6.2286E-1 5.75579E-1 9.99963E-1 7.33996E-1 8.39577E-1 2.17675E-1 1.35466E-3 2.87649E-3 3.30772E-3 5.00287E-3 7.90476E-4 5.71741E-4 4.64247E-3 1.27262E-3 1.56489E-3 1.65473E-3 3.63433E-3 1.03528E-3 5.9673E-3 1.15914E-3 -9999 -9999 -9999 -9999 -9999 -9999 -9999 -9999 -9999 -9999 -9999 -9999 -9999 -9999 -9999 -9999 -9999 -9999 -9999 -9999
1E0 1E0 1E0 1E0 1E0 1E0 1E0 1E0 1E0 8.71749E-1 3.05905E-1 5.80562E-1 9.88576E-1 9.9987E-1 9.98603E-1 9.9997E-1 1E0 1E0 8.6178E-1 8.39625E-1 9.91776E-1 8.78624E-1 3.98536E-1 5.81705E-1 8.46633E-1 8.07575E-1 7.49217E-1 8.25645E-1 9.10457E-1 9.98987E-1 1E0 9.99968E-1 9.94959E-1 9.89231E-1 9.92675E-1 1E0 1E0 6.33541E-1 6.70835E-1 8.07331E-1 4.8827E-1 9.81615E-1 8.63483E-1 9.42519E-1 4.66318E-1 6.83503E-2 1.59631E-3 4.42435E-3 2.08016E-3 2.99288E-4 3.91777E-3 2.75369E-3 1.27756E-3 2.56311E-3 3.64408E-3 2.5102E-3 7.5403E-4 4.36805E-4 4.91659E-4 -9999 -9999 -9999 -9999 -9999 -9999 -9999 -9999 -9999 -9999 -9999 -9999 -9999 -9999 -9999 -9999 -9999 -9999 -9999
1E0 1E0 1E0 1E0 1E0 1E0 1E0 1E0 1E0 9.12689E-1 6.27854E-1 5.6474E-1 7.61459E-1 5.86565E-1 8.32004E-1 7.49682E-1 9.95673E-1 1E0 9.96633E-1 9.23262E-1 9.98607E-1 9.66982E-1 9.80935E-1 8.33917E-1 7.08908E-1 9.67534E-1 9.6831E-1 9.21725E-1 8.62145E-1 9.98861E-1 1E0 9.99999E-1 1E0 1E0 1E0 9.99808E-1 9.94444E-1 1E0 8.65514E-1 8.58069E-1 9.38178E-1 8.17065E-1 3.16495E-1 9.10184E-2 6.89161E-1 4.08479E-1 3.16078E-1 1.26853E-2 9.86751E-3 1.48998E-3 1.0808E-2 6.98994E-3 5.3212E-3 2.03733E-3 8.46254E-3 1.07573E-3 2.71215E-3 4.39843E-4 1.15961E-4 -9999 -9999 -9999 6.89855E-6 -9999 -9999 -9999 -9999 -9999 -9999 -9999 -9999 -9999 -9999 -9999 -9999 -9999 -9999 -9999
1E0 1E0 1E0 1E0 1E0 1E0 1E0 1E0 9.99993E-1 9.95379E-1 7.40038E-1 7.99997E-1 6.4592E-1 2.96238E-1 5.0486E-1 6.97534E-1 9.99557E-1 1E0 1E0 8.9661E-1 9.88575E-1 9.9948E-1 9.98101E-1 8.67503E-1 9.02154E-1 9.94551E-1 9.96575E-1 9.90667E-1 8.13793E-1 9.38702E-1 1E0 9.99998E-1 1E0 1E0 1E0 1E0 9.97217E-1 9.99897E-1 9.99817E-1 9.99555E-1 9.99937E-1 1E0 7.84316E-1 9.83675E-1 9.92025E-1 8.67506E-1 7.47579E-1 7.27151E-1 2.60931E-2 9.31898E-3 1.38033E-2 3.69582E-3 2.96742E-3 3.34024E-3 1.51153E-3 2.14861E-3 3.62784E-4 6.57851E-4 2.20543E-4 -9999 -9999 -9999 6.54135E-6 -9999 -9999 -9999 -9999 -9999 -9999 -9999 -9999 -9999 -9999 -9999 -9999 -9999 -9999 -9999
1E0 1E0 1E0 1E0 1E0 1E0 1E0 1E0 1E0 9.54544E-1 4.07323E-1 1.93633E-1 4.43729E-1 2.8795E-1 3.8487E-1 5.97139E-1 1E0 1E0 1E0 9.86502E-1 9.71495E-1 9.89297E-1 9.96698E-1 9.38854E-1 9.10374E-1 9.87123E-1 9.48647E-1 8.68952E-1 8.97406E-1 1E0 1E0 1E0 1E0 1E0 1E0 1E0 1E0 1E0 9.98642E-1 9.02404E-1 9.74381E-1 9.30476E-1 7.69562E-1 8.75356E-1 9.98617E-1 6.53836E-1 6.45103E-1 6.82534E-1 3.59079E-2 1.39949E-2 2.998E-2 2.39476E-2 1.52024E-2 9.82348E-3 6.26032E-3 2.33538E-3 6.08465E-4 3.95403E-4 2.75173E-4 9.91327E-5 2.86814E-4 7.45482E-5 -9999 -9999 -9999 -9999 -9999 -9999 -9999 -9999 -9999 -9999 -9999 -9999 -9999 -9999 -9999 -9999
1E0 1E0 1E0 1E0 1E0 1E0 1E0 1E0 1E0 4.84573E-1 4.48591E-2 1.79455E-1 2.86091E-1 3.52807E-1 7.83517E-1 4.83339E-1 1E0 1E0 1E0 9.68258E-1 9.05578E-1 9.49532E-1 9.70764E-1 9.81841E-1 9.98263E-1 9.99302E-1 9.72241E-1 9.28032E-1 7.51662E-1 9.99614E-1 9.98668E-1 1E0 1E0 1E0 1E0 1E0 1E0 9.56762E-1 1.51408E-1 3.49299E-1 3.8524E-1 3.8594E-1 9.92985E-1 9.64157E-1 1.70513E-1 2.71897E-2 3.89172E-2 6.14112E-2 7.57847E-3 4.62935E-2 4.61304E-2 4.34722E-2 1.84102E-2 6.1073E-3 4.77585E-3 5.6107E-3 2.32224E-3 4.08428E-4 5.03619E-4 8.56336E-5 1.41641E-4 2.54942E-5 6.33091E-6 -9999 -9999 -9999 -9999 -9999 -9999 -9999 -9999 -9999 -9999 -9999 -9999 -9999 -9999 -9999
