ENM/Final_Models/M_2_F_q_Set_1_E/Gustavia_santanderiensis_9_Choco.asc
ncols         367
nrows         963
xllcorner     -78.6
yllcorner     0.65
cellsize      0.00833333333333323
NODATA_value  -9999
[rows 155 to 185 of 963, columns 136 to 203 of 367]
4.53908E-4 1.28223E-3 1.40931E-3 1.43129E-3 2.05144E-3 2.14969E-3 1.41378E-3 1.27172E-3 1.11533E-3 9.36331E-4 2.31539E-4 3.99579E-4 3.3831E-4 5.06512E-4 2.15262E-3 5.91218E-3 1.18694E-2 1.63569E-2 1.5937E-2 4.08817E-3 1.12275E-2 6.56149E-3 1.15953E-2 5.91646E-2 8.32822E-2 5.95007E-2 1.88233E-2 7.99978E-3 2.35006E-2 3.76826E-2 4.42055E-2 6.06035E-2 3.46048E-2 3.54331E-2 4.02881E-2 2.51553E-2 5.68951E-2 6.9912E-2 8.57041E-2 9.20632E-2 1.29665E-1 7.70065E-2 1.70365E-1 2.55751E-1 3.80649E-1 3.4379E-1 3.98539E-1 6.38472E-1 8.84892E-1 8.89398E-1 9.73829E-1 9.87505E-1 9.81026E-1 9.75485E-1 8.673E-1 8.63573E-1 8.91114E-1 7.77077E-1 6.55475E-1 5.33038E-1 5.29735E-1 6.28279E-1 6.84139E-1 7.29134E-1 6.29618E-1 6.79754E-1 6.66503E-1 5.64398E-1
2.8663E-4 1.07115E-4 1.15997E-3 4.5215E-4 1.53115E-3 1.19846E-3 8.73028E-4 7.51404E-4 8.98868E-4 4.7916E-4 3.15307E-4 1.22718E-3 2.96351E-3 2.04923E-3 2.92654E-3 2.51191E-3 6.84022E-3 8.89883E-3 8.54392E-3 5.05481E-3 4.97912E-3 1.03055E-2 3.05282E-2 2.60225E-2 2.64962E-2 4.7815E-2 3.45406E-2 1.18533E-2 2.5767E-2 1.74188E-2 1.91765E-2 5.64233E-2 6.3632E-2 5.01363E-2 4.87517E-2 4.87933E-2 8.33364E-2 8.82147E-2 1.46506E-1 3.46523E-1 2.69463E-1 1.17754E-1 2.29858E-1 2.68259E-1 4.82107E-1 5.18014E-1 4.65795E-1 4.87636E-1 8.22992E-1 8.75851E-1 8.66119E-1 9.94925E-1 9.8278E-1 9.48341E-1 7.39618E-1 6.99139E-1 8.97123E-1 8.77633E-1 7.53493E-1 6.14966E-1 5.53915E-1 5.406E-1 5.7601E-1 7.44631E-1 7.80733E-1 6.8149E-1 8.10989E-1 8.74475E-1
2.84983E-4 1.04046E-4 8.06092E-4 6.21724E-4 6.09972E-4 2.89493E-4 2.04534E-3 4.58087E-4 7.82369E-4 7.31739E-4 1.57E-3 1.82491E-3 2.17346E-3 2.62737E-3 3.21253E-3 5.52194E-3 5.00829E-3 7.15063E-3 9.28964E-3 5.01077E-3 5.8505E-3 5.00687E-3 1.3522E-2 1.28603E-2 1.83914E-2 2.07077E-2 2.5336E-2 3.05025E-2 2.60046E-2 1.73985E-2 2.69145E-2 3.34772E-2 4.94174E-2 5.68784E-2 1.03584E-1 4.10988E-2 6.90177E-2 8.57145E-2 1.04275E-1 1.15898E-1 1.01883E-1 2.59421E-1 3.26964E-1 3.13904E-1 4.30467E-1 3.06935E-1 4.4066E-1 6.2761E-1 8.53977E-1 8.30232E-1 9.92965E-1 9.74907E-1 9.90119E-1 9.90828E-1 6.39224E-1 6.52454E-1 6.347E-1 6.63187E-1 6.42254E-1 6.82893E-1 7.45481E-1 8.11077E-1 9.23345E-1 8.87034E-1 7.10039E-1 6.66182E-1 6.91513E-1 7.74846E-1
8.24835E-4 1.16661E-4 5.62993E-4 2.97784E-4 4.44948E-4 4.12783E-4 1.17111E-3 1.26214E-3 1.39924E-3 4.43615E-3 4.46974E-3 2.18976E-3 2.49038E-3 1.91249E-3 4.03798E-3 3.65478E-3 5.95357E-3 9.2554E-3 1.06168E-2 1.3781E-2 5.01505E-3 3.61596E-3 9.78204E-3 1.78033E-2 1.70878E-2 1.95466E-2 1.80046E-2 4.80395E-2 5.98187E-2 3.38834E-2 3.12814E-2 4.38452E-2 4.30598E-2 6.29002E-2 1.12617E-1 1.5661E-1 1.84888E-1 2.04492E-1 6.96508E-2 1.17306E-1 1.22733E-1 2.25387E-1 3.64053E-1 4.56754E-1 3.96176E-1 3.42042E-1 4.47597E-1 5.18859E-1 6.40536E-1 7.03316E-1 7.67899E-1 9.75512E-1 9.95274E-1 9.35894E-1 7.6286E-1 4.4831E-1 5.90037E-1 6.07812E-1 5.84308E-1 5.83263E-1 6.50438E-1 7.15233E-1 7.79448E-1 7.51035E-1 7.72741E-1 6.73797E-1 7.54699E-1 8.37968E-1
3.83384E-4 2.24383E-3 5.83027E-4 2.1351E-4 4.18986E-4 8.46381E-4 5.7905E-4 2.70133E-3 2.6317E-3 2.06109E-3 3.19744E-3 2.57314E-3 1.68909E-3 1.48695E-3 2.4854E-3 3.64108E-3 7.84028E-3 5.24068E-3 4.77802E-3 7.93625E-3 2.39806E-3 3.20716E-3 7.94212E-3 1.973E-2 1.13656E-2 1.91824E-2 1.04289E-2 6.45563E-2 7.8075E-2 5.53417E-2 3.08146E-2 3.8952E-2 7.5217E-2 7.39788E-2 1.03405E-1 1.30375E-1 1.45238E-1 1.96332E-1 1.85887E-1 1.2157E-1 2.18862E-1 2.47187E-1 3.18718E-1 3.44351E-1 5.25163E-1 4.18147E-1 4.76817E-1 4.69241E-1 6.22416E-1 7.84341E-1 7.29071E-1 9.89893E-1 9.99638E-1 9.81169E-1 7.95028E-1 4.37935E-1 5.75292E-1 6.16723E-1 5.89946E-1 5.57746E-1 7.33577E-1 5.36033E-1 6.09783E-1 5.87485E-1 8.11072E-1 7.56847E-1 7.444E-1 8.917E-1
5.0519E-4 1.33507E-3 1.14403E-3 6.6783E-4 2.9784E-4 4.13826E-4 6.24177E-4 1.5188E-3 3.38263E-3 1.44744E-3 2.29241E-3 1.79532E-3 2.64744E-3 2.28747E-3 4.21542E-3 5.22521E-3 4.86674E-3 4.04943E-3 3.55793E-3 4.42744E-3 2.84018E-3 5.96126E-3 3.16822E-3 1.28433E-2 1.021E-2 1.06763E-2 1.14874E-2 5.1482E-2 6.37589E-2 6.0091E-2 5.91831E-2 5.98695E-2 6.86994E-2 7.86467E-2 7.36937E-2 1.67339E-1 8.28528E-2 9.88792E-2 1.36453E-1 1.23759E-1 1.68429E-1 2.57019E-1 2.94461E-1 3.40719E-1 4.31132E-1 4.74796E-1 5.3517E-1 4.57248E-1 6.50754E-1 6.84367E-1 7.56174E-1 9.47536E-1 9.97622E-1 9.49464E-1 7.9721E-1 5.87211E-1 5.90021E-1 6.50993E-1 5.3267E-1 6.04315E-1 8.67455E-1 6.42771E-1 5.98281E-1 6.31269E-1 6.26959E-1 8.28997E-1 8.5728E-1 8.61207E-1
7.92845E-4 3.93108E-4 7.58918E-4 6.19809E-4 2.21634E-4 7.18578E-4 2.38266E-3 1.65193E-3 2.61574E-3 1.43771E-3 2.54034E-3 2.54424E-3 3.28124E-3 1.03378E-2 8.03257E-3 4.43915E-3 2.53863E-3 2.59133E-3 2.56615E-3 2.68025E-3 4.1841E-3 9.01581E-3 4.92156E-3 9.64261E-3 8.13803E-3 7.93996E-3 1.72232E-2 4.06443E-2 5.80747E-2 5.75196E-2 9.04498E-2 9.41929E-2 1.03572E-1 1.3317E-1 1.61422E-1 1.397E-1 5.75216E-2 6.57776E-2 7.40101E-2 6.37938E-2 1.23475E-1 3.07234E-1 3.84319E-1 3.79054E-1 3.17555E-1 4.81803E-1 6.52016E-1 7.08202E-1 5.74499E-1 6.87774E-1 7.46031E-1 9.63633E-1 9.77072E-1 8.92657E-1 6.67801E-1 6.62653E-1 6.78023E-1 5.9432E-1 6.45678E-1 5.94855E-1 7.26771E-1 8.85765E-1 8.20104E-1 8.63264E-1 5.7207E-1 6.99544E-1 8.76311E-1 8.6859E-1
1.15364E-3 2.72611E-4 1.20254E-4 2.50408E-4 7.57265E-4 3.31623E-4 7.82323E-4 9.17754E-4 1.51322E-3 1.59699E-3 1.28431E-3 1.87336E-3 3.28716E-3 3.80055E-3 3.82631E-3 2.65482E-3 1.10231E-3 3.14892E-3 3.66189E-3 3.9847E-3 7.29298E-3 7.00906E-3 1.08891E-2 1.23884E-2 1.34347E-2 1.49653E-2 1.8273E-2 6.08278E-2 6.65198E-2 4.97649E-2 1.18021E-1 1.19209E-1 1.3143E-1 1.30634E-1 1.44728E-1 1.94148E-1 2.23207E-1 1.73787E-1 1.71012E-1 1.228E-1 2.14615E-1 2.36225E-1 3.47999E-1 3.63079E-1 3.7492E-1 4.11206E-1 5.04129E-1 8.72976E-1 7.777E-1 7.46409E-1 8.38155E-1 9.947E-1 9.97516E-1 9.30347E-1 5.17188E-1 4.57938E-1 5.34324E-1 6.80922E-1 6.63532E-1 7.83022E-1 8.16068E-1 7.65103E-1 8.92538E-1 8.89649E-1 8.27928E-1 8.85528E-1 8.10079E-1 8.69065E-1
1.12453E-3 3.32882E-4 5.35562E-4 3.28534E-4 7.45224E-4 7.91964E-4 1.17649E-3 6.04589E-4 1.07829E-3 1.16205E-3 1.24485E-3 1.24734E-3 1.0214E-3 4.25959E-3 2.23899E-3 4.41528E-3 2.72351E-3 2.02967E-3 2.04021E-3 4.39084E-3 8.06508E-3 6.9342E-3 7.84635E-3 1.27924E-2 1.47561E-2 1.7227E-2 2.10903E-2 1.70111E-2 3.51282E-2 4.60117E-2 8.27203E-2 1.07807E-1 1.99444E-1 1.95281E-1 2.11747E-1 1.01461E-1 7.37205E-2 2.23384E-1 1.92062E-1 1.36608E-1 2.00465E-1 2.8196E-1 4.07397E-1 5.83556E-1 5.67634E-1 5.35595E-1 4.8385E-1 7.56369E-1 8.2108E-1 9.77053E-1 9.84076E-1 9.08774E-1 8.49644E-1 7.69314E-1 6.11326E-1 8.09421E-1 8.19918E-1 7.51195E-1 8.00573E-1 9.93654E-1 8.75792E-1 8.84347E-1 8.97904E-1 9.18833E-1 9.67111E-1 8.83942E-1 7.9676E-1 6.66964E-1
7.24266E-4 4.54135E-4 4.48284E-4 8.67519E-4 1.12514E-3 3.5001E-4 7.4259E-4 8.06486E-4 8.86385E-4 7.10886E-4 1.919E-3 2.46116E-3 1.36788E-3 1.91397E-3 2.63982E-3 1.81155E-3 3.81797E-3 4.97751E-3 6.97324E-3 7.03372E-3 7.41584E-3 3.45203E-3 9.40171E-3 4.0546E-3 1.48978E-2 2.31014E-2 3.4338E-2 3.26061E-2 4.1849E-2 4.62424E-2 8.74691E-2 9.79562E-2 1.63903E-1 1.60172E-1 2.94549E-1 1.85209E-1 2.60134E-1 3.22937E-1 3.72712E-1 4.72676E-1 2.93067E-1 2.85974E-1 3.98694E-1 5.79754E-1 5.81317E-1 5.71896E-1 8.75093E-1 9.12889E-1 8.39491E-1 7.32461E-1 8.25908E-1 9.30814E-1 8.13276E-1 9.47555E-1 9.29247E-1 8.81091E-1 8.96965E-1 9.05029E-1 8.65502E-1 9.08941E-1 7.59049E-1 6.45963E-1 6.88204E-1 7.54805E-1 7.84638E-1 8.71558E-1 8.89686E-1 8.84193E-1
2.96202E-4 4.31509E-4 1.22736E-3 3.31987E-4 5.88198E-4 3.02724E-4 5.94743E-4 7.06461E-4 7.1188E-4 1.38241E-3 3.10761E-3 3.63346E-3 1.31269E-3 2.06185E-3 1.69679E-3 1.03967E-3 2.27012E-3 4.06309E-3 6.38029E-3 3.67637E-3 5.75078E-3 3.35345E-3 9.8617E-3 1.07508E-2 1.36025E-2 1.22603E-2 2.34503E-2 2.42789E-2 5.39284E-2 5.02941E-2 5.83291E-2 6.52427E-2 1.93216E-1 2.46014E-1 3.20623E-1 3.00247E-1 3.56629E-1 3.44603E-1 4.54701E-1 6.29159E-1 4.22999E-1 3.70516E-1 4.15211E-1 4.33367E-1 5.23928E-1 6.1578E-1 6.86783E-1 9.11932E-1 8.94699E-1 8.83912E-1 7.21243E-1 8.83666E-1 8.98017E-1 9.79705E-1 9.32954E-1 8.86487E-1 8.7088E-1 7.89936E-1 7.68504E-1 9.08877E-1 9.27914E-1 8.283E-1 8.04511E-1 8.45125E-1 8.66289E-1 9.38338E-1 9.38786E-1 9.55606E-1
6.41222E-4 3.97747E-4 2.58117E-4 9.66338E-4 5.72322E-4 4.07584E-4 4.88085E-4 6.22922E-4 1.09882E-3 1.99519E-3 8.18261E-3 4.75966E-3 1.66627E-3 2.94122E-3 2.33416E-3 1.75607E-3 2.3306E-3 4.39525E-3 3.62738E-3 4.8308E-3 9.7103E-3 7.94541E-3 5.31685E-3 1.73883E-2 1.95219E-2 1.97341E-2 2.47027E-2 2.87593E-2 3.1294E-2 4.9359E-2 5.18114E-2 8.89715E-2 1.18521E-1 1.8944E-1 2.20131E-1 2.64797E-1 2.87301E-1 2.96176E-1 4.9961E-1 5.42645E-1 4.28617E-1 3.06918E-1 3.8286E-1 4.4153E-1 5.19484E-1 5.66563E-1 6.54381E-1 8.74754E-1 8.54407E-1 8.93396E-1 8.17004E-1 8.95068E-1 7.78366E-1 7.89388E-1 9.19898E-1 8.86867E-1 8.88508E-1 8.02864E-1 7.77957E-1 9.43166E-1 8.73328E-1 8.66525E-1 7.77058E-1 8.37761E-1 8.59562E-1 9.08202E-1 9.35543E-1 8.57045E-1
7.25304E-4 1.19159E-3 9.73419E-4 7.82025E-4 9.49872E-4 5.93151E-4 1.13637E-3 9.81172E-4 1.19754E-3 3.09729E-3 4.44956E-3 2.01623E-3 1.72719E-3 2.40833E-3 2.64491E-3 5.19668E-3 3.91417E-3 5.92552E-3 3.37273E-3 9.09282E-3 1.39088E-2 9.99744E-3 5.7136E-3 1.57969E-2 2.49247E-2 3.29752E-2 3.33611E-2 2.72579E-2 3.36137E-2 3.95943E-2 8.65688E-2 7.61833E-2 7.51046E-2 1.53053E-1 1.76984E-1 2.36837E-1 3.06819E-1 1.96655E-1 3.44787E-1 3.86322E-1 3.58723E-1 4.17916E-1 5.19479E-1 5.45389E-1 6.12709E-1 6.23132E-1 5.84865E-1 7.16175E-1 7.63189E-1 8.19045E-1 7.84244E-1 7.71056E-1 7.21923E-1 6.35068E-1 7.75689E-1 8.83996E-1 9.10169E-1 7.98421E-1 8.95251E-1 9.27154E-1 8.4067E-1 7.26456E-1 8.66449E-1 6.9952E-1 7.80522E-1 9.21271E-1 8.51471E-1 8.79079E-1
3.767E-4 3.28288E-4 4.93954E-4 8.29419E-4 4.37825E-4 2.56385E-4 9.83505E-4 1.53739E-3 1.37269E-3 1.7466E-3 3.0388E-3 2.76729E-3 1.29775E-3 1.34386E-3 7.38214E-3 1.26988E-2 1.36553E-2 1.85062E-2 6.91668E-3 3.31323E-3 7.15393E-3 7.97727E-3 6.58407E-3 1.05424E-2 1.32678E-2 2.24476E-2 2.97258E-2 4.09679E-2 4.1493E-2 4.30267E-2 5.9099E-2 5.55583E-2 5.70319E-2 1.10789E-1 1.83894E-1 3.14317E-1 2.02772E-1 1.38079E-1 2.96159E-1 2.90482E-1 2.6155E-1 3.99212E-1 5.62622E-1 4.9693E-1 6.32162E-1 7.82816E-1 9.16352E-1 8.47362E-1 8.93781E-1 7.46791E-1 6.90217E-1 7.32116E-1 6.90435E-1 6.47075E-1 7.42821E-1 8.16077E-1 9.01068E-1 9.14782E-1 8.98155E-1 9.58122E-1 9.08132E-1 8.45718E-1 9.37039E-1 8.07496E-1 8.8188E-1 6.95249E-1 7.96435E-1 6.32539E-1
2.08522E-4 2.92627E-4 3.56502E-4 3.824E-4 3.65939E-4 1.09936E-3 1.06464E-3 1.47084E-3 1.09918E-3 3.09655E-3 2.29635E-3 7.06676E-3 1.08905E-2 7.76717E-3 8.53971E-3 1.01793E-2 1.78105E-2 5.77089E-3 5.99909E-3 2.83482E-3 4.82209E-3 9.86982E-3 8.68172E-3 9.18074E-3 1.04708E-2 1.07081E-2 1.15675E-2 1.17218E-2 2.49864E-2 4.11395E-2 5.90529E-2 1.05057E-1 1.25095E-1 1.24844E-1 1.33136E-1 1.74287E-1 2.77376E-1 3.05282E-1 3.80886E-1 3.47227E-1 2.39354E-1 4.97712E-1 5.41336E-1 5.37442E-1 7.14769E-1 7.34781E-1 7.79495E-1 6.53373E-1 8.73081E-1 7.25788E-1 4.37399E-1 6.39421E-1 5.56722E-1 7.66037E-1 8.71799E-1 6.15181E-1 8.73588E-1 8.51156E-1 9.05704E-1 9.69154E-1 9.43838E-1 5.90916E-1 7.66785E-1 6.92054E-1 6.29061E-1 8.17442E-1 7.30692E-1 6.77297E-1
3.04673E-4 3.1552E-4 3.04026E-4 2.68622E-4 4.15854E-4 8.37088E-4 3.3408E-4 6.16957E-4 6.85281E-4 1.17161E-3 3.35254E-3 5.06326E-3 4.75047E-3 2.46686E-3 9.32727E-3 7.69236E-3 9.63356E-3 1.68981E-2 7.50734E-3 4.0967E-3 1.20574E-2 1.12249E-2 1.67923E-2 1.98194E-2 1.56896E-2 9.69568E-3 1.49371E-2 2.07945E-2 3.19016E-2 2.6388E-2 7.99278E-2 7.6406E-2 1.31483E-1 1.58272E-1 1.77459E-1 1.09815E-1 2.3532E-1 2.15249E-1 2.98643E-1 3.99621E-1 3.20492E-1 3.52603E-1 4.08855E-1 3.99829E-1 5.17106E-1 5.98346E-1 8.96359E-1 8.71394E-1 5.68531E-1 3.30822E-1 3.42893E-1 6.85409E-1 8.24276E-1 9.35724E-1 9.99838E-1 9.6435E-1 9.79445E-1 9.4856E-1 9.81566E-1 9.94247E-1 9.9835E-1 9.99926E-1 9.79492E-1 9.63458E-1 9.82105E-1 9.59811E-1 9.47412E-1 8.96114E-1
3.89686E-4 3.45251E-4 4.21357E-4 6.46496E-4 1.08753E-3 1.65152E-3 1.13845E-3 6.27853E-4 1.17141E-3 1.386E-3 2.58225E-3 7.45772E-3 6.51901E-3 2.68352E-3 5.67314E-3 1.03221E-2 6.68967E-3 7.91541E-3 3.14603E-3 1.05035E-2 3.7208E-3 1.30241E-2 1.79909E-2 3.30809E-2 2.48015E-2 1.77178E-2 1.72863E-2 2.03164E-2 3.37772E-2 2.24419E-2 7.11345E-2 1.05221E-1 1.60769E-1 2.24032E-1 2.64864E-1 1.61985E-1 3.05641E-1 3.10271E-1 4.0241E-1 4.52846E-1 5.08903E-1 4.42955E-1 6.84654E-1 5.42593E-1 7.2949E-1 7.48411E-1 8.17656E-1 8.94237E-1 7.57108E-1 3.40636E-1 5.34248E-1 7.08835E-1 8.09453E-1 8.32072E-1 8.24489E-1 9.70371E-1 9.83365E-1 9.8495E-1 9.86536E-1 9.98042E-1 9.99919E-1 9.98212E-1 9.50881E-1 9.89526E-1 9.91362E-1 9.96025E-1 9.81439E-1 9.56609E-1
5.9951E-4 2.88816E-4 4.98826E-4 5.1043E-4 2.07401E-3 1.72661E-3 1.51562E-3 6.8107E-4 6.49848E-4 1.17363E-3 9.04313E-4 3.60452E-3 7.55894E-3 9.76271E-3 7.18449E-3 1.22103E-2 1.07482E-2 5.61918E-3 4.5066E-3 1.87323E-2 1.22677E-2 1.43753E-2 1.42574E-2 2.69864E-2 3.33033E-2 1.26055E-2 2.7553E-2 2.56391E-2 1.72011E-2 5.90312E-2 1.16465E-1 1.05159E-1 1.65072E-1 1.90716E-1 3.121E-1 3.1577E-1 2.18587E-1 2.28626E-1 4.12773E-1 2.67041E-1 3.86449E-1 6.08214E-1 6.79443E-1 8.23944E-1 9.61253E-1 9.65212E-1 9.19555E-1 9.16568E-1 7.31475E-1 4.11847E-1 5.07434E-1 7.32957E-1 8.59098E-1 9.51981E-1 7.88887E-1 8.62729E-1 9.12268E-1 9.8746E-1 9.45986E-1 9.92396E-1 9.99985E-1 9.8759E-1 9.89677E-1 9.87983E-1 9.58125E-1 9.85177E-1 9.4206E-1 8.79024E-1
6.00808E-4 6.68482E-4 7.12261E-4 1.37105E-3 1.58444E-3 1.69403E-3 1.45562E-3 7.35875E-4 5.29009E-4 8.68342E-4 1.31804E-3 3.0255E-3 6.71977E-3 2.77914E-2 1.64151E-2 9.82501E-3 1.50314E-2 1.85103E-2 1.24406E-2 1.04838E-2 2.13589E-2 2.06227E-2 1.26691E-2 1.99305E-2 2.72337E-2 2.25194E-2 3.38709E-2 4.20006E-2 3.30335E-2 4.84111E-2 7.68179E-2 9.02442E-2 1.53092E-1 1.62837E-1 2.70333E-1 3.78899E-1 3.31781E-1 2.32929E-1 3.96199E-1 3.99796E-1 4.80952E-1 6.07333E-1 6.74708E-1 8.62395E-1 9.58373E-1 9.43097E-1 9.90104E-1 9.91025E-1 7.35343E-1 3.86853E-1 7.19061E-1 8.54042E-1 8.50502E-1 8.21842E-1 8.25815E-1 8.76809E-1 9.1016E-1 9.84254E-1 9.82194E-1 9.98277E-1 9.99723E-1 9.84163E-1 9.65164E-1 9.7819E-1 9.95457E-1 9.93581E-1 9.86213E-1 9.72153E-1
8.92458E-4 1.90666E-3 1.64203E-3 2.34365E-3 1.17669E-3 9.77162E-4 4.50934E-4 3.28961E-4 6.63759E-4 1.34406E-3 1.22224E-3 3.82047E-3 5.59239E-3 2.30304E-2 4.36076E-2 5.10579E-2 1.51693E-2 1.03848E-2 1.26653E-2 1.09924E-2 1.67253E-2 2.58953E-2 2.56302E-2 3.09547E-2 2.56114E-2 1.79592E-2 1.95558E-2 2.41804E-2 4.12407E-2 3.89429E-2 7.43199E-2 1.04613E-1 1.78292E-1 1.80024E-1 3.36689E-1 3.46218E-1 4.30052E-1 4.1386E-1 4.91452E-1 6.61303E-1 6.47543E-1 7.27462E-1 9.72285E-1 9.70337E-1 9.81807E-1 9.44877E-1 9.42567E-1 9.9198E-1 7.91598E-1 4.98861E-1 6.22608E-1 7.53352E-1 7.54249E-1 8.65391E-1 9.24533E-1 9.37392E-1 9.58996E-1 9.99762E-1 9.99968E-1 9.99926E-1 9.99412E-1 9.97095E-1 9.80569E-1 9.66642E-1 9.77906E-1 9.87518E-1 9.82948E-1 9.96537E-1
1.71982E-3 1.74605E-3 1.81695E-3 2.97983E-3 2.12565E-3 9.29874E-4 4.14719E-4 8.09412E-4 1.1675E-3 1.79493E-3 1.47832E-3 3.58138E-3 1.46428E-2 3.08128E-2 6.09224E-2 2.74944E-2 2.51864E-2 1.59649E-2 2.13611E-2 8.51635E-3 8.12157E-3 1.04749E-2 3.95471E-2 8.87431E-3 1.8184E-2 3.38434E-2 2.94401E-2 3.11808E-2 1.02615E-1 7.06521E-2 8.80745E-2 1.34468E-1 1.94791E-1 1.75021E-1 1.30423E-1 3.05188E-1 5.57889E-1 4.94988E-1 7.04653E-1 5.25894E-1 5.34235E-1 9.39785E-1 9.92225E-1 9.81895E-1 9.64766E-1 9.61032E-1 9.96464E-1 9.95756E-1 9.89127E-1 8.36236E-1 5.84166E-1 7.60001E-1 9.27924E-1 9.19042E-1 9.8932E-1 9.95112E-1 9.25596E-1 9.03382E-1 9.82837E-1 9.9595E-1 9.98901E-1 9.99844E-1 9.94684E-1 9.04672E-1 9.56127E-1 9.75964E-1 9.97507E-1 9.8308E-1
2.8591E-3 1.92011E-3 1.60895E-3 1.05308E-3 1.08613E-3 7.47852E-4 9.00162E-4 1.31688E-3 1.72017E-3 3.40772E-3 6.92443E-3 8.64319E-3 1.2422E-2 1.05478E-2 2.45529E-2 2.1707E-2 1.60752E-2 1.14831E-2 1.55374E-2 2.05983E-2 2.22652E-2 1.66141E-2 1.69914E-2 2.88179E-2 4.59991E-2 3.65708E-2 3.78126E-2 4.81372E-2 8.09182E-2 6.26994E-2 1.73506E-1 1.30833E-1 1.23587E-1 1.61363E-1 2.06659E-1 3.31838E-1 4.60416E-1 5.60355E-1 7.37525E-1 8.66703E-1 6.10349E-1 7.79913E-1 9.75935E-1 9.916E-1 9.68425E-1 9.981E-1 9.94814E-1 9.97469E-1 9.53893E-1 8.8921E-1 6.34623E-1 9.48712E-1 9.74736E-1 9.7774E-1 9.86366E-1 9.64553E-1 9.66872E-1 9.99278E-1 9.99882E-1 9.99996E-1 9.99992E-1 9.98569E-1 9.99707E-1 9.72581E-1 9.54825E-1 9.94693E-1 9.91335E-1 9.9987E-1
2.47879E-3 1.06099E-3 9.69782E-4 7.40242E-4 4.50734E-4 8.30479E-4 1.88572E-3 4.34891E-3 5.61414E-3 7.08585E-3 2.17919E-2 9.28824E-3 9.20715E-3 3.21047E-2 3.2677E-2 3.93821E-2 3.40181E-2 1.68319E-2 1.73457E-2 2.38707E-2 1.90727E-2 1.93055E-2 1.33397E-2 1.45865E-2 4.47151E-2 4.15731E-2 3.78205E-2 7.14147E-2 7.48132E-2 1.33203E-1 1.58689E-1 1.66623E-1 2.84837E-1 2.82568E-1 3.06456E-1 4.20614E-1 4.53237E-1 6.14987E-1 8.95154E-1 9.48752E-1 9.48661E-1 9.91706E-1 9.88218E-1 9.52482E-1 9.79379E-1 9.93713E-1 9.9424E-1 9.9764E-1 8.64001E-1 8.55737E-1 8.76726E-1 9.70535E-1 9.41209E-1 9.56703E-1 9.4357E-1 9.95458E-1 9.80892E-1 9.98019E-1 9.99411E-1 9.99701E-1 9.98729E-1 9.93786E-1 9.94992E-1 9.93564E-1 9.48462E-1 9.99309E-1 9.99986E-1 9.99997E-1
2.39241E-3 9.91704E-4 1.0778E-3 1.15389E-3 8.20271E-4 5.16311E-3 1.01797E-2 1.57029E-2 1.09962E-2 9.5381E-3 2.51475E-2 1.35712E-2 1.11738E-2 2.60813E-2 2.93531E-2 2.8315E-2 4.18326E-2 2.8682E-2 1.86702E-2 1.59583E-2 1.45086E-2 1.81792E-2 1.91986E-2 1.79596E-2 4.28035E-2 4.12081E-2 3.56253E-2 4.44405E-2 7.62348E-2 1.36206E-1 1.05574E-1 2.04517E-1 3.0094E-1 3.26074E-1 2.73095E-1 2.98495E-1 4.89747E-1 8.68286E-1 9.32129E-1 9.70662E-1 9.91771E-1 9.94734E-1 9.81129E-1 9.62681E-1 9.93959E-1 8.86001E-1 9.71011E-1 9.82076E-1 9.44854E-1 8.88647E-1 8.29788E-1 9.93431E-1 9.15127E-1 9.20059E-1 9.75785E-1 9.75444E-1 8.84169E-1 9.83933E-1 9.78834E-1 9.89161E-1 9.97695E-1 8.81393E-1 9.18831E-1 9.67077E-1 9.8017E-1 9.99716E-1 9.99543E-1 9.99999E-1
1.62131E-3 1.72933E-3 2.64378E-3 1.82665E-3 3.47271E-3 1.73942E-2 1.19681E-2 2.02529E-2 1.81075E-2 2.15124E-2 3.25776E-2 2.74986E-2 2.02736E-2 1.35717E-2 2.23991E-2 1.33258E-2 1.44956E-2 2.23595E-2 2.26688E-2 1.39094E-2 2.60207E-2 2.11201E-2 2.52837E-2 2.4022E-2 6.61937E-2 5.29692E-2 5.79878E-2 8.07696E-2 1.00655E-1 1.14778E-1 1.66825E-1 1.97464E-1 3.57499E-1 3.68498E-1 3.77745E-1 3.80871E-1 5.1239E-1 9.05001E-1 8.59809E-1 9.0405E-1 9.50135E-1 9.68216E-1 9.89687E-1 9.93331E-1 9.94813E-1 9.98786E-1 9.99749E-1 9.99357E-1 9.50013E-1 8.01383E-1 8.62123E-1 9.8663E-1 9.57249E-1 9.57334E-1 9.59966E-1 9.5577E-1 9.58271E-1 9.67965E-1 9.90762E-1 9.99135E-1 9.8968E-1 9.95443E-1 9.96275E-1 9.96279E-1 9.92939E-1 9.99644E-1 9.99849E-1 9.99969E-1
2.66042E-3 2.86086E-3 4.00019E-3 3.55841E-3 8.97665E-3 2.35207E-2 2.64771E-2 3.59988E-2 2.53947E-2 3.62114E-2 3.38507E-2 1.75509E-2 2.96376E-2 2.48687E-2 1.41771E-2 1.40073E-2 1.23638E-2 1.40252E-2 1.05115E-2 7.23805E-3 2.07458E-2 1.44374E-2 1.57514E-2 7.90429E-2 5.28239E-2 5.0352E-2 8.82828E-2 9.77422E-2 9.07149E-2 1.56939E-1 1.74744E-1 2.9096E-1 3.7365E-1 4.19425E-1 4.15831E-1 5.44444E-1 7.39012E-1 8.23903E-1 5.43344E-1 8.06937E-1 8.9784E-1 9.47624E-1 9.81304E-1 9.79305E-1 9.30622E-1 9.97909E-1 9.99404E-1 9.99568E-1 9.77374E-1 9.07602E-1 8.27801E-1 9.75556E-1 9.66566E-1 9.84467E-1 9.9514E-1 9.68551E-1 9.87928E-1 9.81209E-1 9.95811E-1 9.96693E-1 9.9788E-1 9.90582E-1 9.9999E-1 9.99986E-1 9.99996E-1 9.99858E-1 9.99878E-1 9.99181E-1
2.71621E-3 3.55824E-3 4.32114E-3 6.33414E-3 1.34097E-2 1.5281E-2 2.75629E-2 3.43847E-2 2.59587E-2 2.87393E-2 2.65573E-2 1.05695E-2 1.27603E-2 8.93108E-3 1.36879E-2 1.46829E-2 1.95441E-2 1.08433E-2 1.23749E-2 1.62615E-2 2.17768E-2 1.99178E-2 2.09089E-2 6.52048E-2 3.39621E-2 2.62604E-2 6.77437E-2 1.19188E-1 1.27104E-1 2.86766E-1 4.01833E-1 3.99788E-1 4.80287E-1 7.76093E-1 7.07568E-1 9.08554E-1 9.92488E-1 5.28791E-1 5.44449E-1 7.21493E-1 7.60299E-1 9.39435E-1 9.99589E-1 9.81669E-1 9.93566E-1 9.79773E-1 9.68758E-1 9.65633E-1 9.93418E-1 9.81831E-1 9.96715E-1 9.83636E-1 9.9353E-1 9.99272E-1 9.77982E-1 6.7378E-1 9.86924E-1 9.99752E-1 9.97773E-1 9.85678E-1 9.97281E-1 9.99734E-1 9.99997E-1 9.99938E-1 9.97097E-1 9.99252E-1 9.9959E-1 9.99998E-1
3.01721E-3 6.39281E-3 4.98252E-3 6.41694E-3 1.22151E-2 1.89051E-2 1.06953E-2 2.16125E-2 2.45029E-2 1.42097E-2 9.97778E-3 1.54763E-2 1.62729E-2 1.29406E-2 3.44293E-3 4.92821E-3 1.42646E-2 1.20602E-2 6.08555E-3 1.59458E-2 2.3394E-2 3.19665E-2 2.84748E-2 4.9478E-2 3.5362E-2 2.48636E-2 7.58166E-2 1.43282E-1 2.45368E-1 3.21686E-1 4.40074E-1 6.61246E-1 8.09518E-1 9.27634E-1 9.79279E-1 9.47341E-1 9.49247E-1 7.50994E-1 5.61295E-1 6.11267E-1 7.2073E-1 9.22146E-1 9.91342E-1 9.25839E-1 9.36982E-1 9.985E-1 9.98461E-1 9.9662E-1 9.98486E-1 9.9306E-1 9.94648E-1 9.91578E-1 9.87337E-1 9.98921E-1 9.99575E-1 9.7188E-1 9.8728E-1 9.9286E-1 9.98826E-1 9.99965E-1 9.99864E-1 9.99997E-1 9.9994E-1 9.99812E-1 9.99686E-1 9.9988E-1 1E0 1E0
2.2089E-3 7.74107E-3 8.97567E-3 1.08215E-2 1.34523E-2 1.90205E-2 1.76298E-2 1.59468E-2 8.7206E-3 1.19831E-2 1.42559E-2 1.81279E-2 1.3235E-2 8.03454E-3 6.16713E-3 1.14005E-2 7.42348E-3 5.82147E-3 1.4491E-2 1.93671E-2 2.17614E-2 4.86858E-2 4.05797E-2 5.84689E-2 2.03535E-2 5.48748E-2 6.65834E-2 2.26277E-1 2.44057E-1 3.09407E-1 4.87515E-1 9.07795E-1 9.77736E-1 9.85508E-1 9.7604E-1 9.28591E-1 8.14104E-1 7.5088E-1 7.66491E-1 6.81607E-1 7.60832E-1 7.76578E-1 9.72525E-1 9.96952E-1 9.97394E-1 9.42952E-1 9.4095E-1 9.45479E-1 9.99337E-1 9.88931E-1 9.89987E-1 9.84043E-1 9.98982E-1 9.97201E-1 9.9617E-1 9.99534E-1 9.98823E-1 9.99078E-1 9.99854E-1 9.99851E-1 9.99952E-1 9.99885E-1 9.99627E-1 9.9978E-1 9.99023E-1 9.9904E-1 9.99903E-1 9.99988E-1
2.3663E-3 5.48586E-3 1.20752E-2 1.36422E-2 1.86681E-2 2.31608E-2 1.94958E-2 1.1395E-2 1.07476E-2 1.53372E-2 1.13818E-2 1.30941E-2 5.16363E-3 6.5332E-3 6.76489E-3 5.58488E-3 6.20625E-3 1.13952E-2 1.17431E-2 2.07844E-2 1.91867E-2 3.04757E-2 2.85808E-2 2.84198E-2 3.27743E-2 6.62013E-2 1.6147E-1 2.08243E-1 2.35458E-1 2.75002E-1 4.33374E-1 7.51067E-1 9.70599E-1 9.72857E-1 7.41935E-1 8.40709E-1 8.1188E-1 7.47628E-1 9.28712E-1 8.41731E-1 9.14048E-1 9.17726E-1 9.66376E-1 9.71224E-1 9.99387E-1 9.99785E-1 9.86063E-1 9.89982E-1 9.99054E-1 9.98478E-1 9.93599E-1 9.11794E-1 9.95914E-1 9.95057E-1 9.97041E-1 9.99615E-1 9.9969E-1 9.9987E-1 9.99898E-1 9.90433E-1 9.77952E-1 9.99546E-1 9.99939E-1 9.99998E-1 9.99368E-1 9.99727E-1 9.81591E-1 9.87798E-1
4.19297E-3 8.79897E-3 8.34159E-3 1.52585E-2 1.90708E-2 1.64318E-2 9.65752E-3 9.30882E-3 1.57693E-2 1.38979E-2 1.12465E-2 6.69864E-3 8.27256E-3 4.03279E-3 3.77927E-3 6.46232E-3 6.02744E-3 1.04032E-2 1.3456E-2 2.14748E-2 1.79712E-2 2.24455E-2 2.00001E-2 3.18738E-2 3.29208E-2 5.19266E-2 1.25416E-1 2.61923E-1 2.58064E-1 2.64901E-1 5.14065E-1 6.28202E-1 8.21801E-1 7.88712E-1 6.90677E-1 7.48484E-1 8.17637E-1 7.89594E-1 9.25787E-1 9.00201E-1 9.46596E-1 9.91056E-1 9.90464E-1 9.89268E-1 9.9033E-1 9.96832E-1 9.96902E-1 9.91958E-1 9.97057E-1 9.99533E-1 9.80853E-1 9.8271E-1 9.8629E-1 9.97953E-1 9.94132E-1 9.99808E-1 9.99996E-1 9.99981E-1 9.99864E-1 9.97571E-1 9.99577E-1 9.98133E-1 9.99938E-1 9.99987E-1 9.99979E-1 9.98444E-1 9.98557E-1 9.99585E-1
