ENM/Final_Models/M_2_F_q_Set_1_E/Gustavia_santanderiensis_7_Choco.asc
ncols         367
nrows         963
xllcorner     -78.6
yllcorner     0.65
cellsize      0.00833333333333323
NODATA_value  -9999
[rows 792 to 824 of 963, columns 74 to 147 of 367]
1E0 1E0 1E0 1E0 1E0 1E0 1E0 1E0 1E0 1E0 1E0 1E0 1E0 1E0 1E0 1E0 1E0 1E0 1E0 1E0 1E0 1E0 1E0 1E0 1E0 1E0 1E0 1E0 9.99966E-1 9.98908E-1 9.95813E-1 9.91907E-1 9.98411E-1 9.4453E-1 9.61487E-1 8.38566E-1 5.45508E-1 3.34515E-1 3.10336E-1 2.22374E-1 2.98391E-1 1.64749E-1 2.54088E-1 1.96443E-1 8.99038E-2 4.17073E-1 9.46745E-1 8.99821E-1 8.24726E-1 7.95307E-1 8.65835E-1 3.61785E-1 1.12189E-1 1.42716E-1 1.12358E-1 3.4657E-2 1.10976E-2 9.56794E-3 1.65603E-2 1.13251E-2 1.40001E-2 7.4127E-3 1.80537E-3 5.49536E-4 2.74263E-4 9.87352E-5 4.38552E-5 5.48434E-5 3.34003E-5 1.52878E-5 9.40582E-6 8.35534E-6 1.55738E-5 8.50083E-6
1E0 1E0 1E0 1E0 1E0 1E0 1E0 1E0 1E0 1E0 1E0 1E0 1E0 1E0 1E0 1E0 1E0 1E0 1E0 1E0 1E0 1E0 1E0 1E0 1E0 1E0 1E0 9.99899E-1 9.99861E-1 9.99716E-1 9.98325E-1 9.85225E-1 9.95853E-1 9.7156E-1 8.60403E-1 9.42067E-1 8.58062E-1 7.27971E-1 4.97834E-1 5.75439E-2 1.19772E-1 4.35218E-1 6.13259E-1 6.49362E-1 2.33667E-1 2.55901E-1 7.9974E-1 9.78669E-1 7.30356E-1 6.1485E-1 7.90706E-1 3.96689E-1 7.97403E-2 7.90682E-2 4.572E-2 7.52037E-3 2.17005E-3 3.3946E-3 1.13836E-2 1.35939E-2 4.05679E-3 1.83549E-3 2.23392E-3 8.12214E-4 3.00725E-4 3.55888E-5 3.37744E-5 7.13375E-5 3.6647E-5 1.33069E-4 1.01249E-4 2.44591E-5 1.95077E-5 5.55098E-5
1E0 1E0 1E0 1E0 1E0 1E0 1E0 1E0 1E0 9.99999E-1 1E0 1E0 1E0 9.99995E-1 1E0 1E0 1E0 1E0 1E0 1E0 1E0 1E0 1E0 1E0 1E0 1E0 9.99985E-1 9.99987E-1 9.99892E-1 9.99964E-1 9.99182E-1 9.99633E-1 9.99615E-1 9.57597E-1 8.62882E-1 6.93856E-1 6.68384E-1 6.36977E-1 4.65827E-1 7.90373E-2 1.721E-1 5.98312E-1 6.81087E-1 7.68441E-1 3.67377E-1 1.29477E-1 4.27787E-1 8.93644E-1 3.99699E-1 2.52631E-1 5.45172E-1 2.22609E-1 5.58303E-2 2.05187E-2 1.98608E-2 1.58096E-2 1.31498E-3 4.03304E-3 3.21023E-3 4.91218E-3 3.01393E-3 5.47864E-3 1.172E-2 1.82582E-3 4.89436E-4 4.90495E-5 8.73599E-5 5.52682E-4 1.77998E-4 9.67286E-4 1.73193E-4 1.22033E-4 1.8678E-4 1.62407E-4
1E0 1E0 1E0 1E0 1E0 1E0 1E0 1E0 1E0 1E0 1E0 1E0 9.99999E-1 1E0 1E0 1E0 1E0 1E0 1E0 1E0 1E0 1E0 1E0 1E0 1E0 1E0 9.99941E-1 9.99563E-1 9.99938E-1 1E0 9.99998E-1 9.99779E-1 9.97236E-1 9.97591E-1 9.4969E-1 8.47226E-1 5.6347E-1 6.5819E-1 5.45489E-1 1.68922E-1 5.25384E-1 8.45226E-1 9.40953E-1 9.37177E-1 2.65769E-1 1.69168E-1 6.08817E-1 9.10538E-1 6.53814E-1 2.2833E-1 2.44908E-1 3.3556E-1 7.48172E-2 1.30041E-2 6.90317E-3 8.10172E-3 2.9621E-3 4.72878E-3 1.16738E-2 3.02907E-2 3.01595E-2 6.39656E-2 4.04607E-2 1.71151E-2 4.28738E-2 5.47168E-4 3.75619E-4 2.65943E-3 1.51334E-3 1.93289E-3 1.75737E-3 8.9739E-4 5.15966E-4 6.04445E-5
1E0 1E0 1E0 1E0 1E0 1E0 9.99999E-1 9.99999E-1 1E0 9.99999E-1 1E0 1E0 1E0 1E0 1E0 1E0 1E0 1E0 1E0 9.99999E-1 1E0 1E0 1E0 1E0 1E0 9.99922E-1 9.89551E-1 9.96803E-1 9.99998E-1 9.99948E-1 9.99775E-1 9.93299E-1 9.82451E-1 9.7827E-1 9.75809E-1 7.08585E-1 3.3759E-1 4.59762E-1 3.23437E-1 1.16142E-1 5.70521E-1 8.27859E-1 6.50909E-1 4.54845E-1 7.72141E-1 4.37508E-1 4.16466E-1 7.84061E-1 4.77386E-1 2.38716E-1 3.87493E-1 3.04785E-1 1.05008E-1 2.2352E-2 9.41297E-3 7.45546E-3 7.55193E-3 1.49256E-2 4.44276E-2 1.41078E-2 1.47492E-2 2.2566E-2 1.1088E-2 4.95789E-3 2.49698E-2 2.90991E-3 4.59081E-3 1.09803E-2 5.85396E-3 3.52585E-3 8.92131E-4 2.8459E-4 6.80178E-5 1.42159E-5
9.99999E-1 1E0 1E0 9.99999E-1 1E0 9.99999E-1 1E0 1E0 1E0 1E0 1E0 1E0 1E0 1E0 1E0 1E0 1E0 1E0 1E0 1E0 1E0 1E0 1E0 1E0 9.99999E-1 9.9326E-1 9.99015E-1 9.99856E-1 9.99998E-1 9.99797E-1 9.92311E-1 9.69192E-1 9.56162E-1 9.71568E-1 9.39627E-1 8.24056E-1 6.4262E-1 5.53372E-1 3.97115E-1 1.25064E-1 3.61733E-1 4.21208E-1 3.12172E-1 5.01086E-1 7.07727E-1 5.16224E-1 2.8229E-1 5.81472E-1 7.87449E-1 7.07632E-1 6.46203E-1 4.37013E-1 2.13907E-1 8.35978E-2 1.73463E-2 1.78338E-2 2.09816E-2 3.25371E-2 4.96729E-2 4.13322E-2 1.95617E-2 2.47044E-2 1.68921E-2 1.40773E-2 7.90061E-3 1.15413E-2 2.35676E-2 2.69816E-2 9.55769E-3 5.00072E-3 2.02445E-3 7.51266E-5 8.68871E-6 2.3379E-6
1E0 1E0 1E0 9.99999E-1 9.99999E-1 9.99999E-1 1E0 1E0 1E0 1E0 1E0 1E0 1E0 1E0 1E0 1E0 1E0 1E0 1E0 1E0 1E0 1E0 1E0 1E0 9.9998E-1 9.79508E-1 9.99509E-1 9.99977E-1 9.9999E-1 9.99959E-1 9.88442E-1 9.67435E-1 9.47296E-1 8.94704E-1 8.34138E-1 8.31886E-1 6.21379E-1 5.3363E-1 3.53523E-1 9.88747E-2 2.78518E-1 3.03109E-1 2.58004E-1 7.23662E-1 9.30009E-1 4.47078E-1 3.91316E-1 6.96122E-1 7.53905E-1 7.94733E-1 6.16309E-1 6.00962E-1 3.23916E-1 1.597E-1 3.86392E-2 1.64785E-2 3.41452E-2 5.9496E-2 1.12572E-1 1.21416E-1 1.24464E-1 6.29698E-2 3.43947E-2 3.85825E-2 3.1897E-2 1.7049E-2 4.88222E-3 1.3386E-3 4.07685E-4 1.31527E-4 1.06038E-4 2.84539E-5 1.00831E-5 4.17924E-6
1E0 1E0 1E0 1E0 9.99996E-1 9.99998E-1 9.99994E-1 1E0 1E0 1E0 1E0 1E0 9.99991E-1 9.99973E-1 1E0 1E0 1E0 1E0 1E0 1E0 1E0 1E0 1E0 9.99995E-1 9.98549E-1 9.88748E-1 9.99493E-1 9.99995E-1 9.99906E-1 9.99853E-1 9.99236E-1 9.97949E-1 9.84498E-1 8.52511E-1 8.1424E-1 7.47109E-1 5.64754E-1 3.77299E-1 1.84068E-1 2.30329E-1 4.42245E-1 3.05898E-1 1.75429E-1 4.17869E-1 7.8519E-1 6.76546E-1 2.00799E-1 5.79518E-1 6.05448E-1 6.62378E-1 5.43338E-1 4.91432E-1 5.93408E-1 1.83213E-1 1.62273E-1 9.20671E-2 9.42949E-2 1.89069E-1 1.0668E-1 1.85843E-1 1.70377E-1 1.01455E-1 3.98252E-2 4.8917E-2 3.26467E-2 9.69182E-3 1.24125E-3 2.68955E-4 6.13773E-5 2.7781E-5 4.81335E-6 5.1244E-6 8.29484E-6 5.49263E-6
1E0 1E0 1E0 9.99999E-1 1E0 9.99989E-1 9.99964E-1 1E0 1E0 1E0 1E0 9.99986E-1 9.99413E-1 9.99986E-1 9.99999E-1 1E0 1E0 1E0 1E0 1E0 1E0 1E0 9.99997E-1 9.99469E-1 9.78388E-1 9.67073E-1 9.97998E-1 9.99826E-1 9.97523E-1 9.996E-1 9.85984E-1 9.93885E-1 9.82044E-1 7.79877E-1 6.75151E-1 7.43548E-1 6.86278E-1 4.64666E-1 3.12632E-1 3.4288E-1 6.89987E-1 1.98495E-1 7.79869E-2 4.05167E-1 8.92032E-1 9.66062E-1 3.05515E-1 1.26727E-1 5.40032E-1 6.76276E-1 6.05784E-1 5.95053E-1 4.70501E-1 3.52021E-1 1.86637E-1 2.36919E-1 2.66562E-1 3.7506E-1 9.70885E-2 1.30123E-1 4.91001E-2 7.618E-2 1.32358E-1 9.43754E-2 3.25561E-2 2.78905E-2 1.69802E-3 1.03589E-3 1.5961E-4 2.28277E-5 6.7582E-6 4.1573E-6 7.62495E-6 5.06546E-6
1E0 1E0 9.99997E-1 1E0 9.99984E-1 1E0 9.99999E-1 1E0 1E0 1E0 1E0 1E0 1E0 1E0 1E0 1E0 1E0 9.99993E-1 9.99999E-1 9.99985E-1 1E0 9.99979E-1 9.99968E-1 9.94322E-1 9.11615E-1 9.15667E-1 9.97338E-1 9.94249E-1 9.92648E-1 9.97758E-1 9.87556E-1 9.90917E-1 9.69341E-1 7.01096E-1 6.11145E-1 5.73527E-1 5.99445E-1 3.49666E-1 5.15627E-1 7.7537E-1 7.68158E-1 4.83281E-1 9.27356E-2 2.33191E-1 6.95962E-1 6.51736E-1 2.02921E-1 2.89303E-1 4.38959E-1 5.40003E-1 6.59191E-1 4.51975E-1 4.28359E-1 4.80637E-1 4.73693E-1 3.3751E-1 1.75606E-1 1.54003E-1 7.24747E-2 1.95186E-1 7.57221E-2 4.66771E-2 5.71001E-2 1.14328E-1 8.5191E-3 2.84199E-3 2.7272E-4 2.01835E-4 6.49093E-5 1.9235E-5 5.88092E-6 2.57079E-6 3.64499E-6 3.34817E-6
9.99999E-1 9.99999E-1 1E0 9.99996E-1 9.99968E-1 9.99969E-1 9.99959E-1 1E0 1E0 1E0 9.99999E-1 1E0 1E0 1E0 1E0 9.99998E-1 1E0 1E0 9.99998E-1 1E0 1E0 1E0 9.99924E-1 9.90889E-1 8.94529E-1 9.0356E-1 9.74606E-1 9.70693E-1 9.47948E-1 9.98906E-1 9.94753E-1 9.77119E-1 9.5303E-1 7.5146E-1 6.10599E-1 4.03751E-1 2.60201E-1 3.1614E-1 7.15185E-1 8.15425E-1 8.06711E-1 6.24314E-1 1.76072E-1 3.62816E-1 7.92298E-1 8.99578E-1 3.59483E-1 2.87502E-1 4.58564E-1 4.64989E-1 6.47904E-1 2.82247E-1 4.56362E-1 4.5771E-1 4.1624E-1 2.04534E-1 9.85633E-2 6.69019E-2 5.79519E-2 3.72108E-2 3.78892E-2 1.24577E-2 1.01267E-2 1.52834E-2 4.56684E-3 4.39875E-4 1.30576E-4 4.04668E-5 2.30214E-5 6.48075E-6 1.69266E-6 5.05428E-6 9.06265E-6 1.20533E-5
1E0 9.99999E-1 9.99998E-1 9.99999E-1 1E0 1E0 9.99999E-1 9.99851E-1 9.99867E-1 9.99999E-1 9.99981E-1 9.99998E-1 1E0 9.99996E-1 9.99972E-1 9.99995E-1 1E0 9.99997E-1 9.99997E-1 1E0 1E0 9.99999E-1 9.99905E-1 9.91369E-1 9.06164E-1 9.45278E-1 9.53155E-1 9.20079E-1 8.97666E-1 9.98103E-1 9.96455E-1 9.94775E-1 9.64803E-1 8.95409E-1 7.05447E-1 1.94612E-1 2.02445E-1 5.8118E-1 7.55513E-1 8.18701E-1 7.87549E-1 4.7815E-1 2.68801E-1 6.3146E-1 9.11339E-1 9.05866E-1 2.76289E-1 4.33231E-1 4.34555E-1 4.74301E-1 4.36278E-1 1.20909E-1 1.91707E-1 3.08094E-1 2.90569E-1 1.89505E-1 4.66921E-2 3.05276E-2 2.58043E-2 2.47771E-2 7.2651E-3 2.12022E-3 2.7737E-3 2.17362E-3 4.95364E-4 4.04053E-4 3.30332E-4 2.76614E-4 2.48134E-5 1.89171E-6 1.20019E-6 9.54696E-6 1.01856E-4 4.84392E-5
1E0 1E0 9.99988E-1 9.99989E-1 9.99763E-1 9.99885E-1 9.99746E-1 9.98405E-1 9.99676E-1 9.99949E-1 9.99998E-1 1E0 1E0 9.99995E-1 1E0 1E0 1E0 1E0 1E0 1E0 9.99981E-1 9.98382E-1 9.99972E-1 9.98636E-1 9.79724E-1 9.6884E-1 9.90777E-1 9.84061E-1 9.59187E-1 9.92209E-1 9.67965E-1 9.9315E-1 9.57194E-1 9.25785E-1 7.84309E-1 3.7773E-1 3.91855E-1 7.57831E-1 8.86962E-1 9.59786E-1 8.80883E-1 5.15503E-1 2.26097E-1 6.04241E-1 9.70157E-1 6.26688E-1 3.77989E-1 5.58042E-1 2.8513E-1 2.44098E-1 4.222E-1 1.60966E-1 1.73679E-1 1.66113E-1 1.79876E-1 9.75486E-2 4.73679E-2 2.51335E-2 8.43761E-3 4.06738E-3 4.69903E-3 1.26075E-3 1.41333E-3 1.01795E-3 1.24855E-3 1.90167E-3 5.95717E-4 7.25476E-5 4.09222E-5 3.67426E-6 1.41011E-6 3.47753E-5 3.67605E-4 8.36346E-5
1E0 9.99925E-1 9.99976E-1 9.99972E-1 1E0 9.99999E-1 9.99811E-1 9.9927E-1 9.98128E-1 1E0 9.99991E-1 9.99985E-1 9.99995E-1 9.99996E-1 9.99995E-1 9.99999E-1 9.99995E-1 1E0 1E0 9.99998E-1 9.99099E-1 9.68096E-1 9.89762E-1 9.99493E-1 9.98218E-1 9.81377E-1 9.99259E-1 9.94843E-1 9.69669E-1 9.67793E-1 9.29238E-1 9.33255E-1 9.72357E-1 9.33208E-1 8.89003E-1 7.02867E-1 5.25433E-1 7.72979E-1 9.60131E-1 9.89115E-1 8.94154E-1 7.63834E-1 3.27133E-1 6.6624E-1 9.27469E-1 6.57472E-1 5.11009E-1 3.55505E-1 4.12794E-1 3.8928E-1 3.34147E-1 2.49339E-1 2.58715E-1 1.96081E-1 2.08917E-1 1.54314E-1 1.09396E-1 2.15721E-2 3.12875E-3 9.12714E-4 2.03953E-3 2.14308E-3 1.79027E-3 4.97119E-3 5.40019E-3 2.11838E-3 9.4406E-4 8.03864E-5 1.1013E-4 1.11264E-5 4.23904E-6 1.4651E-4 3.66738E-4 7.93092E-5
9.99999E-1 9.99971E-1 9.99836E-1 9.99829E-1 9.99983E-1 1E0 9.99998E-1 9.99492E-1 9.99598E-1 9.99993E-1 9.99997E-1 9.99999E-1 9.99998E-1 1E0 1E0 9.99995E-1 1E0 1E0 9.99994E-1 9.99663E-1 9.89563E-1 9.60221E-1 9.73906E-1 9.78736E-1 9.80398E-1 9.93586E-1 9.95148E-1 9.96027E-1 9.95416E-1 9.90078E-1 9.14786E-1 7.79472E-1 8.87964E-1 9.53961E-1 8.2695E-1 6.44307E-1 4.52481E-1 6.72606E-1 8.9015E-1 9.90766E-1 9.67542E-1 9.60779E-1 5.84799E-1 3.1814E-1 6.66578E-1 9.80758E-1 4.28439E-1 2.72213E-1 3.19819E-1 2.69648E-1 2.3371E-1 3.70977E-1 2.6804E-1 1.12407E-1 4.33084E-2 6.98669E-2 3.29687E-2 1.81979E-2 3.82045E-3 4.12827E-3 7.1884E-3 8.04537E-3 1.29596E-2 1.50577E-2 9.17272E-3 1.84386E-3 8.23686E-4 3.44638E-4 1.13948E-4 2.94627E-5 3.46892E-5 3.3086E-4 6.06503E-4 4.4941E-5
1E0 9.99945E-1 9.99999E-1 9.99899E-1 9.99617E-1 9.99982E-1 9.99696E-1 9.99895E-1 9.99991E-1 1E0 1E0 1E0 1E0 9.99999E-1 9.99999E-1 9.9999E-1 9.99997E-1 9.99989E-1 9.99686E-1 9.83586E-1 9.00472E-1 9.05013E-1 7.64383E-1 8.38946E-1 9.49407E-1 9.83534E-1 9.991E-1 9.97446E-1 9.77987E-1 9.36026E-1 8.79998E-1 6.91351E-1 7.45964E-1 8.59978E-1 8.24451E-1 4.25967E-1 2.05432E-1 2.51695E-1 8.84834E-1 9.9709E-1 9.98979E-1 8.62436E-1 2.45534E-1 2.22766E-1 7.17402E-1 9.7166E-1 9.25586E-1 2.4935E-1 8.55524E-2 8.29349E-2 1.19761E-1 2.31535E-1 1.81699E-1 7.55785E-2 4.40121E-2 3.03232E-2 1.4982E-2 8.70364E-3 5.89648E-3 6.40102E-3 8.33233E-3 6.6579E-3 2.55445E-2 9.98064E-3 2.03208E-3 4.5665E-4 1.09252E-4 6.91316E-5 2.09853E-5 2.22904E-5 2.25159E-4 8.34173E-4 1.1182E-3 7.60828E-4
9.99996E-1 9.99704E-1 9.9981E-1 9.99968E-1 9.98936E-1 9.98964E-1 9.99999E-1 9.93542E-1 1E0 1E0 1E0 1E0 1E0 1E0 9.99928E-1 9.99925E-1 1E0 9.99721E-1 9.96663E-1 9.76334E-1 8.38095E-1 7.67222E-1 6.71418E-1 7.34863E-1 9.43286E-1 9.96149E-1 9.97832E-1 9.98797E-1 9.43864E-1 9.08977E-1 8.94355E-1 6.75045E-1 6.63966E-1 7.11604E-1 7.34071E-1 2.24937E-1 1.45433E-1 2.58439E-1 7.88843E-1 9.842E-1 9.97844E-1 7.54406E-1 1.46898E-1 1.53801E-1 8.83163E-1 8.702E-1 8.90848E-1 5.31768E-1 2.18408E-1 3.09926E-1 4.09768E-1 1.60023E-1 2.73904E-1 1.15449E-1 6.65847E-2 3.93232E-2 2.04051E-2 3.68526E-3 5.30274E-3 1.0937E-2 8.0555E-3 6.47588E-3 1.41191E-2 4.91272E-3 2.34509E-3 3.08915E-4 3.55445E-4 8.12935E-5 2.70801E-5 1.42716E-5 1.11051E-4 2.23391E-3 2.48657E-3 1.95298E-3
9.99998E-1 9.99997E-1 9.99917E-1 9.99536E-1 9.99903E-1 9.99931E-1 9.9955E-1 9.9992E-1 1E0 1E0 1E0 1E0 1E0 9.99995E-1 9.99993E-1 9.99754E-1 9.99954E-1 9.99189E-1 9.83529E-1 9.73863E-1 7.58722E-1 7.39105E-1 6.317E-1 8.73694E-1 9.59431E-1 9.8199E-1 9.97154E-1 9.96083E-1 9.00489E-1 9.23751E-1 8.78159E-1 8.8826E-1 7.85804E-1 7.69091E-1 7.10452E-1 3.18791E-1 2.84224E-1 5.53076E-1 6.31949E-1 9.12478E-1 8.50057E-1 6.90673E-1 2.56951E-1 5.49273E-1 8.20454E-1 8.78015E-1 5.1545E-1 5.77834E-1 6.01401E-1 9.24938E-1 4.03531E-1 1.57865E-1 2.22223E-1 1.25598E-1 4.36553E-2 3.70864E-2 2.03272E-2 5.29438E-3 4.79744E-3 1.08772E-2 1.36706E-2 8.02215E-3 8.6939E-3 5.52312E-3 7.73781E-3 2.07088E-3 1.13517E-3 5.07096E-5 1.0922E-5 2.98547E-5 1.05398E-4 1.50382E-3 3.88543E-3 2.14216E-3
9.99999E-1 1E0 9.99998E-1 1E0 1E0 1E0 1E0 1E0 1E0 1E0 1E0 1E0 1E0 1E0 1E0 9.9998E-1 9.99951E-1 9.89281E-1 9.84098E-1 9.43125E-1 6.97275E-1 5.47373E-1 5.89083E-1 8.93305E-1 9.84906E-1 9.8938E-1 9.98525E-1 9.95521E-1 9.69769E-1 9.91512E-1 8.85514E-1 6.49949E-1 7.26451E-1 4.89879E-1 5.32775E-1 5.19012E-1 4.79197E-1 4.67862E-1 9.01037E-1 7.5214E-1 6.88495E-1 3.61299E-1 5.90027E-1 7.83139E-1 8.74714E-1 7.41483E-1 5.94756E-1 5.06825E-1 6.96524E-1 9.8225E-1 4.15179E-1 2.30095E-1 1.22768E-1 1.33587E-1 7.39021E-2 3.14692E-2 2.03148E-2 4.94825E-3 1.25757E-2 2.17267E-2 2.69865E-2 2.32693E-2 7.82321E-3 3.42832E-3 1.67264E-3 4.75177E-4 2.99889E-5 1.21987E-5 6.85135E-6 2.47703E-5 3.75814E-4 3.95012E-3 3.24915E-3 8.70543E-4
9.99998E-1 1E0 9.99998E-1 9.99971E-1 1E0 1E0 1E0 1E0 1E0 1E0 1E0 1E0 9.99999E-1 9.99986E-1 9.99998E-1 9.9999E-1 9.9907E-1 9.38535E-1 8.60622E-1 8.84054E-1 6.3714E-1 6.79664E-1 8.81633E-1 9.48413E-1 9.98175E-1 9.99652E-1 9.99979E-1 9.99994E-1 9.99802E-1 9.98807E-1 9.46222E-1 8.62247E-1 9.78032E-1 9.09118E-1 7.75271E-1 8.94422E-1 3.64273E-1 5.08728E-1 8.33593E-1 6.24362E-1 3.40904E-1 1.23883E-1 3.17101E-1 4.54065E-1 5.12952E-1 5.16105E-1 4.3979E-1 3.80774E-1 6.68273E-1 9.1233E-1 5.75648E-1 1.46662E-1 1.13361E-1 6.52233E-2 2.92122E-2 1.11054E-2 9.08592E-3 5.08093E-3 1.93554E-2 2.70253E-2 5.96619E-2 1.94262E-2 1.18377E-2 2.77687E-3 8.30161E-4 1.13257E-4 1.39111E-5 3.82754E-6 6.53985E-6 2.42812E-5 7.32969E-4 6.22982E-3 2.84054E-3 7.36298E-4
9.99999E-1 1E0 1E0 9.99971E-1 9.99999E-1 1E0 1E0 1E0 9.99999E-1 1E0 1E0 1E0 1E0 9.99669E-1 9.99897E-1 9.99663E-1 9.69871E-1 8.85073E-1 7.64488E-1 7.14574E-1 7.77484E-1 9.49547E-1 9.78577E-1 9.98595E-1 9.99774E-1 1E0 1E0 9.96333E-1 9.99932E-1 9.99119E-1 9.95469E-1 7.89704E-1 8.8866E-1 7.37481E-1 8.76968E-1 6.96142E-1 6.70464E-1 6.93145E-1 8.22206E-1 8.22942E-1 3.40037E-1 1.95287E-1 1.4037E-1 1.30995E-1 9.46572E-2 8.73731E-2 3.75748E-1 2.52096E-1 2.84976E-1 5.07713E-1 3.49471E-1 1.27253E-1 1.09648E-1 6.23205E-2 3.02229E-2 1.00228E-2 3.80529E-3 3.20462E-3 9.15035E-3 2.20554E-2 8.63151E-2 2.47331E-2 9.35374E-3 7.2739E-3 2.54864E-3 8.23147E-4 2.13122E-5 3.59767E-6 2.3227E-5 3.31397E-5 9.71607E-4 5.93587E-3 2.39148E-3 6.26774E-4
9.99997E-1 1E0 9.99987E-1 9.99999E-1 9.99989E-1 9.99937E-1 9.99962E-1 1E0 9.99996E-1 1E0 1E0 1E0 1E0 9.99839E-1 9.99974E-1 9.99589E-1 9.91635E-1 8.97745E-1 7.93826E-1 7.21124E-1 7.59461E-1 9.8665E-1 9.97103E-1 9.99999E-1 1E0 1E0 9.92073E-1 9.98723E-1 9.43478E-1 8.43495E-1 9.01719E-1 5.66577E-1 7.49424E-1 6.91551E-1 3.9785E-1 7.95962E-1 7.24452E-1 3.49848E-1 4.53756E-1 6.36193E-1 7.69258E-1 7.76466E-1 4.06945E-1 2.59455E-1 1.28434E-1 1.36308E-1 2.26252E-1 5.1905E-1 5.99697E-1 7.37202E-1 2.52493E-1 1.00433E-1 1.60446E-1 3.73306E-2 1.06159E-1 1.11386E-1 7.28634E-2 2.49677E-2 3.26266E-2 7.44247E-2 8.07089E-2 1.97151E-2 8.71145E-3 1.20777E-2 7.27405E-3 1.50519E-3 5.66255E-5 3.8318E-6 7.01979E-6 7.18661E-5 1.54407E-3 8.18405E-3 2.40373E-3 3.36365E-4
1E0 1E0 9.99971E-1 9.99067E-1 9.99663E-1 9.99999E-1 1E0 1E0 1E0 1E0 1E0 1E0 1E0 9.99999E-1 9.99917E-1 9.90189E-1 9.99456E-1 9.96525E-1 9.72201E-1 9.4115E-1 9.46426E-1 9.94045E-1 1E0 9.99966E-1 9.99388E-1 9.97393E-1 9.87659E-1 9.99749E-1 9.97213E-1 3.16198E-1 4.98571E-1 9.70711E-1 9.72649E-1 8.37846E-1 2.63826E-1 7.72831E-1 6.46163E-1 3.52917E-1 3.4296E-1 3.97171E-1 5.87602E-1 9.27673E-1 7.82646E-1 5.52979E-1 1.6817E-1 4.31718E-1 4.25203E-1 5.41563E-1 6.17467E-1 4.38163E-1 1.35451E-1 9.82828E-2 2.36855E-1 1.95572E-1 1.46933E-1 9.06011E-2 6.2392E-2 3.78977E-2 6.36244E-2 6.2415E-2 8.49892E-2 4.80308E-2 2.46347E-2 4.72203E-3 1.1559E-3 8.32474E-4 1.43397E-3 7.85688E-4 4.37857E-4 6.66287E-4 3.17309E-3 3.83056E-3 2.03381E-3 1.52043E-4
9.98943E-1 9.99538E-1 9.99989E-1 9.99998E-1 9.99258E-1 9.99997E-1 1E0 1E0 1E0 1E0 1E0 1E0 9.99997E-1 1E0 1E0 9.99902E-1 9.51549E-1 9.31442E-1 9.56612E-1 9.49394E-1 9.94925E-1 9.98491E-1 9.99935E-1 9.99759E-1 9.98397E-1 9.99861E-1 9.97765E-1 9.99488E-1 9.79789E-1 9.52833E-1 5.9096E-1 4.07179E-1 8.48597E-1 9.70609E-1 7.81518E-1 7.46929E-1 8.29766E-1 5.89487E-1 4.90858E-1 1.86569E-1 2.27865E-1 5.72237E-1 7.90143E-1 9.09204E-1 8.28633E-1 8.44907E-1 9.0425E-1 8.96915E-1 7.42787E-1 3.29636E-1 8.1918E-2 1.08137E-1 2.53041E-1 4.27736E-1 3.9556E-1 2.49616E-1 7.22185E-2 2.30506E-2 3.37912E-2 7.59625E-2 2.82033E-2 1.46976E-1 5.54262E-2 2.31153E-2 8.10708E-3 6.46336E-3 3.72997E-3 5.85687E-3 3.39598E-3 1.77756E-3 6.68973E-3 4.99216E-3 1.57313E-3 1.55134E-3
9.97227E-1 9.9999E-1 9.99989E-1 9.99997E-1 9.99995E-1 9.99947E-1 9.99948E-1 9.9998E-1 1E0 1E0 1E0 9.99967E-1 9.99864E-1 1E0 1E0 1E0 9.99954E-1 9.95921E-1 9.8359E-1 9.96513E-1 9.99999E-1 1E0 9.99972E-1 9.63569E-1 9.96744E-1 9.95011E-1 9.99404E-1 9.99894E-1 9.51323E-1 8.15306E-1 6.4076E-1 5.59283E-1 4.92474E-1 9.85727E-1 8.10808E-1 7.0605E-1 9.3594E-1 9.33682E-1 6.06357E-1 2.52437E-1 -9999 -9999 -9999 -9999 9.13157E-1 9.3629E-1 6.64043E-1 -9999 -9999 -9999 -9999 3.20475E-1 3.96908E-1 1.25785E-1 1.08932E-1 1.63177E-1 6.40343E-2 5.17566E-2 3.90549E-2 1.04258E-1 1.00747E-1 1.554E-1 6.84547E-2 2.28783E-2 1.40302E-2 5.63156E-2 2.46742E-2 1.66155E-2 1.23472E-2 3.80759E-3 5.07713E-3 4.17753E-3 4.37387E-3 3.45852E-3
9.99887E-1 9.9996E-1 9.99994E-1 9.99973E-1 9.99922E-1 9.99996E-1 9.99812E-1 9.9997E-1 9.99997E-1 9.99999E-1 9.99853E-1 9.99984E-1 9.99067E-1 9.99614E-1 9.99989E-1 1E0 1E0 9.99998E-1 9.99729E-1 9.99985E-1 9.98137E-1 9.89064E-1 9.97607E-1 9.87649E-1 9.89465E-1 9.88072E-1 9.90258E-1 9.88351E-1 8.94704E-1 7.22554E-1 9.70139E-1 9.59964E-1 6.06806E-1 9.77002E-1 9.10275E-1 9.45918E-1 9.9038E-1 9.51363E-1 5.40673E-1 3.08637E-1 -9999 -9999 -9999 -9999 -9999 8.73571E-1 -9999 -9999 -9999 -9999 -9999 -9999 3.04705E-1 9.21367E-2 1.22092E-1 2.7754E-1 1.23122E-1 1.62856E-1 2.35765E-1 3.25986E-1 2.94237E-1 2.52848E-2 2.82189E-2 3.45709E-2 1.64228E-2 1.41097E-2 7.96264E-3 5.15759E-3 4.01478E-3 1.41782E-3 3.53652E-3 1.75201E-3 1.39497E-3 2.22948E-3
9.99994E-1 9.99142E-1 9.99389E-1 9.99902E-1 9.99706E-1 9.99311E-1 9.99937E-1 9.99198E-1 9.99906E-1 9.98264E-1 9.99958E-1 9.99895E-1 9.99892E-1 9.99624E-1 9.97741E-1 9.99749E-1 1E0 1E0 9.99972E-1 9.99821E-1 9.35587E-1 9.64939E-1 9.67195E-1 9.81518E-1 9.91423E-1 9.99539E-1 9.99146E-1 9.77905E-1 9.77934E-1 9.35103E-1 8.36662E-1 9.5551E-1 9.99822E-1 9.6904E-1 8.59719E-1 8.54405E-1 7.96984E-1 7.12282E-1 5.48999E-1 4.79213E-1 -9999 -9999 -9999 -9999 -9999 -9999 -9999 -9999 -9999 -9999 -9999 -9999 4.38759E-1 5.92291E-1 3.70458E-1 4.84527E-1 1.62697E-1 5.36301E-2 2.18182E-1 1.37363E-1 1.30175E-1 1.20867E-1 5.57614E-2 2.22019E-2 7.16358E-3 1.68686E-2 1.35564E-2 7.33267E-3 1.40644E-2 7.24736E-3 1.45557E-3 5.52772E-4 4.73166E-4 4.24359E-4
9.9995E-1 9.99983E-1 9.99884E-1 9.99948E-1 9.99991E-1 9.99823E-1 9.99733E-1 9.99986E-1 9.98287E-1 9.99963E-1 9.99825E-1 9.99713E-1 9.98743E-1 9.97084E-1 9.83874E-1 9.98866E-1 9.99991E-1 9.99729E-1 9.97827E-1 9.94338E-1 9.37867E-1 9.98648E-1 9.94951E-1 9.99753E-1 9.88328E-1 9.98992E-1 9.98626E-1 9.97195E-1 9.83466E-1 9.03531E-1 7.40937E-1 9.63055E-1 9.99842E-1 9.99377E-1 8.03811E-1 3.53227E-1 5.65664E-1 5.26476E-1 -9999 -9999 -9999 -9999 -9999 -9999 -9999 -9999 -9999 -9999 -9999 -9999 -9999 -9999 2.90176E-1 4.12861E-1 6.09589E-1 1.91062E-1 3.52015E-2 2.16798E-2 2.22194E-1 9.95577E-2 3.49658E-2 5.61046E-2 9.95773E-2 4.12333E-2 3.81027E-3 1.0315E-2 1.33125E-2 3.2247E-2 1.23714E-2 7.43142E-3 9.42141E-4 5.20793E-4 1.17426E-4 1.95113E-5
9.9524E-1 9.99746E-1 9.99989E-1 9.95471E-1 9.99978E-1 9.93994E-1 9.99981E-1 9.99972E-1 9.999E-1 9.99926E-1 9.99926E-1 9.99983E-1 9.99815E-1 9.9858E-1 9.78002E-1 9.9789E-1 9.99973E-1 9.99911E-1 9.98142E-1 9.94836E-1 9.81534E-1 9.94418E-1 9.92068E-1 9.8564E-1 9.99616E-1 9.91787E-1 9.57615E-1 9.98489E-1 9.95831E-1 9.70093E-1 9.61832E-1 9.77052E-1 9.76875E-1 9.96084E-1 9.15235E-1 5.14673E-1 4.68351E-1 6.70982E-1 5.25665E-1 -9999 -9999 -9999 -9999 -9999 -9999 -9999 -9999 -9999 -9999 -9999 -9999 -9999 2.27966E-1 2.58712E-1 4.97081E-1 2.0334E-1 6.5871E-2 2.6281E-2 6.11538E-2 8.88697E-2 3.16219E-2 1.4857E-2 1.19913E-2 3.21237E-2 5.16529E-3 8.27329E-4 1.46972E-2 1.09618E-2 1.84413E-2 2.73917E-2 1.91878E-3 7.46766E-4 3.2441E-4 1.65942E-5
9.99445E-1 9.99869E-1 9.99798E-1 9.9942E-1 9.99992E-1 9.96152E-1 9.99951E-1 9.99933E-1 9.99788E-1 9.99974E-1 9.99921E-1 9.99895E-1 9.99799E-1 9.99468E-1 9.9916E-1 9.91184E-1 9.98693E-1 9.96046E-1 9.97273E-1 9.99745E-1 9.9686E-1 9.917E-1 9.75928E-1 9.95471E-1 9.94264E-1 9.90997E-1 9.52967E-1 9.98359E-1 9.96605E-1 9.95729E-1 9.85479E-1 8.78984E-1 9.4832E-1 9.89665E-1 8.97949E-1 5.89775E-1 9.49924E-1 9.62827E-1 9.47636E-1 2.80549E-1 -9999 -9999 -9999 -9999 -9999 -9999 -9999 -9999 -9999 -9999 -9999 -9999 8.65747E-2 4.15006E-1 6.68686E-1 3.27633E-1 4.12505E-2 1.85387E-2 3.98159E-2 2.46885E-2 2.09657E-2 9.22767E-3 6.10885E-3 9.16068E-3 4.28272E-3 3.94968E-4 1.41349E-3 6.67798E-4 3.65369E-3 1.18509E-2 2.3893E-3 5.05962E-4 9.37111E-5 1.03121E-4
9.99984E-1 9.97334E-1 9.99282E-1 9.99557E-1 9.99956E-1 9.99977E-1 9.99928E-1 9.98512E-1 9.94686E-1 9.92222E-1 9.99889E-1 9.99442E-1 9.96989E-1 9.98034E-1 9.94589E-1 9.83925E-1 9.9304E-1 9.89607E-1 9.99578E-1 9.98977E-1 9.95591E-1 9.91892E-1 9.76822E-1 9.68632E-1 9.98464E-1 9.99812E-1 9.99751E-1 9.99289E-1 9.97724E-1 9.46719E-1 9.00116E-1 8.60658E-1 9.86403E-1 9.62532E-1 9.48197E-1 8.46931E-1 9.58178E-1 9.82285E-1 9.68536E-1 5.69879E-1 4.84929E-1 -9999 -9999 -9999 -9999 -9999 -9999 -9999 -9999 -9999 -9999 -9999 1.11343E-1 2.78589E-1 5.11653E-1 5.4778E-1 1.68691E-1 8.57388E-2 3.63433E-2 1.66951E-2 1.62033E-2 9.59069E-3 4.6418E-3 1.33006E-3 1.31952E-3 1.23417E-3 8.7333E-4 1.97361E-4 1.23104E-3 7.6162E-3 2.86631E-3 7.12827E-4 7.15866E-4 1.38094E-4
9.99993E-1 9.957E-1 9.98933E-1 9.9626E-1 9.99448E-1 9.99942E-1 9.99967E-1 9.91941E-1 9.99646E-1 9.86014E-1 9.92726E-1 9.99613E-1 9.49317E-1 9.87083E-1 9.79259E-1 9.90649E-1 9.90648E-1 9.96711E-1 9.98832E-1 9.99522E-1 9.98503E-1 9.87945E-1 9.3681E-1 9.74586E-1 9.99567E-1 9.99414E-1 9.99482E-1 9.98561E-1 9.82252E-1 8.207E-1 7.53262E-1 8.29646E-1 9.43257E-1 9.30684E-1 9.339E-1 9.53214E-1 9.10817E-1 9.60082E-1 9.50188E-1 8.15255E-1 5.04209E-1 -9999 -9999 -9999 -9999 -9999 -9999 -9999 -9999 -9999 -9999 -9999 5.12568E-2 2.91488E-1 2.96506E-1 2.36362E-1 2.1815E-1 2.13054E-1 1.12683E-1 3.85124E-2 2.0757E-2 1.72727E-2 1.96377E-2 1.48928E-2 5.02181E-3 1.54739E-2 1.00806E-3 1.31978E-4 7.59334E-4 4.65291E-3 7.27508E-4 1.47225E-4 2.49593E-4 8.60207E-5
9.99962E-1 9.99956E-1 9.99814E-1 9.80702E-1 9.99849E-1 9.99979E-1 9.99983E-1 9.89771E-1 9.94401E-1 9.7091E-1 9.98128E-1 9.93343E-1 9.97369E-1 9.99212E-1 9.97946E-1 9.97472E-1 9.97998E-1 9.96748E-1 9.99361E-1 9.9019E-1 9.95427E-1 9.65544E-1 9.61263E-1 9.90821E-1 9.991E-1 9.99027E-1 9.99357E-1 9.84841E-1 9.78152E-1 8.83114E-1 9.53563E-1 9.29788E-1 9.85908E-1 9.91504E-1 9.67232E-1 9.04426E-1 8.95011E-1 9.68377E-1 9.22831E-1 6.00148E-1 2.34278E-1 -9999 -9999 -9999 -9999 -9999 -9999 -9999 -9999 -9999 -9999 -9999 1.58778E-2 4.06809E-2 1.05754E-1 7.07643E-2 7.55607E-2 2.92746E-2 2.76787E-2 3.04713E-2 2.3782E-2 1.26167E-2 1.30126E-2 8.01925E-3 8.44508E-3 9.09572E-3 1.63635E-3 2.21189E-4 1.81462E-4 1.96952E-3 5.53862E-4 1.0601E-4 1.81568E-5 7.60864E-6
