ENM/Final_Models/M_2_F_q_Set_1_E/Gustavia_santanderiensis_6_Choco.asc
ncols         367
nrows         963
xllcorner     -78.6
yllcorner     0.65
cellsize      0.00833333333333323
NODATA_value  -9999
[rows 480 to 509 of 963, columns 201 to 267 of 367]
1.93253E-8 2.6859E-8 2.3655E-8 4.25033E-8 2.29922E-8 2.22658E-8 2.48209E-6 3.25842E-6 1.15897E-7 2.17553E-8 2.29242E-8 1.88002E-8 1.69176E-8 1.43402E-8 9.9166E-8 7.83422E-8 3.25909E-6 1.14732E-8 1.09306E-8 7.68531E-8 4.19671E-6 2.20242E-5 5.58464E-6 1.00328E-4 1.24759E-4 1.36329E-4 1.87187E-5 1.4261E-4 1.46213E-4 6.52172E-5 7.92852E-5 1.4739E-5 1.94109E-5 6.23684E-4 3.75777E-4 6.70281E-2 6.93646E-2 1.29932E-1 1.64574E-1 1.5267E-1 2.85767E-2 1.06544E-2 4.59687E-2 3.94156E-2 9.70643E-2 5.23785E-2 6.93094E-2 6.62244E-2 4.98138E-2 2.79659E-2 9.94553E-2 2.99619E-2 4.4418E-2 8.48784E-3 2.84936E-2 1.77058E-2 5.68093E-2 2.05318E-1 1.89785E-2 1.77071E-1 1.28702E-2 2.58055E-3 9.10133E-3 2.53474E-3 3.89752E-3 5.50334E-3 2.70094E-3
3.14552E-5 2.63433E-8 1.61117E-5 7.46392E-5 2.51152E-5 2.9129E-8 7.95042E-8 3.87192E-7 4.52097E-7 1.27924E-7 2.27219E-8 2.37789E-8 1.5488E-8 1.72551E-8 1.24038E-7 7.39345E-7 7.19384E-8 1.39412E-8 1.41595E-8 9.23153E-8 4.80298E-6 2.45524E-5 1.85305E-5 1.00744E-4 1.06025E-4 1.01544E-5 2.2009E-4 2.82876E-5 1.09574E-4 6.09054E-5 7.82157E-5 1.46811E-4 1.32025E-5 5.77634E-4 5.69706E-4 1.03547E-3 1.0226E-3 2.06446E-1 8.61428E-2 1.19725E-1 4.83712E-2 1.48323E-1 5.92073E-2 9.35563E-2 9.34879E-2 1.81416E-1 1.52165E-2 1.34836E-2 1.14317E-2 2.15023E-2 1.40738E-1 1.97646E-1 1.19278E-2 3.22722E-2 7.59318E-2 5.02052E-2 2.26203E-2 9.64912E-2 3.06266E-2 7.59826E-3 8.04398E-3 7.1922E-3 6.45726E-3 4.22854E-3 5.01428E-3 6.8069E-3 8.6359E-4
2.39428E-5 3.68392E-6 1.51354E-5 1.66829E-5 1.79122E-8 1.9454E-8 1.14601E-7 5.21734E-7 5.66568E-7 1.79726E-8 2.00255E-8 1.3133E-7 2.22054E-9 1.89952E-8 5.48038E-7 4.95072E-7 5.86401E-6 5.12217E-6 4.86872E-6 7.60183E-8 1.3398E-7 2.50946E-5 2.24636E-5 4.95186E-6 5.28437E-6 6.44799E-6 4.91759E-6 9.29498E-5 8.23558E-5 3.96769E-4 4.25969E-4 1.65935E-4 2.12943E-4 5.49285E-4 1.35244E-2 5.53093E-4 6.40566E-4 9.49509E-2 1.36479E-1 1.00243E-2 1.64179E-2 4.62172E-2 1.3472E-1 1.64432E-1 1.29212E-1 1.71208E-1 2.12893E-1 3.28012E-2 4.24245E-2 5.5541E-2 2.06329E-1 5.35747E-2 3.15383E-2 4.44679E-2 2.32967E-3 2.19322E-2 7.57497E-2 1.11227E-1 8.32488E-2 8.28633E-3 4.11351E-3 4.42335E-3 3.55198E-3 2.69921E-2 1.68352E-3 1.6886E-3 7.10265E-3
1.90007E-4 3.03653E-6 1.11888E-5 5.12864E-8 5.72288E-8 1.43339E-7 7.68121E-7 9.66308E-7 5.81543E-7 1.85409E-7 9.63239E-8 1.07994E-7 2.30052E-8 1.21905E-7 1.14839E-7 2.62466E-8 1.36081E-7 6.13278E-6 1.29939E-7 3.86236E-6 5.1979E-6 6.17666E-6 3.02587E-5 2.62063E-5 3.25655E-5 1.093E-5 1.40605E-2 4.74962E-4 6.61224E-5 9.53818E-5 1.46559E-4 1.51153E-5 1.18992E-2 5.54223E-4 3.81694E-4 2.11449E-2 4.86379E-4 7.24128E-2 8.94789E-2 5.34206E-2 6.93925E-2 2.22157E-1 4.59917E-2 6.62801E-2 4.14531E-2 7.09335E-2 8.85332E-3 2.35177E-3 3.85214E-2 3.00001E-2 1.5734E-3 4.02145E-3 1.00003E-3 1.17056E-3 5.40119E-3 2.83774E-3 1.00907E-4 1.36162E-3 4.85473E-3 5.28053E-3 2.35258E-3 8.42964E-4 4.50561E-3 5.01598E-2 1.74068E-2 1.01367E-2 1.18157E-2
2.25801E-5 2.7153E-6 6.17483E-8 4.62909E-8 3.32401E-6 3.26175E-6 1.57848E-7 3.60596E-6 6.21613E-7 4.50714E-5 7.67315E-9 7.48601E-9 2.65721E-8 5.83015E-6 2.28544E-8 1.36096E-9 1.77752E-7 1.64746E-7 1.6062E-7 6.10513E-6 5.85843E-6 8.60895E-6 1.51469E-4 1.76298E-4 5.85098E-6 4.13935E-5 1.30345E-4 3.59446E-5 1.57377E-4 3.39709E-3 5.36162E-3 1.46627E-5 2.42599E-3 1.12053E-3 1.38639E-4 1.26818E-4 9.70501E-4 4.08735E-2 1.57392E-1 4.93415E-2 1.70259E-2 1.40089E-3 6.95434E-2 3.40886E-2 5.79816E-4 3.62353E-2 2.62633E-4 2.59602E-4 6.96974E-5 9.18937E-6 1.38659E-5 5.57647E-4 3.14373E-5 9.18833E-3 3.36842E-3 8.30942E-4 1.31196E-4 3.55963E-3 1.62525E-2 3.4931E-2 1.03758E-2 3.56664E-3 4.72584E-3 3.87644E-3 5.68156E-3 2.40434E-2 3.74987E-2
1.9681E-5 1.2218E-5 1.43326E-5 4.27476E-8 1.89173E-7 2.58516E-6 2.36476E-8 2.4105E-7 2.24898E-7 1.04917E-7 1.00112E-7 6.54648E-6 8.45704E-9 1.27644E-7 2.64423E-8 1.55297E-9 2.18875E-7 2.5675E-7 7.18558E-6 3.16649E-8 2.78909E-7 9.47599E-6 6.94159E-6 5.10898E-6 1.1765E-4 1.2554E-4 8.78935E-5 1.0363E-4 3.30055E-4 5.94827E-3 4.96739E-3 6.21217E-3 2.18496E-3 1.27761E-3 2.92457E-4 2.61707E-4 6.34784E-5 2.94944E-5 1.44047E-3 7.97304E-2 1.77405E-3 1.4517E-3 8.33687E-2 8.54446E-2 6.51016E-4 1.12224E-3 2.76716E-2 1.96354E-4 1.79572E-3 4.4893E-4 4.53378E-4 2.49844E-4 2.50476E-7 2.68691E-4 4.02235E-3 2.79612E-3 2.13309E-3 5.44209E-5 4.2671E-3 2.15531E-2 6.24537E-2 3.84836E-2 3.32429E-3 2.51076E-3 1.50045E-2 3.66182E-3 3.44851E-2
9.57547E-5 2.82896E-5 4.15201E-5 3.8571E-6 3.11178E-7 2.76173E-7 2.40224E-2 2.95588E-5 2.62144E-7 1.06338E-5 7.01153E-6 1.11244E-4 3.82476E-8 4.34767E-6 4.96604E-6 7.98982E-9 2.58968E-7 1.94469E-9 1.1636E-5 1.19598E-5 9.24501E-5 8.36253E-6 9.63862E-5 7.18861E-5 6.82557E-6 8.12897E-6 8.72411E-5 1.39979E-5 7.90979E-5 6.99594E-3 9.29024E-2 9.44E-3 9.50363E-4 7.91678E-4 8.03457E-4 3.05069E-5 1.64944E-3 1.23158E-3 1.34685E-3 1.68226E-2 3.4247E-2 5.58404E-2 1.03061E-1 1.80761E-3 2.85192E-3 1.15107E-3 4.50301E-4 8.99759E-5 6.4477E-4 1.63401E-4 4.87899E-4 4.47673E-3 6.85706E-2 7.11748E-3 1.11334E-2 1.95703E-3 4.175E-3 4.4666E-3 1.9603E-3 1.76624E-3 2.80098E-2 9.94866E-3 3.3045E-2 4.61967E-2 5.13907E-2 1.57805E-3 2.42615E-2
1.5852E-2 7.5661E-2 4.0578E-5 3.548E-7 2.77104E-6 2.70632E-7 2.86226E-8 8.80684E-8 4.58416E-8 4.07415E-8 3.93834E-6 5.21588E-6 4.06624E-6 3.28997E-6 4.22463E-6 6.78916E-6 8.91605E-9 6.87373E-6 1.72243E-4 1.05797E-5 2.60889E-3 2.21564E-3 7.03459E-5 7.39949E-5 2.79499E-5 1.12283E-5 9.83637E-6 8.53356E-6 9.78848E-5 1.51152E-4 1.2273E-5 1.53001E-5 8.30245E-4 6.32988E-2 6.64295E-4 6.49274E-5 3.50332E-4 4.09439E-4 9.66041E-3 1.78276E-1 2.71547E-2 2.63713E-2 2.76363E-2 2.84293E-2 3.10702E-2 4.72467E-4 7.33897E-4 1.83017E-4 1.79645E-6 6.756E-6 1.42267E-5 2.58845E-2 1.24199E-2 8.97849E-3 2.90831E-2 1.4536E-2 1.12892E-2 3.96212E-3 4.27286E-3 4.75136E-3 3.70364E-3 3.84578E-2 2.02531E-2 3.06185E-2 2.81996E-2 2.66336E-2 2.4818E-2
1.04666E-1 1.58666E-2 2.84278E-5 4.31406E-7 1.46751E-5 2.04715E-6 2.61491E-6 3.68174E-8 1.38916E-7 5.2724E-6 4.22566E-6 3.32706E-5 4.01503E-5 4.00703E-6 3.49563E-6 3.49416E-7 2.78485E-7 8.73667E-6 1.93788E-4 1.64225E-4 1.60344E-4 3.36643E-3 2.16876E-4 2.8504E-5 1.02421E-5 1.12624E-5 1.07867E-5 1.15813E-5 9.02675E-6 1.0645E-4 6.50645E-5 1.7446E-5 7.42273E-4 4.06787E-3 4.53289E-2 2.306E-5 1.14307E-3 1.2397E-3 8.76805E-4 6.48278E-3 2.41695E-2 1.75419E-2 4.19873E-1 1.65568E-2 3.49292E-2 2.73821E-2 2.03708E-3 6.70516E-4 8.64979E-6 8.08844E-7 2.00876E-5 1.91732E-2 8.62858E-3 5.18155E-3 5.02203E-3 9.36368E-3 4.68272E-3 2.49597E-3 1.75361E-3 3.49956E-3 3.17205E-3 8.63931E-3 4.06125E-2 3.01496E-2 1.43485E-2 1.87463E-3 1.27827E-2
1.89778E-2 2.68739E-5 3.46087E-6 3.59794E-6 1.72346E-5 2.17802E-6 2.56356E-6 3.97179E-8 3.27989E-8 4.145E-6 4.29923E-6 4.0322E-6 4.31439E-6 4.66482E-6 6.83242E-6 6.48316E-6 7.69939E-6 1.04066E-4 1.11714E-4 1.06966E-4 9.12343E-6 6.29772E-6 7.3476E-6 1.23475E-5 1.31711E-5 1.46237E-5 2.08834E-5 1.53295E-5 1.04845E-5 1.07261E-5 4.88151E-5 1.38465E-5 1.08301E-3 4.26294E-3 5.74179E-2 8.17756E-2 1.18133E-3 6.08272E-3 1.0563E-3 1.79064E-2 2.40148E-2 2.32689E-2 2.23906E-2 4.59828E-2 5.06927E-4 7.59456E-4 8.05313E-4 5.31146E-4 3.06647E-4 1.2485E-6 1.63392E-5 9.50757E-5 7.83246E-3 3.91239E-2 6.69456E-3 2.96797E-3 1.4323E-3 7.15838E-4 2.53461E-3 4.75152E-3 1.69034E-3 3.76194E-3 4.79389E-2 5.03779E-2 3.01732E-2 6.45872E-2 1.16062E-2
2.96017E-5 3.70766E-6 3.70715E-6 3.56471E-5 3.78852E-6 5.52559E-7 5.90163E-7 5.41337E-7 4.80108E-8 3.40418E-6 4.08704E-8 3.28273E-6 4.27972E-6 4.75089E-5 5.4971E-6 5.90662E-6 7.01625E-6 5.42021E-6 6.96683E-6 6.89088E-6 1.40841E-4 1.06326E-5 6.68848E-8 8.98423E-6 7.4801E-6 7.47684E-6 5.69931E-7 5.07237E-7 1.12459E-5 3.23876E-5 1.91418E-5 2.06687E-5 3.0218E-5 5.16512E-4 8.05371E-2 5.87819E-2 2.5537E-2 5.12515E-2 3.52583E-3 7.70158E-3 8.70974E-4 6.8387E-2 1.55162E-4 3.12585E-4 3.7231E-4 1.16565E-5 1.47913E-6 1.04686E-5 1.38426E-5 9.70505E-6 2.92661E-6 3.47669E-6 3.52491E-6 1.40955E-5 1.09952E-2 5.46461E-3 1.06201E-3 9.99754E-4 2.20894E-3 3.10977E-3 2.06626E-3 7.80848E-3 1.33109E-2 1.63438E-2 6.46238E-3 4.20149E-3 9.39738E-3
2.56187E-5 2.17832E-6 3.93897E-5 3.69245E-5 3.74639E-5 2.4245E-8 1.98357E-8 4.55545E-6 3.90402E-6 4.84577E-7 4.19766E-5 1.30838E-8 1.29358E-8 3.62119E-6 6.33304E-6 4.57571E-7 5.18761E-7 5.05712E-6 5.31992E-5 5.84327E-5 3.4636E-4 6.60336E-4 7.32268E-4 1.77541E-5 6.08549E-8 9.11856E-8 1.76667E-5 7.35856E-7 9.09267E-6 5.89984E-5 1.60961E-5 1.58319E-5 1.59763E-5 8.3771E-3 7.74141E-2 1.97893E-1 8.78748E-2 4.67784E-2 7.00884E-2 3.17563E-2 2.97095E-3 5.81836E-3 5.68E-4 5.98748E-4 4.65943E-4 1.88929E-5 4.51824E-2 1.65943E-3 3.45207E-3 8.79975E-2 8.83419E-2 4.17145E-2 3.69354E-2 7.37496E-2 9.06756E-2 3.58833E-2 5.67765E-3 1.09907E-2 6.6469E-3 5.59169E-3 1.53541E-3 6.6636E-3 3.5049E-3 3.40723E-3 2.91482E-3 2.19761E-3 2.31648E-3
3.42634E-6 1.77258E-6 4.0335E-6 4.29971E-6 4.08184E-5 3.7227E-6 3.3571E-6 1.46296E-6 5.46194E-6 3.92077E-5 4.82656E-5 4.78336E-5 5.61006E-5 3.84082E-5 5.72573E-7 6.03017E-7 5.13036E-7 6.67216E-8 6.46018E-4 6.90384E-4 3.45435E-3 5.21142E-3 9.14156E-4 2.23169E-5 1.4898E-4 1.65265E-4 8.40979E-6 7.38221E-8 1.09788E-7 5.52577E-7 8.34646E-5 2.30012E-5 2.28659E-5 4.25061E-4 1.41022E-3 8.09944E-2 7.43792E-2 4.97374E-2 2.39507E-2 4.58181E-3 2.49564E-2 1.20962E-2 2.8129E-4 3.25542E-5 7.74205E-5 2.16204E-4 3.46095E-4 9.73425E-6 2.16289E-4 2.84501E-2 2.61141E-2 6.81268E-3 1.60432E-3 1.31707E-3 3.38805E-3 5.43331E-3 9.76692E-4 2.27264E-3 4.4859E-3 2.62346E-3 2.0612E-3 3.37428E-3 4.38679E-3 4.26336E-3 1.76667E-3 6.49972E-4 3.85833E-4
9.94959E-7 3.94972E-6 3.54394E-6 3.9925E-6 3.99277E-6 7.67828E-7 6.71867E-7 3.66957E-6 4.65266E-6 2.28476E-6 4.89103E-6 5.01397E-5 5.16544E-5 5.60828E-6 7.02317E-6 7.03295E-7 9.37441E-8 2.84077E-7 9.81512E-6 1.00196E-5 4.25833E-4 2.87379E-4 6.71947E-4 1.64584E-5 1.35307E-5 1.06656E-5 2.08985E-5 9.62759E-8 3.45018E-6 4.23992E-6 1.1469E-5 6.35375E-5 5.4258E-5 5.99411E-4 5.77419E-4 1.03298E-3 6.51986E-2 4.0533E-2 3.54998E-2 3.18889E-2 2.70835E-2 4.40749E-4 1.69422E-4 2.74842E-7 1.47973E-6 1.51037E-6 1.45157E-5 1.36438E-5 2.4349E-5 1.11401E-3 8.56026E-3 3.32333E-3 1.61695E-3 1.66859E-3 2.70104E-4 6.63873E-4 6.36264E-4 5.27421E-4 1.3875E-3 2.62462E-3 5.77079E-3 2.87195E-3 3.53321E-3 1.10428E-3 1.3225E-3 1.27002E-3 5.10728E-4
6.5559E-8 3.14144E-5 3.55707E-5 3.86765E-5 5.03093E-6 3.4803E-6 3.64135E-6 4.26477E-6 4.2976E-6 3.21858E-5 1.07027E-5 1.90523E-8 7.80592E-6 7.66886E-6 7.99945E-6 1.03022E-7 6.05596E-9 9.8364E-8 1.2496E-5 4.58457E-4 7.37243E-4 3.33484E-4 5.84262E-5 1.44006E-5 9.32189E-6 2.20188E-4 2.11311E-5 3.28666E-5 5.38613E-6 4.62304E-6 6.45533E-5 1.85316E-5 1.80144E-5 2.59897E-5 2.76444E-4 1.21934E-2 5.87139E-2 1.16036E-3 3.22606E-2 6.98971E-2 1.70823E-3 8.41176E-3 1.84418E-4 6.62349E-7 1.73492E-6 3.40471E-6 4.61458E-3 1.88032E-2 4.12274E-2 4.49816E-3 6.29592E-3 9.36071E-3 6.93452E-3 2.96072E-3 2.58607E-4 3.2824E-4 5.68163E-4 5.88537E-4 9.09799E-4 8.81414E-4 5.40522E-3 3.67413E-3 1.45131E-3 2.49813E-3 4.88287E-4 2.8821E-4 8.05616E-4
8.78691E-8 3.57047E-6 3.99542E-6 4.44846E-6 1.07568E-7 8.46725E-7 3.77278E-6 3.34687E-6 4.60236E-5 4.26607E-5 1.07608E-5 2.102E-7 1.78964E-7 9.72631E-7 8.24941E-6 1.256E-7 1.62029E-8 1.03215E-7 1.4336E-5 8.28955E-4 1.07316E-5 3.64368E-4 6.62269E-5 1.42764E-5 9.5865E-6 2.63951E-4 1.16371E-5 6.96E-5 5.53386E-6 1.24031E-5 9.46182E-5 9.92662E-5 9.58451E-5 2.83996E-5 2.27836E-5 1.09939E-2 1.28333E-3 1.85314E-3 3.43698E-2 9.47254E-2 6.88177E-2 1.03332E-4 1.29336E-5 2.68925E-6 5.32412E-5 5.07558E-3 5.47105E-3 1.46896E-2 6.50393E-2 4.22544E-3 9.97421E-3 9.69904E-3 3.40723E-3 3.59196E-3 8.31143E-4 7.18215E-4 6.91375E-4 7.69987E-4 1.36954E-3 1.05291E-3 3.92201E-3 5.99043E-4 3.48911E-4 3.13756E-4 5.37677E-5 2.01735E-4 1.75367E-3
4.622E-6 4.30348E-6 4.99277E-6 3.0691E-5 1.18587E-7 4.71055E-6 3.51253E-6 1.09687E-7 1.47724E-7 1.97894E-7 6.56764E-6 2.38376E-8 6.36164E-6 7.12028E-6 3.58465E-7 2.82141E-6 1.30911E-7 4.06157E-7 1.62112E-7 1.70143E-7 8.39641E-9 5.81751E-8 1.35995E-5 1.47646E-5 1.45368E-5 1.79779E-5 1.13369E-5 6.56241E-5 3.9243E-5 1.83322E-6 1.36331E-5 1.66972E-5 1.63753E-5 2.6043E-5 5.2483E-4 1.11247E-2 2.8499E-3 2.83268E-2 6.69897E-4 9.1876E-4 4.38363E-3 2.87501E-4 6.87615E-5 3.47755E-6 5.59082E-3 1.28418E-2 8.18036E-3 2.0002E-2 2.7943E-2 3.69886E-3 6.1054E-3 1.73074E-2 1.00804E-2 4.30352E-3 3.26622E-3 3.50238E-3 3.28609E-3 1.45638E-3 2.09E-3 3.51927E-3 5.53019E-4 2.24868E-4 3.59429E-5 2.2275E-4 3.06924E-4 3.93543E-4 1.90735E-3
3.184E-6 3.43807E-6 3.09277E-5 3.00138E-5 2.56331E-6 3.72432E-6 3.89614E-6 5.01002E-6 1.27237E-7 6.22389E-6 4.73342E-5 1.46543E-5 2.24857E-8 1.64652E-7 1.05687E-6 1.51387E-6 1.12819E-6 1.82802E-7 9.63946E-9 1.753E-7 1.48457E-7 5.85536E-8 1.60741E-5 1.04047E-5 7.70905E-5 9.20958E-2 7.45343E-2 7.23828E-4 4.44729E-5 2.24531E-5 7.13338E-5 7.79026E-5 7.13431E-5 7.98863E-5 4.40517E-5 2.67249E-4 2.01141E-3 3.3051E-4 1.21369E-3 1.35012E-3 8.52032E-5 6.77706E-4 7.5307E-4 2.15615E-4 3.1799E-4 5.63024E-5 4.75129E-4 5.01768E-5 2.11141E-5 3.27931E-4 3.87243E-5 3.16145E-5 1.18401E-2 3.39672E-2 4.25051E-3 4.0016E-3 4.03898E-3 2.78371E-3 3.84169E-3 1.09906E-3 4.13932E-4 1.23139E-4 1.10551E-4 1.94669E-4 1.30469E-3 1.22746E-3 5.34111E-3
3.5306E-6 2.7347E-6 2.67415E-6 3.55603E-6 1.14688E-7 1.46679E-7 5.0152E-6 4.1003E-6 1.29722E-5 1.44164E-5 5.63741E-6 4.17551E-8 2.9177E-7 3.35725E-7 1.23044E-6 1.48115E-6 3.3987E-6 4.47321E-6 1.51801E-6 1.5484E-6 2.19912E-7 2.00511E-7 1.51443E-5 1.22247E-5 5.38035E-5 1.52908E-5 1.72327E-5 9.49615E-5 5.30997E-5 4.58994E-5 5.90549E-5 2.65626E-5 2.45936E-5 6.03836E-5 1.92933E-5 1.80699E-3 1.6017E-1 3.91824E-3 1.11988E-3 3.44903E-4 2.57065E-4 2.10407E-4 2.76205E-4 2.56388E-4 1.09628E-3 2.42122E-3 2.29079E-3 2.56645E-3 3.60775E-3 3.93473E-3 1.86103E-4 9.60064E-4 6.70373E-4 4.48404E-3 2.53251E-3 1.96461E-3 4.06332E-3 2.1487E-3 5.19787E-4 6.71862E-4 2.30099E-4 5.74456E-5 4.45397E-4 8.41863E-4 1.43708E-3 4.37291E-3 6.59845E-3
5.97327E-8 5.1417E-8 1.90505E-5 2.17147E-5 3.37334E-6 2.18214E-6 3.27249E-8 1.2941E-7 1.33946E-7 1.47499E-7 2.30416E-8 1.15127E-8 3.90892E-7 4.54872E-7 2.94315E-7 1.69012E-6 1.50506E-6 1.83226E-6 1.75362E-6 2.23778E-7 2.72167E-7 2.42103E-7 8.12536E-8 1.59831E-5 2.33838E-5 1.67982E-5 1.43412E-5 3.219E-5 3.35643E-5 1.17656E-4 5.40283E-5 1.89611E-5 2.02474E-5 2.85212E-5 6.65277E-5 1.05835E-1 1.00737E-1 4.00426E-3 3.9109E-3 4.89019E-4 2.59794E-4 3.57778E-5 4.33656E-5 1.74434E-4 2.2436E-4 2.09931E-4 2.80467E-4 7.41722E-6 5.12296E-5 6.50891E-3 4.36513E-3 3.86863E-3 4.2936E-3 4.56029E-3 5.46602E-4 1.56359E-3 3.79693E-3 1.83796E-3 6.38415E-4 2.18257E-3 7.30756E-4 1.34447E-3 1.22499E-3 1.30937E-3 3.83542E-3 1.06083E-3 1.2453E-3
5.02207E-8 4.83846E-8 1.96765E-5 2.37926E-5 3.67724E-6 1.74426E-6 1.79229E-7 1.84106E-7 1.94562E-6 2.06365E-6 2.17594E-6 3.30705E-5 2.83196E-7 2.70437E-7 1.15459E-5 2.28139E-8 3.52108E-7 4.88098E-7 2.67118E-7 2.506E-7 2.71883E-7 6.99767E-6 7.98552E-6 1.74923E-5 1.75303E-5 2.49862E-5 3.03033E-5 2.03999E-5 3.71555E-5 1.80933E-5 1.34916E-5 2.5943E-5 2.61891E-5 2.4133E-5 5.35655E-3 1.72843E-1 8.22286E-2 3.19958E-3 3.77736E-3 6.42703E-4 6.71655E-5 1.29628E-4 2.96016E-5 5.77315E-5 4.57282E-6 5.03356E-6 1.23753E-4 1.12642E-2 2.2463E-2 5.54652E-3 5.72949E-3 4.8683E-3 5.91037E-3 5.0892E-3 3.13165E-3 3.36395E-3 8.98523E-4 3.4232E-4 7.31617E-4 1.60512E-3 8.66912E-4 1.12543E-3 2.52587E-3 7.68962E-3 8.94433E-3 4.15151E-3 1.76927E-2
1.58127E-7 1.43415E-7 1.42623E-5 8.55598E-6 2.16575E-6 1.99525E-6 1.86569E-7 5.6452E-6 2.46529E-6 2.31336E-6 2.32999E-7 2.95366E-7 3.16847E-7 3.45678E-7 2.46468E-7 2.29797E-7 1.92421E-8 2.51043E-7 3.08611E-7 8.2794E-6 8.1874E-6 5.17577E-5 1.37553E-5 1.56126E-5 2.11565E-5 3.99199E-5 1.02438E-5 1.82177E-5 9.84636E-4 4.94404E-5 7.69419E-5 1.56871E-5 3.24032E-5 2.72513E-5 2.94978E-3 2.22229E-1 1.104E-1 2.39168E-3 1.9346E-3 9.79883E-5 1.25748E-4 2.62807E-5 2.6401E-5 2.50588E-5 1.05622E-2 9.73595E-3 1.09551E-2 2.05864E-2 1.25021E-2 3.75684E-3 3.029E-3 1.17662E-2 3.51616E-3 1.69468E-3 9.16508E-4 2.56163E-3 3.15855E-4 1.04369E-3 6.36297E-4 3.14497E-3 1.69005E-3 1.59842E-3 1.41147E-2 2.57528E-3 1.1765E-2 6.78832E-3 7.85399E-2
1.58371E-7 2.82793E-6 2.17195E-6 8.36652E-6 2.27169E-6 1.54377E-7 2.56034E-6 2.58747E-6 1.59363E-8 2.88779E-6 2.16873E-7 6.43258E-8 7.28585E-8 4.27117E-6 2.26104E-7 2.86827E-6 3.69024E-7 1.15133E-7 3.30319E-5 8.34891E-6 9.44453E-6 9.21185E-6 3.70056E-5 3.80167E-5 5.30459E-5 3.17225E-5 4.15021E-5 1.40805E-3 7.23028E-5 3.14008E-5 7.68576E-5 4.12964E-5 3.30894E-5 8.11767E-5 4.79618E-3 2.43341E-1 1.83419E-1 1.11405E-1 3.35364E-4 1.27285E-3 1.40192E-2 2.54288E-3 3.60644E-5 3.82236E-5 2.63304E-3 2.1762E-2 2.06296E-2 1.59334E-2 5.548E-3 2.45653E-3 2.43889E-3 6.49082E-3 2.74549E-3 3.14012E-3 1.68986E-3 8.01185E-4 7.68914E-4 9.0441E-4 2.72191E-3 8.60563E-4 8.33502E-4 9.68318E-4 6.92595E-3 5.17161E-3 3.3583E-2 3.03047E-2 4.08687E-2
2.97542E-6 3.28209E-6 4.47325E-6 4.94175E-6 9.17504E-6 3.6718E-6 3.08682E-6 4.34708E-6 2.76269E-7 2.78981E-7 3.55625E-6 3.39761E-7 3.63012E-7 1.20279E-5 8.98532E-6 8.2798E-6 1.36526E-5 1.25371E-5 8.88958E-6 4.66433E-5 4.78322E-5 4.19327E-5 8.08856E-6 7.38222E-6 1.03167E-5 9.8732E-6 1.32376E-5 1.11643E-5 3.26109E-5 6.24773E-5 1.56113E-3 2.31236E-3 1.71465E-1 1.7353E-1 2.04871E-1 1.03926E-1 2.94523E-1 9.39619E-5 4.02982E-5 4.94578E-5 2.32527E-3 2.04976E-4 6.48306E-4 2.71342E-4 1.15562E-3 3.39552E-2 5.7544E-3 2.92843E-2 7.11308E-3 1.57281E-3 2.36251E-3 2.86197E-3 3.57223E-3 3.15776E-3 5.70835E-3 3.47607E-3 1.579E-3 1.89604E-3 3.57947E-3 5.67175E-3 4.59339E-3 3.90647E-2 3.06698E-3 3.94751E-2 1.103E-1 3.03085E-2 6.25871E-4
5.81795E-8 2.68441E-5 4.8502E-6 1.26617E-4 2.26756E-6 2.73853E-6 4.03223E-6 4.0324E-6 1.16571E-5 3.51467E-6 1.60679E-5 5.72129E-6 5.10334E-6 5.86224E-6 8.3757E-8 1.0127E-5 7.67909E-5 5.45459E-5 7.51302E-5 2.66251E-4 3.75935E-4 1.19645E-5 2.2747E-5 3.92634E-5 3.9452E-6 4.93736E-6 1.37269E-3 1.55102E-3 1.47583E-3 9.34312E-6 3.90696E-5 7.50423E-5 3.09902E-3 3.50199E-3 3.70658E-3 3.70305E-4 2.37439E-4 4.1478E-5 5.72572E-6 1.55395E-5 2.52854E-4 4.70463E-5 4.78815E-5 1.68815E-5 2.97105E-5 3.17425E-3 1.13859E-2 9.44374E-3 3.64509E-3 4.04853E-3 2.85008E-3 2.65075E-3 2.85371E-3 3.51592E-3 2.59547E-3 5.88248E-3 7.89647E-3 3.81475E-3 2.17187E-3 7.13343E-3 2.69884E-2 2.30389E-2 2.79514E-1 1.87832E-1 8.74545E-2 1.76677E-2 2.67745E-3
3.85067E-7 2.24283E-7 3.87397E-6 2.72863E-5 4.07811E-6 3.86211E-6 2.58931E-6 1.41622E-5 7.62273E-5 3.67477E-6 1.4133E-5 3.97955E-6 2.5247E-5 4.52794E-6 5.44856E-6 2.30203E-5 8.98838E-6 3.72192E-4 2.89324E-5 9.68437E-6 5.50663E-7 6.19605E-5 9.78546E-6 8.29017E-6 1.03461E-5 9.91487E-6 1.13912E-3 1.11346E-1 1.06822E-1 1.50389E-1 1.23875E-1 1.71589E-1 1.87096E-1 4.18914E-3 3.49947E-4 1.37663E-4 2.55388E-4 5.49568E-5 7.10584E-6 4.34164E-5 3.84817E-6 2.5816E-5 1.92557E-5 3.25796E-5 5.26857E-3 5.95559E-2 5.36985E-2 1.09654E-2 2.43876E-3 2.29952E-3 2.43576E-3 4.51922E-3 1.9323E-3 5.53082E-3 4.95793E-3 1.40128E-2 1.51605E-2 2.05143E-3 6.84232E-3 1.08805E-2 1.8743E-2 2.42605E-1 2.22264E-1 5.06905E-2 4.57079E-2 1.58177E-2 1.12482E-3
3.8205E-7 5.34397E-6 4.30893E-6 3.52064E-6 1.08343E-5 1.20427E-5 2.61691E-6 5.30427E-5 7.28366E-5 1.22834E-4 7.18386E-6 1.40085E-5 3.58322E-5 1.84647E-5 2.32537E-5 3.53613E-5 3.42422E-4 5.15584E-2 1.37974E-5 1.95759E-5 1.24705E-5 1.64997E-5 4.90579E-5 8.79238E-4 4.33758E-6 9.00009E-6 1.531E-5 8.83475E-5 3.03362E-3 2.04488E-4 3.97507E-3 1.5095E-1 2.81276E-1 1.32884E-1 1.89612E-4 1.0957E-3 2.47624E-4 3.12433E-4 4.61361E-5 5.32301E-5 4.43205E-5 6.61394E-5 2.34437E-5 2.06104E-5 1.18802E-5 1.72643E-1 1.35621E-1 2.04532E-2 2.80855E-3 2.04905E-3 1.99192E-3 3.36634E-3 1.39651E-3 5.27471E-3 1.14386E-3 1.00641E-2 2.57407E-2 1.26312E-2 4.58124E-3 3.08311E-2 2.23812E-1 2.72089E-1 1.17606E-1 2.94733E-3 2.44054E-3 2.1541E-3 7.24806E-3
4.73513E-6 5.43749E-6 2.95509E-7 2.25061E-6 4.61467E-6 1.95635E-2 9.78312E-6 6.22621E-5 9.3261E-5 1.11371E-4 7.48513E-6 2.12857E-5 1.81961E-4 1.64001E-5 1.78889E-5 1.97977E-4 1.87723E-4 5.63181E-2 1.57331E-5 1.19983E-4 5.72074E-4 1.49049E-5 4.63548E-5 9.86559E-4 9.16888E-6 9.69626E-6 1.54715E-5 8.91042E-5 2.0224E-5 4.31952E-5 1.27627E-3 1.41727E-1 7.36263E-2 7.51225E-2 2.07188E-3 4.47817E-4 4.15235E-4 2.77132E-4 1.38495E-4 1.9999E-4 6.20843E-5 2.77617E-4 8.86104E-5 6.09633E-5 6.70491E-5 9.48469E-2 8.58477E-2 1.91348E-2 2.88744E-3 3.16828E-3 1.88492E-3 1.57201E-3 2.29258E-3 1.08759E-2 1.4956E-2 9.01435E-3 9.38434E-3 1.83793E-2 1.15846E-1 9.77034E-3 3.05545E-1 1.66183E-1 5.23703E-3 4.75576E-3 1.63862E-3 6.17646E-3 3.68297E-3
5.79029E-6 3.83673E-6 9.54932E-8 2.74302E-6 3.76875E-6 4.89385E-5 9.35937E-6 8.44013E-6 9.94634E-6 5.9501E-6 5.42826E-6 8.14147E-6 3.85032E-5 1.52998E-5 1.64603E-5 2.67356E-5 4.27226E-4 4.36106E-4 5.41897E-4 8.96805E-2 6.86294E-4 7.05395E-4 9.0631E-6 1.0314E-3 5.89909E-5 2.96543E-5 8.13773E-5 8.51162E-5 9.67471E-5 2.3593E-5 4.45247E-3 4.86765E-3 1.64692E-1 4.09588E-3 4.04632E-3 3.2805E-4 3.32055E-4 6.80138E-4 4.33803E-5 5.33742E-5 4.92078E-4 9.96108E-5 1.94825E-4 3.89855E-5 2.38913E-4 3.7462E-2 3.4539E-2 5.51392E-3 3.42568E-3 9.65195E-3 5.78034E-3 4.62611E-3 9.57888E-3 3.25176E-3 1.92449E-2 1.93166E-2 1.09279E-2 3.81664E-2 2.46351E-2 1.95338E-1 2.26266E-1 1.82913E-1 4.23292E-3 4.21619E-3 1.26179E-2 8.09283E-3 4.35158E-4
1.94479E-5 2.83146E-2 3.0995E-2 1.75398E-6 2.10625E-6 4.6001E-5 4.55825E-5 3.9843E-6 1.03429E-5 9.48485E-5 1.04365E-5 2.12638E-5 2.7499E-6 1.2972E-4 1.7052E-4 7.27715E-2 7.62805E-2 6.77134E-2 5.51471E-4 7.85958E-2 7.31225E-4 8.87166E-4 1.2642E-3 1.26171E-1 8.40568E-4 5.89317E-4 9.76488E-4 1.00486E-3 3.91444E-5 3.07996E-4 3.56862E-4 7.2042E-3 1.79482E-2 1.82669E-2 1.8178E-3 9.62302E-4 3.19656E-4 6.01487E-4 6.15534E-5 6.40794E-5 8.05962E-5 7.67686E-5 8.6893E-5 6.86705E-4 3.80629E-4 6.42359E-4 1.52974E-3 6.82122E-3 9.08424E-3 1.50603E-3 5.05904E-2 3.12887E-2 9.47993E-3 9.831E-3 4.21988E-3 9.90823E-3 1.04463E-1 8.32161E-2 5.51743E-2 3.15431E-2 1.49453E-2 8.95758E-3 1.66425E-2 4.17702E-2 4.69633E-2 1.70093E-2 4.20572E-4
