ENM/Final_Models/M_2_F_q_Set_1_E/Gustavia_santanderiensis_Choco_median.asc
ncols         367
nrows         963
xllcorner     -78.6
yllcorner     0.65
cellsize      0.00833333333333323
NODATA_value  -9999
[rows 832 to 863 of 963, columns 0 to 71 of 367]
-9999 -9999 -9999 -9999 -9999 8.06111E-1 7.08033E-1 6.55313E-1 7.43582E-1 6.39321E-1 6.80149E-1 7.14373E-1 7.67261E-1 7.64284E-1 7.73349E-1 8.36526E-1 9.16576E-1 9.49284E-1 9.43222E-1 8.36348E-1 8.93667E-1 9.17333E-1 8.92534E-1 9.34713E-1 9.30705E-1 9.46536E-1 9.49504E-1 9.51601E-1 9.84018E-1 9.80235E-1 9.92893E-1 9.84483E-1 9.98555E-1 9.90225E-1 9.95296E-1 9.98299E-1 9.99752E-1 9.99727E-1 9.99606E-1 9.99886E-1 9.99944E-1 9.99745E-1 9.99954E-1 9.99923E-1 9.99998E-1 9.99961E-1 9.98835E-1 9.99855E-1 9.99858E-1 9.9988E-1 9.99746E-1 9.99509E-1 9.99453E-1 9.9959E-1 9.99085E-1 9.99094E-1 9.82706E-1 9.99874E-1 9.99804E-1 9.9978E-1 9.99463E-1 9.99674E-1 9.9984E-1 9.99788E-1 9.99775E-1 9.91053E-1 9.93642E-1 9.80077E-1 9.665E-1 9.99541E-1 9.98123E-1 9.99276E-1
-9999 -9999 -9999 -9999 -9999 6.06909E-1 6.84486E-1 6.62139E-1 7.17494E-1 7.86459E-1 8.54005E-1 7.98045E-1 8.12477E-1 7.71582E-1 7.97235E-1 8.38173E-1 8.2587E-1 8.59754E-1 8.71064E-1 8.60111E-1 9.01632E-1 9.01103E-1 9.2324E-1 8.87454E-1 9.19998E-1 9.04361E-1 9.44062E-1 9.73988E-1 9.73266E-1 9.93805E-1 9.88385E-1 9.81832E-1 9.89663E-1 9.97443E-1 9.95661E-1 9.95332E-1 9.98047E-1 9.97438E-1 9.99314E-1 9.99461E-1 9.98877E-1 9.99966E-1 9.99569E-1 9.99679E-1 9.99995E-1 9.99995E-1 9.97808E-1 9.99557E-1 9.98583E-1 9.99478E-1 9.99505E-1 9.99224E-1 9.98964E-1 9.9941E-1 9.98513E-1 9.98398E-1 9.99361E-1 9.90155E-1 9.99887E-1 9.99444E-1 9.80357E-1 9.97182E-1 9.85254E-1 9.99715E-1 9.99644E-1 9.86045E-1 9.91513E-1 9.88531E-1 9.87608E-1 9.99949E-1 9.99311E-1 9.97939E-1
-9999 -9999 -9999 -9999 -9999 5.45146E-1 5.5018E-1 6.33412E-1 7.14605E-1 7.82375E-1 8.48947E-1 8.46187E-1 8.49376E-1 7.57196E-1 8.42392E-1 8.11709E-1 8.38047E-1 8.63853E-1 8.65038E-1 8.92462E-1 8.95408E-1 9.39905E-1 9.24468E-1 9.66147E-1 9.37189E-1 9.27377E-1 9.4459E-1 9.77706E-1 9.65526E-1 9.91947E-1 9.77496E-1 9.91983E-1 9.98402E-1 9.95925E-1 9.97311E-1 9.9716E-1 9.98866E-1 9.98577E-1 9.95323E-1 9.98545E-1 9.99254E-1 9.9596E-1 9.99487E-1 9.98716E-1 9.99911E-1 9.98484E-1 9.98389E-1 9.9989E-1 9.99497E-1 9.99456E-1 9.99399E-1 9.99766E-1 9.98466E-1 9.97074E-1 9.98986E-1 9.99373E-1 9.99539E-1 9.99497E-1 9.85674E-1 9.74189E-1 9.9844E-1 9.99875E-1 9.97938E-1 9.99921E-1 9.84173E-1 9.90551E-1 9.82606E-1 9.95603E-1 9.99253E-1 9.9988E-1 9.90752E-1 9.73564E-1
-9999 -9999 -9999 -9999 -9999 4.97895E-1 4.76922E-1 6.47655E-1 7.22373E-1 7.51261E-1 8.10989E-1 8.35635E-1 8.51801E-1 7.93875E-1 8.27352E-1 8.04932E-1 8.33775E-1 8.61549E-1 9.03805E-1 8.8411E-1 8.91146E-1 9.55799E-1 9.54079E-1 9.76522E-1 9.48012E-1 8.87478E-1 9.45857E-1 9.91291E-1 9.89014E-1 9.83859E-1 9.8938E-1 9.91484E-1 9.93944E-1 9.93123E-1 9.9738E-1 9.97067E-1 9.98129E-1 9.93794E-1 9.97822E-1 9.97101E-1 9.98127E-1 9.97878E-1 9.99124E-1 9.84749E-1 9.96875E-1 9.99157E-1 9.99869E-1 9.95641E-1 9.98787E-1 9.99305E-1 9.992E-1 9.99619E-1 9.99244E-1 9.99379E-1 9.996E-1 9.98892E-1 9.98696E-1 9.91401E-1 9.93693E-1 9.99984E-1 9.99922E-1 9.99769E-1 9.99032E-1 9.99935E-1 9.98598E-1 9.99055E-1 9.93819E-1 9.97089E-1 9.9576E-1 9.96506E-1 9.97296E-1 9.81695E-1
-9999 -9999 -9999 -9999 -9999 4.94276E-1 5.34566E-1 6.20327E-1 6.70898E-1 7.49361E-1 7.89012E-1 7.99834E-1 7.9682E-1 7.485E-1 7.73725E-1 8.4853E-1 8.73486E-1 8.45916E-1 8.72285E-1 9.22329E-1 8.79592E-1 8.96978E-1 9.43286E-1 9.38587E-1 9.27017E-1 9.0588E-1 9.5349E-1 9.58952E-1 9.90304E-1 9.81624E-1 9.72974E-1 9.86146E-1 9.94619E-1 9.98021E-1 9.96053E-1 9.96482E-1 9.99556E-1 9.98733E-1 9.98223E-1 9.96782E-1 9.98393E-1 9.93568E-1 9.85008E-1 9.95854E-1 9.94654E-1 9.99832E-1 9.9979E-1 9.86187E-1 9.99265E-1 9.98783E-1 9.86923E-1 9.99886E-1 9.99678E-1 9.99812E-1 9.99655E-1 9.99377E-1 9.77084E-1 9.86463E-1 9.89726E-1 9.99567E-1 9.99949E-1 9.99929E-1 9.99941E-1 9.9982E-1 9.97186E-1 9.94608E-1 9.83396E-1 9.98684E-1 9.96839E-1 9.9942E-1 9.9974E-1 9.99112E-1
-9999 -9999 -9999 -9999 -9999 5.04499E-1 5.04055E-1 6.85022E-1 7.00229E-1 7.18141E-1 8.04572E-1 8.71978E-1 7.7125E-1 7.42675E-1 7.75028E-1 8.73773E-1 8.95524E-1 9.33353E-1 9.00297E-1 8.9847E-1 9.5827E-1 8.88682E-1 9.52142E-1 9.40097E-1 9.51297E-1 9.27444E-1 9.55013E-1 9.61295E-1 9.85981E-1 9.8699E-1 9.7886E-1 9.79772E-1 9.78731E-1 9.9331E-1 9.97969E-1 9.98616E-1 9.97404E-1 9.98731E-1 9.97663E-1 9.99592E-1 9.99848E-1 9.99697E-1 9.93738E-1 9.98089E-1 9.99125E-1 9.99353E-1 9.99875E-1 9.95939E-1 9.98994E-1 9.98281E-1 9.94272E-1 9.99982E-1 9.99865E-1 9.93311E-1 9.99467E-1 9.99576E-1 9.99678E-1 9.94027E-1 9.99917E-1 9.99994E-1 1E0 9.99997E-1 9.99991E-1 9.99535E-1 9.99928E-1 9.9956E-1 9.99867E-1 9.99688E-1 9.9984E-1 9.99974E-1 9.99991E-1 9.99904E-1
-9999 -9999 -9999 -9999 -9999 -9999 -9999 5.82784E-1 7.78931E-1 7.06141E-1 7.21258E-1 6.8111E-1 7.70579E-1 7.58813E-1 7.58531E-1 8.53674E-1 8.23092E-1 8.38344E-1 8.79624E-1 8.90649E-1 9.40054E-1 9.04681E-1 9.04941E-1 9.20486E-1 9.06689E-1 9.49275E-1 9.88709E-1 9.84416E-1 9.78578E-1 9.6179E-1 9.84941E-1 9.75841E-1 9.8968E-1 9.94858E-1 9.92224E-1 9.98957E-1 9.99376E-1 9.9932E-1 9.9949E-1 9.99732E-1 9.99381E-1 9.99938E-1 9.97431E-1 9.99991E-1 9.99981E-1 9.98807E-1 9.99985E-1 9.99947E-1 9.9978E-1 9.99999E-1 9.99998E-1 9.99974E-1 9.9838E-1 9.99908E-1 9.99876E-1 9.99676E-1 9.99896E-1 9.98691E-1 9.98621E-1 9.99999E-1 1E0 1E0 1E0 9.99998E-1 1E0 1E0 9.99999E-1 9.99997E-1 9.99994E-1 9.99993E-1 9.99989E-1 9.99945E-1
-9999 -9999 -9999 -9999 -9999 -9999 -9999 -9999 -9999 8.20817E-1 7.36907E-1 7.37873E-1 8.01025E-1 7.54814E-1 8.07937E-1 8.82801E-1 8.91568E-1 9.56419E-1 8.9515E-1 9.31486E-1 9.47266E-1 9.38573E-1 9.32735E-1 9.23362E-1 9.34721E-1 9.42938E-1 9.60775E-1 9.84156E-1 9.51996E-1 9.75711E-1 9.7379E-1 9.85327E-1 9.95037E-1 9.84891E-1 9.96278E-1 9.95969E-1 9.98065E-1 9.995E-1 9.99741E-1 9.9839E-1 9.99427E-1 9.99966E-1 9.97873E-1 9.99212E-1 1E0 9.99998E-1 1E0 1E0 1E0 1E0 1E0 9.99999E-1 9.99999E-1 9.99996E-1 9.99922E-1 9.99304E-1 9.99582E-1 9.99997E-1 9.99946E-1 9.99998E-1 9.99991E-1 9.99995E-1 9.99997E-1 9.99989E-1 1E0 9.99999E-1 9.99998E-1 9.99999E-1 9.99999E-1 9.99981E-1 9.99992E-1 9.99984E-1
-9999 -9999 -9999 -9999 -9999 -9999 -9999 -9999 -9999 -9999 -9999 7.25863E-1 7.93126E-1 8.14876E-1 8.3403E-1 8.47901E-1 9.31133E-1 9.52133E-1 9.37394E-1 9.14718E-1 9.07806E-1 9.14467E-1 9.16012E-1 9.47654E-1 9.60885E-1 9.31258E-1 9.28174E-1 9.3702E-1 9.58774E-1 9.59902E-1 9.77749E-1 9.70031E-1 9.92191E-1 9.94217E-1 9.96476E-1 9.96957E-1 9.97277E-1 9.97427E-1 9.99764E-1 9.99653E-1 9.99694E-1 9.99394E-1 9.99583E-1 9.99877E-1 9.99165E-1 9.99993E-1 9.99985E-1 9.99987E-1 9.99937E-1 9.993E-1 9.99999E-1 9.99999E-1 9.99611E-1 9.99986E-1 9.99986E-1 9.99927E-1 9.99996E-1 9.99826E-1 9.99984E-1 9.99938E-1 9.99969E-1 9.99957E-1 9.99873E-1 9.99471E-1 9.98724E-1 9.99984E-1 1E0 1E0 9.99999E-1 9.99995E-1 9.99992E-1 9.99994E-1
-9999 -9999 -9999 -9999 -9999 -9999 -9999 -9999 -9999 -9999 -9999 -9999 7.54429E-1 7.87861E-1 8.53055E-1 8.61267E-1 8.77711E-1 9.47083E-1 9.52134E-1 9.46297E-1 8.93213E-1 9.15502E-1 9.32674E-1 9.35788E-1 9.37438E-1 9.46951E-1 9.62473E-1 9.77418E-1 9.62603E-1 9.56794E-1 9.69425E-1 9.60404E-1 9.88393E-1 9.88317E-1 9.96345E-1 9.94869E-1 9.87477E-1 9.94262E-1 9.95625E-1 9.98053E-1 9.97422E-1 9.97698E-1 9.99075E-1 9.99953E-1 9.99916E-1 9.9773E-1 9.96875E-1 9.98413E-1 9.99072E-1 9.99918E-1 9.99927E-1 9.99794E-1 9.99134E-1 9.99972E-1 9.99954E-1 9.99203E-1 9.99426E-1 9.98702E-1 9.99374E-1 9.99939E-1 9.99912E-1 9.99974E-1 9.99952E-1 9.98836E-1 9.87637E-1 9.96728E-1 9.99982E-1 9.99999E-1 9.99999E-1 1E0 1E0 9.99998E-1
-9999 -9999 -9999 -9999 -9999 -9999 -9999 -9999 -9999 -9999 -9999 -9999 -9999 -9999 8.6189E-1 8.63024E-1 9.06747E-1 9.62939E-1 8.95583E-1 9.03294E-1 9.27062E-1 9.403E-1 9.49111E-1 9.42674E-1 9.16829E-1 9.51873E-1 9.33477E-1 9.73262E-1 9.65123E-1 9.29229E-1 9.59173E-1 9.54144E-1 9.75916E-1 9.89363E-1 9.92283E-1 9.83634E-1 9.90425E-1 9.93319E-1 9.96273E-1 9.98327E-1 9.99348E-1 9.93E-1 9.97485E-1 9.99501E-1 9.99724E-1 9.94601E-1 9.93516E-1 9.95297E-1 9.97211E-1 9.99317E-1 9.96234E-1 9.9982E-1 9.99438E-1 9.99924E-1 9.99847E-1 9.99468E-1 9.96186E-1 9.99535E-1 9.9915E-1 9.98965E-1 9.99939E-1 9.99929E-1 9.99829E-1 9.9992E-1 9.83194E-1 9.98832E-1 9.95516E-1 9.99976E-1 9.99932E-1 9.99995E-1 9.99999E-1 9.99999E-1
-9999 -9999 -9999 -9999 -9999 -9999 -9999 -9999 -9999 -9999 -9999 -9999 -9999 -9999 -9999 -9999 8.708E-1 9.59361E-1 8.87017E-1 8.9375E-1 9.42197E-1 9.09859E-1 9.66395E-1 9.4534E-1 9.61402E-1 9.25955E-1 9.29235E-1 9.61873E-1 9.67355E-1 9.49098E-1 9.31901E-1 9.47591E-1 9.58017E-1 9.6309E-1 9.81219E-1 9.8352E-1 9.89589E-1 9.83874E-1 9.91049E-1 9.98327E-1 9.96454E-1 9.98778E-1 9.99396E-1 9.99654E-1 9.99249E-1 9.82537E-1 9.85629E-1 9.83762E-1 9.92889E-1 9.90122E-1 9.93247E-1 9.98581E-1 9.99385E-1 9.95095E-1 9.99907E-1 9.99768E-1 9.99673E-1 9.97703E-1 9.99396E-1 9.99572E-1 9.99951E-1 9.99641E-1 9.97992E-1 9.97103E-1 9.9157E-1 9.84662E-1 9.98664E-1 9.99584E-1 9.9815E-1 9.99936E-1 9.99991E-1 9.99972E-1
-9999 -9999 -9999 -9999 -9999 -9999 -9999 -9999 -9999 -9999 -9999 -9999 -9999 -9999 -9999 -9999 -9999 -9999 -9999 -9999 9.5416E-1 9.73018E-1 9.62747E-1 9.69771E-1 9.49771E-1 9.61462E-1 9.65882E-1 9.63073E-1 9.65514E-1 9.25293E-1 9.27567E-1 9.53624E-1 9.46863E-1 9.74447E-1 9.82865E-1 9.85509E-1 9.73795E-1 9.7853E-1 9.89414E-1 9.96555E-1 9.86949E-1 9.97464E-1 9.97719E-1 9.97921E-1 9.99286E-1 9.97715E-1 9.89132E-1 9.96191E-1 9.99884E-1 9.99827E-1 9.89756E-1 9.88553E-1 9.98502E-1 9.85968E-1 9.99784E-1 9.95863E-1 9.95049E-1 9.97723E-1 9.97893E-1 9.99225E-1 9.99498E-1 9.99351E-1 9.99456E-1 9.99953E-1 9.966E-1 9.99894E-1 9.99514E-1 9.99571E-1 9.98675E-1 9.99503E-1 9.99976E-1 9.98681E-1
-9999 -9999 -9999 -9999 -9999 -9999 -9999 -9999 -9999 -9999 -9999 -9999 -9999 -9999 -9999 -9999 -9999 -9999 -9999 -9999 -9999 9.54168E-1 9.71088E-1 9.44053E-1 9.64918E-1 9.74582E-1 9.68506E-1 9.51795E-1 9.57867E-1 9.7109E-1 9.44491E-1 9.51799E-1 9.61003E-1 9.61089E-1 9.6216E-1 9.68291E-1 9.63473E-1 9.85895E-1 9.91821E-1 9.88449E-1 9.97133E-1 9.98962E-1 9.91313E-1 9.91005E-1 9.98792E-1 9.99343E-1 9.98968E-1 9.85053E-1 9.94336E-1 9.73928E-1 9.94805E-1 9.82905E-1 9.99445E-1 9.99833E-1 9.84382E-1 9.99511E-1 9.99341E-1 9.74244E-1 9.97027E-1 9.99085E-1 9.99278E-1 9.99914E-1 9.9997E-1 9.99865E-1 9.99903E-1 9.98993E-1 9.99634E-1 9.99985E-1 9.99986E-1 9.99968E-1 9.99926E-1 9.99365E-1
-9999 -9999 -9999 -9999 -9999 -9999 -9999 -9999 -9999 -9999 -9999 -9999 -9999 -9999 -9999 -9999 -9999 -9999 -9999 -9999 -9999 -9999 9.4445E-1 9.70686E-1 9.75883E-1 9.78173E-1 9.65225E-1 9.80092E-1 9.30856E-1 9.53706E-1 9.67692E-1 9.57046E-1 9.65488E-1 9.29098E-1 9.63446E-1 9.78889E-1 9.50005E-1 9.74253E-1 9.93871E-1 9.93806E-1 9.9287E-1 9.96067E-1 9.99038E-1 9.97934E-1 9.97626E-1 9.99281E-1 9.98596E-1 9.95612E-1 9.97932E-1 9.96517E-1 9.99117E-1 9.99373E-1 9.92982E-1 9.95663E-1 9.91054E-1 9.83875E-1 9.61013E-1 9.96821E-1 9.90351E-1 9.91586E-1 9.97615E-1 9.96703E-1 9.99887E-1 9.94323E-1 9.99518E-1 9.98998E-1 9.99846E-1 9.99971E-1 9.9996E-1 9.99993E-1 9.99992E-1 9.99346E-1
-9999 -9999 -9999 -9999 -9999 -9999 -9999 -9999 -9999 -9999 -9999 -9999 -9999 -9999 -9999 -9999 -9999 -9999 -9999 -9999 -9999 -9999 -9999 -9999 9.55649E-1 9.85401E-1 9.80841E-1 9.83351E-1 9.45966E-1 9.23939E-1 9.54894E-1 9.59296E-1 9.40227E-1 9.66067E-1 9.68753E-1 9.71305E-1 9.85461E-1 9.86205E-1 9.87445E-1 9.94697E-1 9.97831E-1 9.96132E-1 9.90644E-1 9.61247E-1 9.92197E-1 9.89191E-1 9.99871E-1 9.99939E-1 9.99336E-1 9.99808E-1 9.9595E-1 9.8575E-1 9.94376E-1 9.82664E-1 9.75106E-1 9.47098E-1 9.92784E-1 9.97376E-1 9.88383E-1 9.91562E-1 9.91321E-1 9.99431E-1 9.98798E-1 9.99351E-1 9.96184E-1 9.90553E-1 9.94996E-1 9.88798E-1 9.99309E-1 9.99844E-1 9.99928E-1 9.99867E-1
-9999 -9999 -9999 -9999 -9999 -9999 -9999 -9999 -9999 -9999 -9999 -9999 -9999 -9999 -9999 -9999 -9999 -9999 -9999 -9999 -9999 -9999 -9999 -9999 -9999 -9999 9.69413E-1 9.73455E-1 9.36711E-1 9.07705E-1 9.00171E-1 9.17201E-1 9.25892E-1 9.59634E-1 9.31576E-1 9.80294E-1 9.77941E-1 9.83017E-1 9.8878E-1 9.97297E-1 9.92964E-1 9.96815E-1 9.65056E-1 9.81595E-1 9.72821E-1 9.97905E-1 9.99552E-1 9.9993E-1 9.99503E-1 9.99605E-1 9.9641E-1 9.73251E-1 9.79403E-1 9.84024E-1 9.89334E-1 9.48075E-1 9.37785E-1 9.97569E-1 9.86795E-1 9.74331E-1 9.95265E-1 9.97226E-1 9.97262E-1 9.99375E-1 9.97642E-1 9.84942E-1 9.98801E-1 9.93147E-1 9.98694E-1 9.99173E-1 9.99862E-1 9.99966E-1
-9999 -9999 -9999 -9999 -9999 -9999 -9999 -9999 -9999 -9999 -9999 -9999 -9999 -9999 -9999 -9999 -9999 -9999 -9999 -9999 -9999 -9999 -9999 -9999 -9999 -9999 -9999 9.67409E-1 9.49373E-1 9.42672E-1 9.3332E-1 9.14053E-1 9.11294E-1 9.32704E-1 9.5942E-1 9.70616E-1 9.77196E-1 9.88544E-1 9.81449E-1 9.97376E-1 9.88011E-1 9.96072E-1 9.87132E-1 9.92008E-1 9.54585E-1 9.90083E-1 9.9741E-1 9.99889E-1 9.99773E-1 9.99538E-1 9.97757E-1 9.89266E-1 9.7908E-1 9.71538E-1 9.37541E-1 9.22992E-1 9.73125E-1 9.94461E-1 9.81623E-1 9.58698E-1 9.90326E-1 9.96438E-1 9.98954E-1 9.98147E-1 9.90186E-1 9.92633E-1 9.84303E-1 9.94798E-1 9.99876E-1 9.99251E-1 9.99298E-1 9.98952E-1
-9999 -9999 -9999 -9999 -9999 -9999 -9999 -9999 -9999 -9999 -9999 -9999 -9999 -9999 -9999 -9999 -9999 -9999 -9999 -9999 -9999 -9999 -9999 -9999 -9999 -9999 -9999 -9999 -9999 9.03068E-1 9.20618E-1 9.23512E-1 9.52954E-1 9.90808E-1 9.83435E-1 9.81693E-1 9.47758E-1 8.75339E-1 9.85359E-1 9.14669E-1 9.81177E-1 9.85544E-1 9.68834E-1 9.73336E-1 9.96939E-1 9.97937E-1 9.90431E-1 9.99139E-1 9.99825E-1 9.9797E-1 9.97389E-1 9.99362E-1 9.62477E-1 9.30913E-1 9.84683E-1 9.81318E-1 9.67762E-1 9.90839E-1 9.81423E-1 9.57495E-1 9.94448E-1 9.7065E-1 9.72741E-1 9.9385E-1 9.86708E-1 9.98968E-1 9.99093E-1 9.99879E-1 9.996E-1 9.99447E-1 9.98243E-1 9.96535E-1
-9999 -9999 -9999 -9999 -9999 -9999 -9999 -9999 -9999 -9999 -9999 -9999 -9999 -9999 -9999 -9999 -9999 -9999 -9999 -9999 -9999 -9999 -9999 -9999 -9999 -9999 -9999 -9999 -9999 -9999 9.2515E-1 9.52455E-1 9.8817E-1 9.68685E-1 9.12037E-1 9.03212E-1 9.7588E-1 9.83037E-1 9.3184E-1 8.92738E-1 9.14216E-1 9.20594E-1 9.4567E-1 9.82459E-1 9.94862E-1 9.96122E-1 9.53538E-1 9.88713E-1 9.96231E-1 9.99536E-1 9.99023E-1 9.99049E-1 9.93759E-1 9.45463E-1 8.8872E-1 9.81393E-1 9.47024E-1 9.88156E-1 9.80707E-1 9.58076E-1 9.93767E-1 9.71315E-1 9.86934E-1 9.78085E-1 9.68248E-1 9.77589E-1 9.58724E-1 9.5258E-1 9.93609E-1 9.98111E-1 9.83819E-1 9.26217E-1
-9999 -9999 -9999 -9999 -9999 -9999 -9999 -9999 -9999 -9999 -9999 -9999 -9999 -9999 -9999 -9999 -9999 -9999 -9999 -9999 -9999 -9999 -9999 -9999 -9999 -9999 -9999 -9999 -9999 -9999 -9999 -9999 9.36282E-1 9.49786E-1 9.78063E-1 9.2471E-1 9.69411E-1 9.86155E-1 9.64972E-1 9.00743E-1 8.93447E-1 9.50334E-1 9.58232E-1 9.87969E-1 9.95001E-1 9.97465E-1 9.89868E-1 9.65692E-1 9.95826E-1 9.97448E-1 9.93213E-1 9.70506E-1 9.89175E-1 9.97525E-1 9.45181E-1 9.73501E-1 9.39274E-1 9.87273E-1 9.74297E-1 9.11943E-1 9.91599E-1 9.25814E-1 9.76514E-1 9.9405E-1 9.83796E-1 9.78266E-1 9.85744E-1 9.27329E-1 9.92404E-1 9.98997E-1 9.99837E-1 9.60521E-1
-9999 -9999 -9999 -9999 -9999 -9999 -9999 -9999 -9999 -9999 -9999 -9999 -9999 -9999 -9999 -9999 -9999 -9999 -9999 -9999 -9999 -9999 -9999 -9999 -9999 -9999 -9999 -9999 -9999 -9999 -9999 -9999 -9999 9.31132E-1 9.50901E-1 9.81776E-1 9.73163E-1 9.73195E-1 9.77279E-1 9.56633E-1 9.1161E-1 9.48766E-1 9.74768E-1 9.28728E-1 9.9544E-1 9.8039E-1 9.88171E-1 9.72452E-1 9.91348E-1 9.98569E-1 9.9186E-1 9.30102E-1 9.66105E-1 9.95436E-1 9.90667E-1 8.71794E-1 8.91432E-1 9.75708E-1 9.78372E-1 9.18643E-1 9.70482E-1 9.22657E-1 9.46655E-1 9.94114E-1 9.85148E-1 9.47065E-1 9.64701E-1 9.30977E-1 9.96259E-1 9.97952E-1 9.91575E-1 9.16049E-1
-9999 -9999 -9999 -9999 -9999 -9999 -9999 -9999 -9999 -9999 -9999 -9999 -9999 -9999 -9999 -9999 -9999 -9999 -9999 -9999 -9999 -9999 -9999 -9999 -9999 -9999 -9999 -9999 -9999 -9999 -9999 -9999 -9999 -9999 -9999 9.79724E-1 9.64607E-1 9.73649E-1 9.67954E-1 9.27046E-1 8.38459E-1 9.57314E-1 9.63216E-1 9.91263E-1 9.93962E-1 9.69491E-1 9.53336E-1 9.6124E-1 9.74737E-1 9.97308E-1 9.93867E-1 9.20499E-1 9.4325E-1 9.65314E-1 9.91988E-1 9.19698E-1 7.6056E-1 9.36946E-1 9.78368E-1 8.87032E-1 9.54155E-1 8.62556E-1 8.58293E-1 9.56373E-1 9.78956E-1 9.66774E-1 9.31734E-1 9.57405E-1 9.97257E-1 9.9882E-1 9.86693E-1 9.44955E-1
-9999 -9999 -9999 -9999 -9999 -9999 -9999 -9999 -9999 -9999 -9999 -9999 -9999 -9999 -9999 -9999 -9999 -9999 -9999 -9999 -9999 -9999 -9999 -9999 -9999 -9999 -9999 -9999 -9999 -9999 -9999 -9999 -9999 -9999 -9999 -9999 9.27543E-1 9.55121E-1 9.54956E-1 9.15765E-1 9.22012E-1 9.25811E-1 9.51444E-1 9.79374E-1 9.83636E-1 8.74694E-1 9.75972E-1 9.64072E-1 9.69381E-1 9.86164E-1 9.89449E-1 9.65624E-1 9.32236E-1 8.71691E-1 9.89992E-1 9.63772E-1 8.99817E-1 8.61562E-1 9.58604E-1 9.19017E-1 8.47947E-1 8.49792E-1 7.92901E-1 9.32438E-1 9.39494E-1 9.76044E-1 9.32735E-1 8.98078E-1 8.92011E-1 9.71353E-1 9.98519E-1 9.79477E-1
-9999 -9999 -9999 -9999 -9999 -9999 -9999 -9999 -9999 -9999 -9999 -9999 -9999 -9999 -9999 -9999 -9999 -9999 -9999 -9999 -9999 -9999 -9999 -9999 -9999 -9999 -9999 -9999 -9999 -9999 -9999 -9999 -9999 -9999 -9999 -9999 -9999 9.40868E-1 9.49531E-1 8.79177E-1 9.12093E-1 8.97645E-1 9.11513E-1 9.52128E-1 9.05685E-1 9.26184E-1 9.3242E-1 9.05341E-1 9.12314E-1 8.76581E-1 9.05728E-1 8.84122E-1 9.45495E-1 9.31374E-1 9.55314E-1 9.39887E-1 9.22597E-1 8.68702E-1 9.26802E-1 8.84366E-1 7.47641E-1 7.26456E-1 7.27458E-1 8.54286E-1 9.00142E-1 9.7166E-1 9.81178E-1 9.00106E-1 8.73738E-1 9.70367E-1 9.92337E-1 9.37931E-1
-9999 -9999 -9999 -9999 -9999 -9999 -9999 -9999 -9999 -9999 -9999 -9999 -9999 -9999 -9999 -9999 -9999 -9999 -9999 -9999 -9999 -9999 -9999 -9999 -9999 -9999 -9999 -9999 -9999 -9999 -9999 -9999 -9999 -9999 -9999 -9999 -9999 -9999 -9999 8.01951E-1 8.05E-1 8.13592E-1 8.64946E-1 9.52326E-1 9.58273E-1 8.63564E-1 8.64423E-1 9.11656E-1 8.86687E-1 8.65605E-1 8.78547E-1 8.47792E-1 8.20961E-1 8.81325E-1 8.94214E-1 9.55456E-1 8.82046E-1 8.2887E-1 8.35969E-1 9.14176E-1 7.93847E-1 6.73052E-1 6.90077E-1 7.76351E-1 8.73403E-1 9.82412E-1 9.93925E-1 8.60887E-1 9.30935E-1 9.94713E-1 9.25511E-1 6.16238E-1
-9999 -9999 -9999 -9999 -9999 -9999 -9999 -9999 -9999 -9999 -9999 -9999 -9999 -9999 -9999 -9999 -9999 -9999 -9999 -9999 -9999 -9999 -9999 -9999 -9999 -9999 -9999 -9999 -9999 -9999 -9999 -9999 -9999 -9999 -9999 -9999 -9999 -9999 -9999 -9999 7.82854E-1 7.96372E-1 8.84005E-1 9.62135E-1 9.37646E-1 9.07004E-1 8.98149E-1 8.5152E-1 6.95848E-1 7.65042E-1 8.22711E-1 9.53342E-1 9.05698E-1 9.2431E-1 9.42627E-1 9.60526E-1 9.95924E-1 9.63042E-1 8.55676E-1 7.72385E-1 7.73848E-1 6.68076E-1 6.22141E-1 6.6788E-1 8.46112E-1 9.82867E-1 9.40822E-1 9.41198E-1 9.88953E-1 9.96881E-1 9.97496E-1 9.28009E-1
-9999 -9999 -9999 -9999 -9999 -9999 -9999 -9999 -9999 -9999 -9999 -9999 -9999 -9999 -9999 -9999 -9999 -9999 -9999 -9999 -9999 -9999 -9999 -9999 -9999 -9999 -9999 -9999 -9999 -9999 -9999 -9999 -9999 -9999 -9999 -9999 -9999 -9999 -9999 -9999 7.62232E-1 8.19972E-1 9.36899E-1 9.19211E-1 8.0786E-1 8.51464E-1 9.39341E-1 7.35385E-1 8.59215E-1 8.63389E-1 8.36636E-1 8.82803E-1 8.81391E-1 9.20544E-1 9.71336E-1 8.82431E-1 9.55557E-1 9.84643E-1 9.37824E-1 8.85225E-1 7.26721E-1 6.94544E-1 6.17994E-1 6.78099E-1 8.90224E-1 9.7171E-1 9.81622E-1 9.27346E-1 9.88384E-1 9.99554E-1 9.89731E-1 9.55796E-1
-9999 -9999 -9999 -9999 -9999 -9999 -9999 -9999 -9999 -9999 -9999 -9999 -9999 -9999 -9999 -9999 -9999 -9999 -9999 -9999 -9999 -9999 -9999 -9999 -9999 -9999 -9999 -9999 -9999 -9999 -9999 -9999 -9999 -9999 -9999 -9999 -9999 -9999 -9999 -9999 6.85492E-1 8.30362E-1 9.06539E-1 9.14582E-1 7.94232E-1 8.55574E-1 9.09075E-1 6.73542E-1 6.94727E-1 8.8389E-1 8.22591E-1 8.29314E-1 8.17594E-1 8.19311E-1 9.36708E-1 9.27958E-1 8.51116E-1 9.68977E-1 9.26674E-1 8.673E-1 7.95788E-1 6.20777E-1 6.14234E-1 7.32586E-1 9.00094E-1 9.72127E-1 8.41586E-1 8.90307E-1 9.92277E-1 9.9479E-1 9.6057E-1 8.69258E-1
-9999 -9999 -9999 -9999 -9999 -9999 -9999 -9999 -9999 -9999 -9999 -9999 -9999 -9999 -9999 -9999 -9999 -9999 -9999 -9999 -9999 -9999 -9999 -9999 -9999 -9999 -9999 -9999 -9999 -9999 -9999 -9999 -9999 -9999 -9999 -9999 -9999 -9999 -9999 -9999 7.54075E-1 8.52989E-1 9.17741E-1 9.02466E-1 9.36326E-1 9.05856E-1 8.50561E-1 6.334E-1 8.34511E-1 8.03402E-1 8.14963E-1 7.56693E-1 6.78239E-1 7.87838E-1 8.90377E-1 9.6136E-1 9.47182E-1 9.57591E-1 8.34085E-1 8.50517E-1 9.11887E-1 7.26386E-1 5.6202E-1 8.08553E-1 9.28577E-1 9.32826E-1 9.5588E-1 9.98305E-1 9.98653E-1 9.97084E-1 9.67434E-1 9.14766E-1
-9999 -9999 -9999 -9999 -9999 -9999 -9999 -9999 -9999 -9999 -9999 -9999 -9999 -9999 -9999 -9999 -9999 -9999 -9999 -9999 -9999 -9999 -9999 -9999 -9999 -9999 -9999 -9999 -9999 -9999 -9999 -9999 -9999 -9999 -9999 -9999 -9999 -9999 7.25928E-1 6.10937E-1 7.92949E-1 8.8134E-1 8.55241E-1 8.43553E-1 8.92601E-1 9.17756E-1 8.55409E-1 8.4451E-1 7.91669E-1 7.59452E-1 8.05511E-1 7.42385E-1 6.55425E-1 6.70757E-1 6.88259E-1 9.09674E-1 9.35688E-1 8.07767E-1 8.21414E-1 7.86222E-1 8.78561E-1 8.69512E-1 6.42995E-1 8.03315E-1 8.75671E-1 9.41341E-1 8.71198E-1 9.85566E-1 9.98942E-1 9.98197E-1 9.90419E-1 9.21042E-1
-9999 -9999 -9999 -9999 -9999 -9999 -9999 -9999 -9999 -9999 -9999 -9999 -9999 -9999 -9999 -9999 -9999 -9999 -9999 -9999 -9999 -9999 -9999 -9999 -9999 -9999 -9999 -9999 -9999 -9999 -9999 -9999 -9999 -9999 -9999 -9999 -9999 -9999 7.64594E-1 7.00635E-1 7.28854E-1 8.37391E-1 8.62498E-1 7.84593E-1 8.51644E-1 9.05987E-1 8.47852E-1 8.08796E-1 6.96761E-1 7.91168E-1 7.24806E-1 7.59809E-1 6.59301E-1 6.01294E-1 6.24664E-1 7.17807E-1 8.51351E-1 9.09228E-1 8.83585E-1 7.13171E-1 7.40538E-1 8.31903E-1 7.12958E-1 7.17616E-1 8.64627E-1 9.54703E-1 9.45805E-1 9.2628E-1 9.95791E-1 9.97266E-1 9.70342E-1 8.54451E-1
