ENM/Final_Models/M_2_F_q_Set_1_E/Gustavia_santanderiensis_8_Choco.asc
ncols         367
nrows         963
xllcorner     -78.6
yllcorner     0.65
cellsize      0.00833333333333323
NODATA_value  -9999
[rows 594 to 626 of 963, columns 148 to 221 of 367]
-9999 -9999 -9999 -9999 -9999 -9999 -9999 -9999 -9999 -9999 -9999 -9999 -9999 -9999 -9999 -9999 -9999 -9999 -9999 -9999 -9999 -9999 -9999 -9999 -9999 -9999 -9999 -9999 -9999 8.56044E-1 9.06421E-1 6.83881E-1 8.54066E-1 9.74957E-1 9.91635E-1 9.99924E-1 9.9964E-1 9.99484E-1 9.98352E-1 9.99307E-1 9.97408E-1 9.95281E-1 9.85065E-1 9.96996E-1 9.93693E-1 9.45293E-1 9.9005E-1 9.98145E-1 9.80606E-1 9.99996E-1 9.99861E-1 9.99985E-1 9.81919E-1 9.30089E-1 4.91589E-1 1.30782E-1 7.81676E-2 4.85085E-2 5.55095E-2 7.48943E-2 1.07625E-1 1.13741E-1 2.802E-2 5.16091E-2 2.44499E-2 3.50361E-3 2.9301E-2 9.14589E-2 4.48123E-2 3.87225E-2 1.41521E-1 1.94707E-1 2.9306E-2 3.06002E-3
-9999 -9999 -9999 -9999 -9999 -9999 -9999 -9999 -9999 -9999 -9999 -9999 -9999 -9999 -9999 -9999 -9999 -9999 -9999 -9999 -9999 -9999 -9999 -9999 -9999 -9999 -9999 -9999 -9999 -9999 -9999 8.88352E-1 9.57933E-1 9.98104E-1 9.94487E-1 9.99778E-1 9.99988E-1 1E0 9.99998E-1 9.98239E-1 9.92364E-1 9.96353E-1 9.69059E-1 9.95473E-1 9.96986E-1 7.08291E-1 9.84923E-1 9.97443E-1 9.95439E-1 9.99987E-1 9.99997E-1 9.93116E-1 9.69716E-1 9.49716E-1 8.28366E-1 2.39594E-1 7.12943E-2 5.28542E-2 1.25008E-1 6.53103E-2 6.69326E-2 3.84461E-2 3.83004E-3 3.47727E-3 4.23972E-3 6.05295E-3 2.5785E-2 7.85935E-2 1.9276E-2 1.9991E-2 5.63178E-2 9.85087E-2 3.73586E-2 6.78126E-3
-9999 -9999 -9999 -9999 -9999 -9999 -9999 -9999 -9999 -9999 -9999 -9999 -9999 -9999 -9999 -9999 -9999 -9999 -9999 -9999 -9999 -9999 -9999 -9999 -9999 -9999 -9999 -9999 -9999 -9999 8.86773E-1 8.04683E-1 8.92769E-1 9.95369E-1 9.96276E-1 9.99181E-1 9.99354E-1 9.99772E-1 9.99574E-1 9.97731E-1 9.99587E-1 9.93732E-1 9.55365E-1 9.48333E-1 9.29844E-1 9.67966E-1 9.94604E-1 9.99601E-1 9.643E-1 9.96963E-1 9.91926E-1 9.30962E-1 8.54442E-1 8.52531E-1 8.91709E-1 4.89769E-1 2.73975E-1 1.86352E-1 1.08221E-1 8.99744E-2 1.1144E-1 1.1552E-1 1.43584E-2 3.30277E-3 2.49128E-3 5.04377E-3 2.62655E-2 1.29871E-2 1.20548E-2 1.79135E-2 7.6885E-2 1.2507E-1 4.99666E-2 1.391E-2
-9999 -9999 -9999 -9999 -9999 -9999 -9999 -9999 -9999 -9999 -9999 -9999 -9999 -9999 -9999 -9999 -9999 -9999 -9999 -9999 -9999 -9999 -9999 -9999 -9999 -9999 -9999 -9999 -9999 9.9675E-1 9.0871E-1 9.6996E-1 9.49793E-1 9.78598E-1 9.99426E-1 9.77882E-1 9.86019E-1 9.69493E-1 9.85369E-1 9.96125E-1 9.80844E-1 8.79285E-1 8.79956E-1 9.79538E-1 9.82638E-1 9.99826E-1 9.99975E-1 9.96113E-1 9.96719E-1 9.94948E-1 9.4671E-1 9.75565E-1 9.64982E-1 9.02783E-1 6.43475E-1 5.48926E-1 4.5452E-1 6.86282E-1 6.62092E-1 6.2869E-1 4.44896E-1 2.37926E-1 5.2227E-3 1.35049E-3 3.13168E-3 1.36407E-2 6.66107E-3 1.9601E-3 1.91881E-3 7.12532E-3 1.77535E-2 5.62303E-2 5.47957E-2 4.43437E-2
-9999 -9999 -9999 -9999 -9999 -9999 -9999 -9999 -9999 -9999 -9999 -9999 -9999 -9999 -9999 -9999 -9999 -9999 -9999 -9999 -9999 -9999 -9999 -9999 9.62502E-1 7.98651E-1 8.80639E-1 9.24683E-1 9.89508E-1 9.9875E-1 9.97431E-1 9.99398E-1 9.97896E-1 9.97925E-1 9.94889E-1 9.98344E-1 9.70281E-1 7.67907E-1 9.15697E-1 9.49225E-1 9.9814E-1 9.49313E-1 9.58906E-1 9.81681E-1 9.93167E-1 9.99304E-1 9.97668E-1 9.99996E-1 9.92564E-1 9.58055E-1 9.65599E-1 7.77446E-1 7.11471E-1 8.80833E-1 9.77039E-1 8.96237E-1 6.31137E-1 9.27505E-1 8.16123E-1 7.85902E-1 6.8763E-1 4.71963E-1 2.68152E-1 6.77323E-2 1.61414E-1 4.86999E-2 5.98146E-2 1.4285E-2 2.90652E-3 3.7449E-3 1.08618E-2 1.60136E-2 1.71731E-2 1.6118E-2
-9999 -9999 -9999 -9999 -9999 -9999 -9999 -9999 -9999 -9999 -9999 -9999 -9999 -9999 -9999 -9999 -9999 -9999 -9999 -9999 -9999 -9999 -9999 -9999 9.60052E-1 9.8E-1 9.39342E-1 7.62915E-1 9.74467E-1 9.98281E-1 1E0 9.99465E-1 9.99432E-1 9.99798E-1 9.98116E-1 9.85043E-1 8.95226E-1 9.88144E-1 9.82231E-1 9.98219E-1 9.94325E-1 8.54517E-1 7.79731E-1 9.98133E-1 9.99854E-1 9.97755E-1 9.99863E-1 9.97782E-1 9.83227E-1 9.74267E-1 9.24052E-1 7.3306E-1 8.27102E-1 4.51011E-1 9.15963E-1 8.52696E-1 7.84908E-1 8.95131E-1 7.97306E-1 8.04227E-1 5.96127E-1 6.22053E-1 4.07117E-1 1.75587E-1 9.79656E-2 5.91906E-2 1.62881E-1 1.7543E-2 1.15443E-3 9.57234E-4 3.42928E-3 1.75965E-2 1.79295E-2 1.64815E-2
-9999 -9999 -9999 -9999 -9999 -9999 -9999 -9999 -9999 -9999 -9999 -9999 -9999 -9999 -9999 -9999 -9999 -9999 -9999 -9999 -9999 -9999 -9999 -9999 7.98973E-1 8.93673E-1 9.32097E-1 9.57184E-1 9.97616E-1 9.99979E-1 9.99982E-1 9.99904E-1 9.97657E-1 9.99722E-1 9.99022E-1 9.99965E-1 9.94353E-1 9.99947E-1 9.98509E-1 9.86804E-1 9.97178E-1 9.36557E-1 8.44375E-1 9.53113E-1 9.9521E-1 9.90047E-1 9.7034E-1 9.61321E-1 9.63376E-1 9.99713E-1 9.99491E-1 7.28856E-1 4.77301E-1 4.11066E-1 5.53815E-1 9.49971E-1 8.06174E-1 7.66918E-1 7.58576E-1 7.50599E-1 4.57754E-1 3.92999E-1 3.83196E-1 3.25136E-1 3.15401E-1 1.48347E-1 1.14069E-1 4.05999E-3 9.52432E-4 2.16396E-3 7.02735E-3 9.85631E-3 2.93621E-2 3.33519E-3
-9999 -9999 -9999 -9999 -9999 -9999 -9999 -9999 -9999 -9999 -9999 -9999 -9999 -9999 -9999 -9999 -9999 -9999 -9999 -9999 -9999 -9999 -9999 -9999 8.59549E-1 8.67245E-1 9.07652E-1 -9999 -9999 -9999 1E0 9.96365E-1 9.97454E-1 9.99889E-1 9.99096E-1 9.99356E-1 9.96568E-1 9.21232E-1 8.89098E-1 9.9225E-1 9.82583E-1 6.34489E-1 7.97025E-1 7.77865E-1 8.50449E-1 9.29515E-1 9.20185E-1 8.43718E-1 7.39145E-1 9.36461E-1 8.447E-1 9.37568E-1 6.01055E-1 1.909E-1 5.94013E-1 5.5933E-1 6.07917E-1 6.94279E-1 7.43464E-1 8.40097E-1 6.60176E-1 4.22988E-1 2.94265E-1 1.69827E-1 1.32941E-1 1.59311E-1 8.00854E-2 5.00085E-3 1.07215E-3 1.07922E-3 7.25786E-3 1.952E-2 2.54162E-2 5.60707E-3
-9999 -9999 -9999 -9999 -9999 -9999 -9999 -9999 -9999 -9999 -9999 -9999 -9999 -9999 -9999 -9999 -9999 -9999 -9999 -9999 -9999 -9999 -9999 -9999 9.52977E-1 9.52007E-1 -9999 9.84912E-1 9.99646E-1 9.99997E-1 1E0 9.99999E-1 9.91335E-1 9.9539E-1 9.99759E-1 9.95304E-1 9.93751E-1 9.99978E-1 9.99778E-1 9.56917E-1 7.75239E-1 8.2003E-1 9.11356E-1 8.82866E-1 7.85543E-1 8.8247E-1 8.79416E-1 8.93965E-1 6.4004E-1 8.17726E-1 9.4489E-1 7.38228E-1 6.72867E-1 6.15194E-1 6.57625E-1 9.40289E-1 9.35235E-1 8.9062E-1 5.89147E-1 4.92708E-1 6.31989E-1 5.37819E-1 4.0128E-1 3.30896E-1 1.73181E-1 3.51049E-2 2.83831E-2 1.70086E-3 1.45742E-3 3.06799E-3 6.47199E-3 1.60098E-2 9.63651E-3 2.10701E-3
-9999 -9999 -9999 -9999 -9999 -9999 -9999 -9999 -9999 -9999 -9999 -9999 -9999 -9999 -9999 -9999 -9999 -9999 -9999 -9999 -9999 9.97492E-1 9.96774E-1 9.94425E-1 -9999 -9999 -9999 9.98341E-1 9.94022E-1 9.99545E-1 9.9996E-1 9.99774E-1 9.99876E-1 9.98213E-1 9.98832E-1 9.99381E-1 9.99274E-1 9.8296E-1 9.98888E-1 9.9431E-1 9.27834E-1 8.37117E-1 9.66775E-1 9.913E-1 8.97128E-1 8.96856E-1 8.52189E-1 7.07697E-1 4.67418E-1 9.06734E-1 9.75548E-1 8.87238E-1 9.56829E-1 8.51808E-1 7.94508E-1 8.42381E-1 3.87149E-1 5.84568E-1 5.49471E-1 3.72757E-1 4.00433E-1 3.46499E-1 2.48558E-1 2.97999E-1 1.81686E-1 5.93025E-2 4.84997E-3 3.63373E-4 1.13666E-3 2.23465E-4 2.15084E-4 5.27265E-3 7.25632E-3 1.06749E-3
-9999 -9999 -9999 -9999 -9999 -9999 -9999 -9999 -9999 -9999 -9999 -9999 -9999 -9999 -9999 -9999 -9999 -9999 -9999 -9999 -9999 -9999 9.92135E-1 9.70694E-1 9.87297E-1 9.99991E-1 9.99999E-1 9.99996E-1 9.99977E-1 9.99947E-1 9.99975E-1 9.99994E-1 9.99914E-1 9.99951E-1 1E0 9.83539E-1 9.98662E-1 9.99008E-1 9.99534E-1 7.36796E-1 6.93595E-1 9.46592E-1 9.72157E-1 9.40759E-1 8.24981E-1 7.9531E-1 9.14169E-1 9.44444E-1 7.3246E-1 9.0767E-1 9.961E-1 7.05341E-1 7.90964E-1 8.26824E-1 9.42725E-1 8.32777E-1 7.56485E-1 4.81611E-1 3.66505E-1 5.34219E-1 5.11E-1 5.10363E-1 4.36788E-1 2.3738E-1 1.5439E-1 1.13802E-1 2.0374E-3 1.78833E-3 3.22574E-3 1.35785E-3 6.92329E-4 1.19243E-3 3.86613E-3 2.415E-3
-9999 -9999 -9999 -9999 -9999 -9999 -9999 -9999 -9999 -9999 -9999 -9999 -9999 -9999 -9999 -9999 -9999 -9999 -9999 -9999 -9999 9.98651E-1 -9999 9.67422E-1 9.99998E-1 9.99936E-1 9.99954E-1 9.99992E-1 1E0 1E0 9.99961E-1 9.99906E-1 9.99978E-1 9.99268E-1 9.98886E-1 1E0 9.72936E-1 9.99895E-1 9.99927E-1 9.98195E-1 9.98947E-1 9.71264E-1 8.4369E-1 9.6178E-1 8.6553E-1 8.08101E-1 9.88342E-1 9.96029E-1 7.11498E-1 7.8338E-1 9.83911E-1 8.19488E-1 4.50357E-1 4.04821E-1 6.59476E-1 7.89283E-1 5.61545E-1 3.57407E-1 4.08932E-1 6.29306E-1 3.4784E-1 3.35608E-1 4.97059E-1 3.82511E-1 2.33113E-1 6.7948E-2 2.50865E-2 6.34386E-3 1.5703E-2 3.33291E-3 1.91609E-3 3.67694E-3 9.52624E-3 2.43216E-3
-9999 -9999 -9999 -9999 -9999 -9999 -9999 -9999 -9999 -9999 -9999 -9999 -9999 -9999 -9999 -9999 -9999 -9999 -9999 -9999 -9999 7.70655E-1 9.28307E-1 9.94525E-1 9.99064E-1 9.98656E-1 9.98246E-1 9.99933E-1 9.99843E-1 9.99928E-1 9.99967E-1 9.99778E-1 9.9964E-1 9.99998E-1 9.99905E-1 9.92064E-1 9.94164E-1 9.99462E-1 9.98577E-1 9.90934E-1 9.99633E-1 9.48958E-1 9.89833E-1 9.79155E-1 7.89779E-1 6.4674E-1 9.66944E-1 9.734E-1 7.81945E-1 5.41188E-1 6.89989E-1 9.89586E-1 7.98794E-1 6.83645E-1 6.72102E-1 8.54439E-1 4.55725E-1 5.5792E-1 6.13765E-1 1.05054E-1 7.81037E-2 6.26893E-2 5.88049E-2 2.92088E-2 2.28381E-2 9.21553E-2 4.37992E-2 4.84992E-2 3.29222E-2 6.37726E-3 3.77177E-3 4.98066E-3 1.12741E-1 5.90026E-2
-9999 -9999 -9999 -9999 -9999 -9999 -9999 -9999 -9999 -9999 -9999 -9999 -9999 -9999 -9999 -9999 -9999 -9999 -9999 -9999 -9999 9.67565E-1 9.80187E-1 1E0 1E0 9.99953E-1 9.99986E-1 9.99821E-1 9.99868E-1 9.99921E-1 9.99982E-1 9.99992E-1 9.99973E-1 1E0 9.99997E-1 9.99945E-1 9.99778E-1 9.98972E-1 9.99406E-1 9.99956E-1 9.99941E-1 9.96233E-1 9.54214E-1 9.41319E-1 9.34805E-1 8.91489E-1 9.0213E-1 9.66877E-1 9.05644E-1 6.1772E-1 1.19438E-1 1.6546E-1 9.46079E-1 9.85908E-1 9.98703E-1 9.64661E-1 8.04309E-1 7.68389E-1 4.04289E-2 1.26541E-2 2.63249E-2 3.75572E-2 6.00117E-3 7.49639E-3 4.96804E-3 5.95709E-2 2.72513E-2 1.81777E-1 9.21301E-2 1.01216E-2 8.99537E-3 1.2082E-2 3.02524E-2 2.95248E-2
-9999 -9999 -9999 -9999 -9999 -9999 -9999 -9999 -9999 -9999 -9999 -9999 -9999 -9999 -9999 -9999 -9999 -9999 -9999 9.86773E-1 -9999 9.67332E-1 9.88441E-1 1E0 1E0 9.99885E-1 9.99938E-1 9.99153E-1 9.97678E-1 9.99839E-1 9.99979E-1 9.99922E-1 9.99998E-1 1E0 9.99986E-1 9.99904E-1 9.99647E-1 9.99607E-1 9.92963E-1 9.99929E-1 9.9752E-1 8.71142E-1 9.53085E-1 8.91405E-1 8.61304E-1 6.848E-1 9.45413E-1 8.37148E-1 8.05919E-1 4.3736E-1 4.05731E-1 5.41759E-1 8.97365E-1 9.52889E-1 8.8384E-1 2.60257E-1 5.22018E-1 6.55836E-1 9.56493E-2 1.33797E-1 1.52073E-1 3.43323E-2 2.69335E-2 6.14912E-3 6.81165E-3 1.13879E-1 1.203E-1 5.09151E-1 1.34318E-1 2.05549E-2 2.48671E-2 3.12313E-2 3.1094E-2 2.04124E-2
-9999 -9999 -9999 -9999 -9999 -9999 -9999 -9999 -9999 -9999 -9999 -9999 -9999 -9999 -9999 -9999 -9999 -9999 3.50357E-1 4.93637E-1 9.18748E-1 9.99963E-1 9.99905E-1 9.99989E-1 9.99944E-1 9.99828E-1 9.99588E-1 9.95587E-1 9.99907E-1 9.99902E-1 9.99674E-1 9.99972E-1 9.99985E-1 9.9829E-1 9.99929E-1 9.84847E-1 9.95993E-1 9.99847E-1 9.97316E-1 9.99788E-1 9.88733E-1 9.71688E-1 9.1621E-1 9.32839E-1 9.94196E-1 9.65674E-1 8.35105E-1 5.5664E-1 6.86859E-1 7.75787E-1 4.75517E-1 4.01853E-1 3.48615E-1 2.53755E-1 2.2123E-1 1.92018E-1 1.98081E-1 3.11639E-1 1.9043E-1 1.7034E-1 2.5697E-1 8.49776E-2 8.64104E-2 2.09635E-2 2.86142E-2 3.91962E-2 1.12375E-1 2.95445E-1 2.24215E-1 4.89052E-2 1.03447E-1 9.00305E-2 5.34148E-2 1.48586E-2
-9999 -9999 -9999 -9999 -9999 -9999 -9999 -9999 -9999 -9999 -9999 -9999 -9999 -9999 -9999 -9999 -9999 9.66416E-1 6.8179E-1 7.14184E-1 9.63135E-1 9.97559E-1 9.99988E-1 9.99831E-1 9.99763E-1 9.99971E-1 9.9998E-1 9.99832E-1 9.99909E-1 9.99944E-1 9.99541E-1 9.87581E-1 9.67786E-1 9.97001E-1 9.62975E-1 9.88068E-1 9.8611E-1 9.99071E-1 9.98895E-1 9.59949E-1 8.95391E-1 8.63136E-1 8.59113E-1 9.02099E-1 9.9743E-1 9.89827E-1 8.64061E-1 7.94673E-1 7.76602E-1 5.77677E-1 3.52173E-1 1.48745E-1 8.98708E-2 4.75263E-2 8.01487E-2 3.9123E-1 1.6361E-1 2.58781E-1 5.29722E-1 1.27333E-1 2.25191E-1 6.12959E-2 1.06159E-1 6.53458E-2 1.86489E-2 1.25051E-2 2.1686E-3 3.76187E-3 7.74044E-3 3.57707E-2 2.06456E-2 1.0132E-2 8.13526E-3 5.84631E-3
-9999 -9999 -9999 -9999 -9999 -9999 -9999 -9999 -9999 -9999 -9999 -9999 -9999 -9999 -9999 -9999 -9999 9.94703E-1 9.94861E-1 9.99836E-1 9.99993E-1 9.99964E-1 9.99986E-1 9.99923E-1 9.99927E-1 9.99945E-1 9.99969E-1 9.9994E-1 9.99677E-1 9.97049E-1 9.87189E-1 9.96326E-1 9.99597E-1 9.95203E-1 9.98242E-1 9.25763E-1 9.57288E-1 9.26269E-1 9.86821E-1 9.83095E-1 9.88654E-1 9.11158E-1 9.90541E-1 9.1362E-1 9.72539E-1 8.85206E-1 9.88498E-1 9.60963E-1 8.20445E-1 3.77362E-1 2.71224E-1 2.53474E-1 7.94306E-2 2.7214E-2 2.60134E-2 1.48612E-1 2.88482E-1 3.18713E-1 6.79869E-1 5.0056E-1 1.67669E-1 1.0641E-1 3.28275E-2 3.17774E-2 4.67489E-2 1.86125E-2 2.27332E-2 8.4995E-2 1.70904E-2 1.46103E-2 2.4685E-2 1.72201E-2 2.53095E-3 1.44517E-3
-9999 -9999 -9999 -9999 -9999 -9999 -9999 -9999 -9999 -9999 -9999 -9999 -9999 -9999 -9999 -9999 -9999 1E0 9.99999E-1 1E0 9.99941E-1 9.99888E-1 9.99905E-1 9.99923E-1 9.9991E-1 9.99994E-1 9.99991E-1 9.99981E-1 9.9971E-1 9.99801E-1 9.98652E-1 9.97409E-1 9.98193E-1 9.96865E-1 9.95206E-1 8.44192E-1 7.05436E-1 9.27265E-1 8.54966E-1 9.75542E-1 9.75971E-1 9.57049E-1 9.39614E-1 9.10976E-1 9.57597E-1 9.82675E-1 9.79576E-1 9.43372E-1 7.87458E-1 2.25292E-1 3.89369E-1 1.37174E-1 1.52424E-1 2.06145E-2 7.29668E-3 5.99036E-2 2.01347E-1 5.77338E-1 7.55541E-1 9.87419E-1 3.65493E-1 2.56794E-2 1.89644E-2 3.75804E-2 3.21906E-2 1.9044E-2 6.18375E-3 1.3104E-2 1.69348E-2 5.02907E-2 4.43994E-2 1.45768E-2 1.31295E-2 8.20083E-3
-9999 -9999 -9999 -9999 -9999 -9999 -9999 -9999 -9999 -9999 -9999 -9999 -9999 -9999 -9999 -9999 -9999 9.99923E-1 9.99891E-1 9.99948E-1 9.99998E-1 9.99926E-1 9.99894E-1 9.99504E-1 9.99991E-1 9.99863E-1 9.98071E-1 9.99805E-1 9.9955E-1 9.95863E-1 9.97298E-1 9.93731E-1 9.99275E-1 9.92711E-1 9.94062E-1 7.79748E-1 8.50968E-1 5.85857E-1 9.94992E-1 9.69748E-1 9.52261E-1 9.79975E-1 9.60821E-1 8.90909E-1 9.26677E-1 9.38378E-1 9.0717E-1 8.57437E-1 8.03545E-1 3.78282E-1 4.21363E-1 2.04596E-1 6.7142E-2 1.61827E-2 2.53981E-3 4.47879E-2 1.34581E-1 2.68158E-1 5.02519E-1 9.51916E-1 4.03137E-1 1.83545E-2 6.69492E-2 1.78078E-1 7.48003E-2 2.02699E-2 1.26383E-2 3.70322E-2 1.81295E-2 3.33876E-2 1.83162E-2 1.6979E-2 1.89489E-2 2.22749E-2
-9999 -9999 -9999 -9999 -9999 -9999 -9999 -9999 -9999 -9999 -9999 -9999 -9999 -9999 -9999 -9999 -9999 -9999 9.99723E-1 9.99718E-1 9.9969E-1 9.99956E-1 9.99923E-1 9.99202E-1 9.99996E-1 9.99973E-1 9.99978E-1 9.99948E-1 9.99946E-1 9.9923E-1 9.53404E-1 9.88478E-1 9.70792E-1 9.92162E-1 9.58838E-1 8.80808E-1 7.44802E-1 8.78847E-1 6.80863E-1 8.55427E-1 9.8821E-1 9.95586E-1 9.09322E-1 8.89304E-1 6.89083E-1 8.84947E-1 8.0501E-1 7.88504E-1 9.62286E-1 8.7685E-1 6.22752E-1 3.21264E-1 3.57307E-1 1.87588E-1 9.22322E-3 7.43897E-2 3.50102E-1 5.50495E-1 5.25461E-1 8.1131E-1 3.44734E-2 2.4475E-2 7.09584E-2 1.58578E-1 6.94478E-2 2.40347E-2 2.85159E-2 2.4771E-2 3.53785E-2 3.64984E-2 2.20201E-2 3.60907E-2 1.85447E-2 7.32597E-3
-9999 -9999 -9999 -9999 -9999 -9999 -9999 -9999 -9999 -9999 -9999 -9999 -9999 -9999 -9999 -9999 -9999 -9999 -9999 -9999 9.99856E-1 9.99746E-1 9.99456E-1 9.99264E-1 9.99967E-1 9.99932E-1 9.99924E-1 9.99822E-1 9.99935E-1 9.94799E-1 9.89587E-1 9.52371E-1 9.49594E-1 9.28089E-1 7.5881E-1 9.00803E-1 8.7841E-1 7.8394E-1 9.72784E-1 9.41054E-1 9.82907E-1 9.66663E-1 9.21541E-1 9.48081E-1 9.26046E-1 9.58892E-1 9.24931E-1 6.7737E-1 8.66387E-1 8.47375E-1 6.58106E-1 7.28667E-1 4.59473E-1 1.24142E-1 8.56047E-3 7.62897E-2 3.29851E-1 2.60084E-1 6.67687E-1 1.04035E-1 8.12459E-2 1.75933E-2 1.24069E-1 1.36169E-1 1.6734E-1 1.32606E-1 1.3967E-2 2.77119E-2 2.19616E-2 2.46988E-2 1.19897E-2 3.51408E-2 6.87332E-2 5.45325E-3
-9999 -9999 -9999 -9999 -9999 -9999 -9999 -9999 -9999 -9999 -9999 -9999 -9999 -9999 -9999 -9999 -9999 -9999 -9999 -9999 9.99956E-1 9.99926E-1 9.99836E-1 9.99878E-1 9.99356E-1 9.99005E-1 9.99447E-1 9.99812E-1 1E0 9.99993E-1 9.84596E-1 9.94055E-1 9.22421E-1 9.0829E-1 7.51988E-1 6.75791E-1 7.53343E-1 9.42856E-1 9.16363E-1 8.40942E-1 8.68044E-1 8.20518E-1 8.84037E-1 9.04606E-1 9.58339E-1 9.91783E-1 8.84724E-1 5.26379E-1 8.87141E-1 8.82027E-1 7.93422E-1 5.22085E-1 3.78404E-1 1.3229E-1 3.74115E-2 3.40982E-2 1.27178E-1 2.29344E-1 5.06878E-1 1.19573E-1 1.4422E-1 5.57588E-2 9.28007E-2 1.48284E-1 3.49369E-2 1.17657E-2 1.11049E-2 1.78794E-2 4.66207E-2 8.28072E-2 9.97494E-2 2.09989E-1 5.06828E-2 1.18409E-2
-9999 -9999 -9999 -9999 -9999 -9999 -9999 -9999 -9999 -9999 -9999 -9999 -9999 -9999 -9999 -9999 -9999 -9999 -9999 -9999 9.99676E-1 9.99913E-1 9.99963E-1 9.99997E-1 9.99571E-1 9.9531E-1 9.97314E-1 9.98005E-1 9.99326E-1 9.95093E-1 9.9184E-1 9.99653E-1 9.9365E-1 9.2502E-1 6.54345E-1 9.24718E-1 9.7455E-1 9.32394E-1 9.70344E-1 9.05089E-1 8.44299E-1 8.30974E-1 4.79521E-1 6.37382E-1 9.73699E-1 5.15001E-1 2.1199E-1 5.6122E-2 6.97929E-1 7.38546E-1 8.46106E-1 7.23473E-1 6.00641E-1 2.46179E-1 2.2462E-1 6.75376E-2 1.81633E-2 7.63384E-2 2.30179E-1 2.74785E-1 6.30279E-2 6.88902E-2 6.51522E-2 4.85656E-2 2.69839E-2 1.06028E-2 1.17776E-2 1.70441E-2 5.32467E-2 1.35095E-1 1.35608E-1 1.01377E-1 2.76776E-2 1.09897E-2
-9999 -9999 -9999 -9999 -9999 -9999 -9999 -9999 -9999 -9999 -9999 -9999 -9999 -9999 -9999 -9999 -9999 -9999 -9999 -9999 9.99373E-1 9.99658E-1 9.98416E-1 9.99984E-1 9.99371E-1 9.92317E-1 9.95829E-1 9.66974E-1 9.95757E-1 9.32982E-1 9.65958E-1 9.94276E-1 9.94808E-1 9.90317E-1 8.42938E-1 8.64368E-1 9.74513E-1 9.38838E-1 9.79803E-1 9.40896E-1 8.8704E-1 5.04381E-1 2.60307E-1 4.98255E-1 9.69258E-1 6.73358E-2 2.0118E-2 1.50218E-1 8.19846E-1 5.94846E-1 6.92999E-1 8.09857E-1 5.40096E-1 4.01445E-1 3.85883E-1 1.41953E-1 5.13318E-2 5.01215E-2 4.74453E-2 1.78708E-1 1.35497E-1 6.3945E-2 3.98305E-2 2.64471E-2 1.18847E-2 6.06802E-3 7.83333E-3 1.50455E-2 7.20387E-2 7.06954E-2 7.9769E-2 5.58844E-2 5.04568E-2 3.0105E-3
-9999 -9999 -9999 -9999 -9999 -9999 -9999 -9999 -9999 -9999 -9999 -9999 -9999 -9999 -9999 -9999 -9999 -9999 -9999 -9999 9.99813E-1 9.99973E-1 9.97672E-1 9.99468E-1 9.98998E-1 9.94977E-1 9.37748E-1 9.3162E-1 9.84238E-1 9.09004E-1 9.84675E-1 9.39012E-1 7.14576E-1 5.0033E-1 6.39948E-1 9.29535E-1 9.3996E-1 9.87739E-1 9.8933E-1 9.6496E-1 7.07288E-1 1.6856E-1 1.72309E-1 6.86781E-1 9.38566E-1 4.95999E-1 1.56836E-1 4.1956E-1 7.83061E-1 2.66751E-1 1.64716E-1 3.90512E-1 1.58406E-1 2.46134E-1 1.21202E-1 1.01721E-1 7.76133E-2 5.26631E-2 1.5865E-1 2.3733E-1 9.50466E-2 2.46811E-2 2.68854E-2 1.12542E-1 1.48998E-2 2.86963E-2 2.914E-2 7.20359E-3 4.17062E-3 1.65187E-2 7.49208E-3 6.65693E-3 3.1407E-2 3.16213E-3
-9999 -9999 -9999 -9999 -9999 -9999 -9999 -9999 -9999 -9999 -9999 -9999 -9999 -9999 -9999 -9999 -9999 -9999 -9999 9.99887E-1 9.99862E-1 9.98822E-1 9.99826E-1 9.99633E-1 9.98981E-1 9.86906E-1 9.77351E-1 9.85489E-1 9.98573E-1 9.61725E-1 9.90787E-1 8.83888E-1 9.20937E-1 8.55696E-1 5.26204E-1 9.63242E-1 7.66589E-1 7.30088E-1 9.55306E-1 9.37621E-1 8.11935E-1 3.65758E-1 9.40178E-2 2.63844E-1 3.16717E-1 7.5043E-1 9.27353E-1 1.68932E-1 3.77096E-1 2.20025E-1 1.8907E-1 2.61693E-1 1.62722E-1 9.32823E-2 3.04862E-2 9.1403E-3 1.65496E-2 3.71872E-2 1.04354E-1 1.47365E-1 5.12311E-2 2.18265E-2 4.05086E-2 9.21683E-2 2.43163E-2 2.19688E-2 4.87415E-2 1.05962E-2 1.35791E-3 7.38673E-3 8.2323E-3 4.90333E-3 1.72031E-3 4.17888E-3
-9999 -9999 -9999 -9999 -9999 -9999 -9999 -9999 -9999 -9999 -9999 -9999 -9999 -9999 -9999 -9999 -9999 -9999 9.99999E-1 9.99996E-1 9.99789E-1 9.99986E-1 9.99897E-1 9.99908E-1 9.91445E-1 9.92583E-1 9.82495E-1 9.89753E-1 9.73431E-1 9.39102E-1 9.58608E-1 9.6209E-1 8.91788E-1 6.826E-1 9.02836E-1 9.57929E-1 8.39541E-1 7.79808E-1 9.72932E-1 8.62883E-1 5.53854E-1 3.18608E-1 1.52416E-1 1.28085E-1 7.08889E-2 5.6776E-1 9.10507E-1 3.40769E-1 5.13629E-1 5.02477E-1 2.27034E-1 3.35178E-1 3.44607E-1 5.60695E-2 5.41943E-3 9.0316E-4 1.38765E-2 2.42852E-2 1.10242E-1 8.79062E-2 2.83771E-2 2.04708E-2 1.70951E-2 7.73918E-2 3.46388E-2 3.86796E-2 2.66052E-2 2.17733E-2 3.63629E-3 3.02198E-3 7.55159E-3 2.91474E-3 1.1039E-3 2.54522E-3
-9999 -9999 -9999 -9999 -9999 -9999 -9999 -9999 -9999 -9999 -9999 -9999 -9999 -9999 -9999 -9999 -9999 -9999 9.99912E-1 9.99955E-1 9.99088E-1 9.99225E-1 9.95257E-1 9.67707E-1 9.95739E-1 9.93688E-1 9.89675E-1 9.87638E-1 9.21183E-1 9.04894E-1 8.86196E-1 7.83671E-1 5.80875E-1 3.57362E-1 5.49628E-1 8.91396E-1 6.86578E-1 8.9023E-1 8.74611E-1 5.76903E-1 3.74882E-1 5.26555E-1 5.80055E-1 3.18653E-1 2.76015E-1 5.17586E-1 7.78199E-1 8.60616E-1 8.52857E-1 8.2191E-1 5.51825E-1 4.74488E-1 3.25847E-1 1.22123E-1 7.09873E-3 2.12776E-3 9.9149E-3 2.55518E-2 4.48828E-2 9.26751E-2 3.50217E-2 3.475E-2 3.62105E-2 6.66746E-2 8.43522E-2 8.94392E-2 2.25555E-2 1.74657E-2 3.97376E-3 2.02346E-3 1.74976E-3 2.67102E-3 9.11033E-4 1.58669E-3
-9999 -9999 -9999 -9999 -9999 -9999 -9999 -9999 -9999 -9999 -9999 -9999 -9999 -9999 -9999 -9999 -9999 9.99963E-1 9.99933E-1 9.99966E-1 1E0 1E0 9.9777E-1 9.92361E-1 9.53894E-1 9.97573E-1 9.84027E-1 9.51566E-1 9.54197E-1 9.43958E-1 9.95059E-1 9.9772E-1 3.98376E-1 1.9769E-1 2.44456E-1 3.52008E-1 9.70892E-1 9.00703E-1 8.22725E-1 8.79949E-1 9.45247E-1 9.31103E-1 8.4293E-1 5.23116E-1 4.00704E-1 4.79971E-1 6.71484E-1 6.77166E-1 6.83125E-1 7.87852E-1 7.11995E-1 7.37153E-1 6.3261E-1 4.37271E-1 4.60245E-3 7.02353E-3 1.20743E-2 3.78112E-2 3.59736E-2 1.0408E-1 4.25496E-2 5.34689E-2 1.18455E-1 4.32494E-2 8.26455E-2 2.89804E-1 9.46138E-2 7.28116E-2 1.30057E-2 5.94906E-4 1.0341E-3 7.41756E-4 7.3477E-4 4.36075E-3
-9999 -9999 -9999 -9999 -9999 -9999 -9999 -9999 -9999 -9999 -9999 -9999 -9999 -9999 -9999 -9999 1E0 9.99999E-1 9.99958E-1 9.99994E-1 9.99999E-1 9.99886E-1 9.99996E-1 9.78511E-1 9.99969E-1 9.99987E-1 9.7991E-1 9.7388E-1 9.84203E-1 9.3536E-1 9.90975E-1 9.73042E-1 4.89643E-1 3.51098E-1 2.24775E-1 2.18025E-1 3.63839E-1 5.56908E-1 7.93796E-1 7.99245E-1 9.42212E-1 9.66266E-1 9.86205E-1 8.56142E-1 4.4898E-1 5.80532E-1 8.87944E-1 9.27231E-1 6.20731E-1 5.881E-1 5.14186E-1 4.97409E-1 4.09768E-1 2.80974E-1 2.66545E-1 1.14714E-2 9.99564E-3 1.00193E-2 1.18999E-2 4.27445E-2 4.13386E-2 6.45838E-2 3.01649E-2 2.88496E-2 3.53801E-2 6.96599E-2 9.62717E-2 4.92673E-2 1.43181E-2 1.23132E-4 2.21526E-4 2.17308E-3 1.25435E-3 5.41507E-3
-9999 -9999 -9999 -9999 -9999 -9999 -9999 -9999 -9999 -9999 -9999 -9999 -9999 -9999 -9999 -9999 9.99999E-1 9.99946E-1 9.99994E-1 9.99972E-1 9.99994E-1 9.99893E-1 9.99987E-1 9.95268E-1 9.9755E-1 9.99999E-1 9.96883E-1 7.8537E-1 6.53329E-1 8.22935E-1 9.04793E-1 7.77331E-1 3.55934E-1 3.86677E-1 2.22351E-1 2.08872E-1 2.28402E-1 5.64902E-1 6.62064E-1 7.736E-1 8.27389E-1 9.96352E-1 9.19835E-1 8.94365E-1 6.86654E-1 8.35549E-1 8.66679E-1 8.03089E-1 4.44298E-1 2.92927E-1 3.27611E-1 3.85448E-1 3.06846E-1 9.39056E-2 1.15944E-1 5.21376E-2 1.04637E-2 3.25597E-3 6.40232E-3 1.72299E-2 2.24548E-2 4.26553E-2 4.40417E-2 2.92815E-2 2.53868E-2 4.13086E-2 3.34443E-2 2.18831E-2 8.81454E-3 3.24055E-3 1.15092E-3 7.8041E-3 3.32395E-3 1.39879E-3
-9999 -9999 -9999 -9999 -9999 -9999 -9999 -9999 -9999 -9999 -9999 -9999 -9999 -9999 -9999 1E0 9.99993E-1 9.99999E-1 9.99951E-1 9.99991E-1 9.99997E-1 1E0 9.99998E-1 9.97646E-1 9.92366E-1 9.99981E-1 9.96658E-1 9.10943E-1 8.68453E-1 7.87033E-1 6.56212E-1 5.03274E-1 2.95895E-1 3.1738E-1 1.98356E-1 3.39109E-1 2.03041E-1 2.69286E-1 7.5361E-1 8.91327E-1 9.77092E-1 9.79878E-1 8.23948E-1 9.33539E-1 7.45367E-1 8.42027E-1 7.78927E-1 6.38547E-1 3.25353E-1 1.97771E-1 1.6675E-1 3.77395E-1 2.27787E-1 1.37097E-1 1.15673E-2 1.08534E-2 5.51345E-3 7.69206E-3 1.05485E-2 1.55314E-2 2.06674E-2 2.52688E-2 6.27878E-2 3.66581E-2 1.67634E-2 2.24416E-2 2.07875E-2 1.40756E-2 1.0903E-2 2.2015E-3 3.51465E-3 5.85611E-3 2.96426E-3 1.64112E-3
