ENM/Final_Models/M_2_F_q_Set_1_E/Gustavia_santanderiensis_Choco_min.asc
ncols         367
nrows         963
xllcorner     -78.6
yllcorner     0.65
cellsize      0.00833333333333323
NODATA_value  -9999
[rows 90 to 119 of 963, columns 201 to 267 of 367]
-9999 -9999 -9999 -9999 -9999 -9999 -9999 -9999 -9999 -9999 -9999 -9999 -9999 -9999 -9999 -9999 -9999 -9999 -9999 -9999 -9999 -9999 -9999 -9999 -9999 -9999 -9999 -9999 -9999 -9999 -9999 -9999 -9999 -9999 -9999 -9999 -9999 -9999 -9999 -9999 -9999 -9999 9.09964E-2 1.10145E-1 1.96445E-1 1.08235E-1 5.68225E-2 1.63331E-2 1.47113E-2 5.17111E-3 1.16848E-2 2.14493E-2 9.46499E-2 1.36808E-1 1.04369E-1 9.55553E-2 1.4312E-1 2.04385E-1 1.83653E-1 4.96828E-2 -9999 -9999 -9999 -9999 -9999 -9999 -9999
-9999 -9999 -9999 -9999 -9999 -9999 -9999 -9999 -9999 -9999 -9999 -9999 -9999 -9999 -9999 -9999 -9999 -9999 -9999 -9999 -9999 -9999 -9999 -9999 -9999 3.50988E-1 -9999 -9999 -9999 -9999 -9999 -9999 -9999 -9999 -9999 -9999 -9999 -9999 -9999 -9999 -9999 -9999 7.66759E-2 7.80226E-2 1.22259E-1 1.31145E-1 9.48369E-2 2.44221E-2 1.70316E-2 5.59005E-3 1.08726E-2 2.33894E-2 8.47063E-2 1.36713E-1 1.17009E-1 5.35119E-2 1.94085E-1 1.68639E-1 1.14064E-1 -9999 -9999 -9999 -9999 -9999 -9999 -9999 -9999
-9999 -9999 -9999 -9999 -9999 -9999 -9999 -9999 -9999 -9999 -9999 -9999 -9999 -9999 -9999 -9999 -9999 -9999 -9999 -9999 -9999 -9999 -9999 -9999 -9999 2.86942E-1 -9999 -9999 -9999 -9999 -9999 -9999 -9999 -9999 -9999 -9999 -9999 -9999 -9999 -9999 -9999 -9999 8.56593E-2 9.24132E-2 2.48496E-1 1.83853E-1 4.69619E-2 1.65087E-2 1.32672E-2 7.36161E-3 7.21341E-3 3.7802E-2 6.50557E-2 8.56922E-2 1.53967E-1 1.69973E-1 1.19088E-1 2.80661E-2 4.20063E-2 -9999 -9999 -9999 -9999 -9999 -9999 -9999 -9999
-9999 -9999 -9999 -9999 -9999 -9999 -9999 -9999 -9999 -9999 -9999 -9999 -9999 -9999 -9999 -9999 -9999 -9999 -9999 -9999 -9999 -9999 -9999 -9999 1.004E-1 4.76256E-1 7.79176E-1 -9999 -9999 -9999 -9999 -9999 -9999 -9999 -9999 -9999 -9999 -9999 -9999 -9999 -9999 -9999 9.09866E-2 9.83093E-2 2.16659E-1 1.91061E-1 1.21575E-1 4.14126E-2 2.43355E-2 1.27427E-2 7.58007E-3 4.13438E-2 4.12467E-2 6.08732E-2 1.11921E-1 5.27451E-2 3.82409E-2 1.48366E-2 -9999 -9999 -9999 -9999 -9999 -9999 -9999 -9999 -9999
-9999 -9999 -9999 -9999 -9999 -9999 -9999 -9999 -9999 -9999 -9999 -9999 -9999 -9999 -9999 -9999 -9999 -9999 -9999 -9999 -9999 -9999 -9999 4.93033E-2 7.00305E-2 3.10094E-1 4.57723E-1 5.52203E-1 -9999 -9999 -9999 -9999 -9999 -9999 -9999 -9999 -9999 -9999 -9999 -9999 -9999 1.01438E-1 -9999 2.6058E-1 2.32682E-1 3.24207E-1 1.39487E-1 6.55645E-2 4.86532E-2 4.31754E-2 1.35761E-2 2.38635E-2 4.36269E-2 6.39221E-2 7.09398E-2 2.6667E-2 2.41281E-2 3.59144E-2 -9999 -9999 -9999 -9999 -9999 -9999 -9999 -9999 -9999
-9999 -9999 -9999 -9999 -9999 -9999 -9999 -9999 -9999 -9999 -9999 -9999 -9999 -9999 -9999 -9999 -9999 -9999 -9999 -9999 -9999 -9999 1.30831E-2 7.30639E-2 1.65952E-1 2.07972E-1 6.17796E-1 3.90239E-1 4.80116E-1 -9999 -9999 -9999 -9999 -9999 -9999 -9999 -9999 -9999 -9999 -9999 -9999 -9999 -9999 5.96861E-1 3.59533E-1 1.59756E-1 9.02939E-2 3.48182E-2 1.66891E-2 1.55943E-2 1.66602E-2 2.75693E-2 2.15122E-2 4.8856E-2 1.57979E-2 1.4108E-2 1.13988E-2 3.25913E-2 -9999 -9999 -9999 -9999 -9999 -9999 -9999 -9999 -9999
-9999 -9999 -9999 -9999 -9999 -9999 -9999 -9999 -9999 -9999 -9999 -9999 -9999 -9999 -9999 -9999 -9999 -9999 -9999 -9999 8.27373E-4 3.13492E-2 4.96479E-2 1.13803E-1 4.37927E-1 5.05944E-1 3.92965E-1 3.51902E-1 4.23248E-1 7.43086E-1 -9999 -9999 -9999 -9999 -9999 -9999 -9999 -9999 -9999 -9999 -9999 -9999 -9999 5.29304E-1 3.82707E-1 1.64377E-1 6.11782E-2 3.23682E-2 9.76894E-3 6.99082E-3 2.56113E-2 1.84099E-2 1.52314E-2 3.88214E-2 1.03242E-2 1.03364E-2 2.14894E-2 5.21526E-2 -9999 -9999 -9999 -9999 -9999 -9999 -9999 -9999 -9999
-9999 -9999 -9999 -9999 -9999 -9999 -9999 -9999 -9999 -9999 -9999 -9999 -9999 -9999 -9999 -9999 -9999 1.09947E-4 1.42803E-4 3.55545E-4 1.04634E-3 9.96821E-3 6.79422E-2 8.08507E-2 3.43643E-1 4.03373E-1 4.77429E-1 4.68803E-1 8.41058E-1 9.37182E-1 5.71662E-1 -9999 -9999 -9999 -9999 -9999 -9999 -9999 -9999 -9999 -9999 -9999 7.15375E-1 3.21888E-1 2.27892E-1 3.29186E-1 7.55265E-2 5.1153E-2 1.33717E-2 5.71236E-3 2.5801E-2 4.75841E-2 5.84327E-2 4.0859E-2 1.46976E-2 7.15752E-3 2.78191E-2 -9999 -9999 -9999 -9999 -9999 -9999 -9999 -9999 -9999 -9999
-9999 -9999 -9999 -9999 -9999 -9999 -9999 -9999 -9999 -9999 -9999 -9999 -9999 -9999 2.63166E-4 2.40238E-4 2.35486E-4 2.04654E-4 1.8768E-4 2.27235E-3 5.96908E-3 3.92094E-2 8.8705E-2 1.47725E-1 1.89413E-1 2.17972E-1 4.50392E-1 7.73706E-1 8.25394E-1 5.56395E-1 8.48105E-1 9.76156E-1 -9999 -9999 -9999 -9999 -9999 -9999 -9999 -9999 -9999 -9999 6.92388E-1 4.14463E-1 4.37827E-1 6.99332E-2 9.73597E-2 1.0098E-1 2.42939E-2 1.0122E-2 1.65786E-2 3.6369E-2 1.10154E-1 6.89563E-2 2.23963E-2 5.37377E-3 -9999 -9999 -9999 -9999 -9999 -9999 -9999 -9999 -9999 -9999 -9999
-9999 -9999 -9999 -9999 -9999 -9999 -9999 -9999 -9999 -9999 -9999 8.23208E-5 5.59732E-5 9.03303E-5 1.81014E-4 8.96493E-5 1.20389E-4 2.82888E-4 3.93732E-4 2.33376E-3 9.51875E-3 5.97824E-2 1.27189E-1 1.22786E-1 2.45901E-1 3.70071E-1 3.55245E-1 7.39354E-1 7.80446E-1 4.96238E-1 9.43647E-1 7.97786E-1 8.25491E-1 -9999 -9999 -9999 -9999 -9999 -9999 -9999 -9999 -9999 5.86255E-1 4.49104E-1 1.69896E-1 9.0993E-2 1.14543E-1 4.00741E-2 1.99184E-2 3.85579E-2 6.03765E-2 8.50291E-2 1.86501E-1 6.69739E-2 2.53173E-2 2.34228E-2 -9999 -9999 -9999 -9999 -9999 -9999 -9999 -9999 -9999 -9999 -9999
1.56168E-3 9.19286E-4 9.20396E-4 -9999 1.18094E-4 1.83745E-4 1.30073E-4 2.86356E-4 3.94507E-4 3.32218E-4 2.34642E-4 1.56418E-4 1.42345E-4 1.28163E-4 6.65743E-4 9.55669E-5 1.63234E-4 1.19511E-4 3.28289E-3 2.52702E-3 2.24978E-2 5.98538E-2 8.25419E-2 3.22187E-1 3.26657E-1 3.61026E-1 2.36085E-1 5.32361E-1 8.1299E-1 8.08544E-1 9.54205E-1 5.96702E-1 9.16129E-1 9.12445E-1 -9999 -9999 -9999 -9999 -9999 -9999 -9999 -9999 4.59801E-1 5.29859E-1 3.31723E-1 1.00175E-1 1.22445E-1 9.98357E-2 3.02403E-2 3.40169E-2 1.53579E-1 1.66144E-1 1.80292E-1 4.03464E-2 4.2257E-2 1.0629E-1 -9999 -9999 -9999 -9999 -9999 -9999 -9999 -9999 -9999 -9999 -9999
3.05465E-3 8.37617E-4 4.62428E-4 1.00303E-3 6.83779E-4 7.11753E-4 4.59056E-4 3.72107E-4 1.21928E-4 6.89177E-4 5.88742E-4 3.16829E-4 9.48053E-5 1.97111E-4 1.96929E-4 1.56709E-4 1.03763E-4 1.24415E-3 8.69062E-3 9.65531E-3 3.92686E-2 5.68506E-2 1.35547E-1 2.99308E-1 4.55007E-1 5.0825E-1 5.26035E-1 6.45515E-1 8.76338E-1 9.59694E-1 7.36784E-1 7.18292E-1 7.78067E-1 7.1058E-1 7.74512E-1 -9999 -9999 -9999 -9999 -9999 -9999 -9999 -9999 3.73601E-1 2.52099E-1 1.23665E-1 2.011E-1 1.71898E-1 5.74127E-2 3.23352E-2 1.55458E-1 3.04719E-1 1.5206E-1 5.05977E-2 5.84592E-2 1.25618E-1 1.57345E-1 -9999 -9999 -9999 -9999 -9999 -9999 -9999 -9999 -9999 -9999
2.45187E-3 1.72267E-3 4.74497E-4 7.24624E-4 6.67982E-4 8.395E-4 1.63061E-3 8.35474E-4 1.22286E-3 9.5401E-4 7.41151E-4 3.63154E-4 3.51538E-4 3.4774E-4 1.70354E-4 2.99324E-4 8.5002E-4 1.00159E-3 1.00255E-2 1.29556E-2 1.27699E-2 9.63511E-2 1.42777E-1 1.44901E-1 4.27576E-1 7.00193E-1 8.48992E-1 6.41369E-1 9.60752E-1 6.07713E-1 5.33352E-1 9.07397E-1 8.99202E-1 7.22274E-1 4.84018E-1 4.15275E-1 -9999 -9999 -9999 -9999 -9999 -9999 -9999 4.10956E-1 4.63703E-1 6.08817E-1 1.18625E-1 2.31599E-1 7.87325E-2 3.92556E-2 1.18292E-1 1.17839E-1 7.51388E-2 3.63132E-2 7.6699E-2 7.94531E-2 -9999 -9999 -9999 -9999 -9999 -9999 -9999 -9999 -9999 -9999 -9999
4.41843E-3 1.07066E-3 5.13921E-4 4.95053E-4 4.33092E-4 2.04874E-3 4.05164E-4 8.46451E-4 6.60222E-4 1.7786E-3 6.92337E-4 5.85858E-4 7.24427E-4 6.87783E-4 4.57748E-4 5.67541E-4 1.28429E-3 2.74933E-3 3.46116E-2 3.96254E-2 4.48021E-2 9.87767E-2 6.13629E-2 1.07721E-1 4.56155E-1 6.71626E-1 6.69175E-1 6.39791E-1 9.66256E-1 6.11504E-1 4.69534E-1 7.71147E-1 7.79376E-1 7.50979E-1 6.82165E-1 6.02758E-1 2.84323E-1 3.968E-1 -9999 -9999 -9999 -9999 -9999 3.27848E-1 3.916E-1 4.68608E-1 2.03834E-1 1.26675E-1 1.48529E-1 1.16571E-1 1.90204E-1 1.4599E-1 3.88473E-2 1.7347E-2 5.33649E-2 5.1943E-2 -9999 -9999 -9999 -9999 -9999 -9999 -9999 -9999 -9999 -9999 -9999
3.19363E-3 1.65611E-3 6.81453E-4 6.24349E-4 7.40483E-4 9.73415E-4 5.56498E-4 6.3273E-4 6.66965E-4 7.65432E-4 1.67322E-3 2.80327E-3 1.08442E-3 1.68499E-3 2.92942E-3 3.06486E-3 2.32314E-3 7.2497E-3 4.53679E-2 1.44732E-1 9.71764E-2 7.29374E-2 7.42617E-2 5.05399E-2 2.24713E-1 5.11701E-1 3.14416E-1 6.56969E-1 9.75334E-1 4.9469E-1 3.88088E-1 7.29009E-1 8.68633E-1 6.56359E-1 5.04686E-1 6.42922E-1 5.92925E-1 2.83221E-1 2.64674E-1 -9999 -9999 -9999 -9999 4.17649E-1 2.80429E-1 2.07558E-1 1.25027E-1 1.52009E-1 1.14734E-1 3.33933E-1 3.55961E-1 1.69238E-1 3.84709E-2 1.46849E-2 8.97038E-2 -9999 -9999 -9999 -9999 -9999 -9999 -9999 -9999 -9999 -9999 -9999 -9999
9.9399E-3 6.32571E-3 1.18414E-3 5.35821E-4 6.77179E-4 1.32036E-3 4.16905E-3 4.37777E-4 5.55776E-4 8.19508E-4 7.54524E-4 1.96456E-3 2.54834E-3 5.91917E-3 7.29642E-4 2.09587E-3 3.19804E-3 2.32355E-2 7.64053E-2 2.75751E-2 1.41383E-1 1.47066E-1 4.94466E-2 4.12561E-2 1.29665E-1 4.55343E-1 4.27448E-1 4.95342E-1 6.37615E-1 4.51625E-1 8.7399E-1 4.56688E-1 4.54162E-1 4.70093E-1 5.68745E-1 3.3744E-1 1.48398E-1 4.39033E-1 3.5922E-1 3.47479E-1 5.43347E-1 -9999 -9999 -9999 -9999 -9999 6.91333E-2 1.0876E-1 2.84073E-1 4.51388E-1 2.62067E-1 1.16679E-1 5.30421E-2 5.95554E-2 1.38851E-1 -9999 -9999 -9999 -9999 -9999 -9999 -9999 -9999 -9999 -9999 -9999 -9999
1.10975E-2 1.00366E-2 1.349E-3 6.10338E-4 1.10506E-3 7.09272E-4 4.52096E-3 1.62949E-3 1.61893E-3 1.27608E-3 3.4503E-3 9.51407E-4 1.36509E-3 6.09316E-4 1.74651E-3 5.22487E-3 4.94716E-2 1.30441E-1 2.08089E-1 9.67914E-2 6.30018E-2 5.51354E-2 9.14305E-2 1.94745E-1 1.85444E-1 5.30886E-1 4.91751E-1 2.88323E-1 2.19737E-1 4.71261E-1 6.60668E-1 6.4802E-1 6.2754E-1 3.20684E-1 3.48141E-1 2.30563E-1 2.0767E-1 2.39513E-1 4.165E-1 5.05293E-1 6.31484E-1 4.48585E-1 -9999 -9999 -9999 -9999 1.96922E-1 1.57774E-1 3.37528E-1 4.81697E-1 2.89649E-1 1.3397E-1 7.58687E-2 5.46237E-2 1.10004E-1 -9999 -9999 -9999 -9999 -9999 -9999 -9999 -9999 -9999 -9999 -9999 -9999
2.17363E-2 1.04832E-2 6.50588E-3 4.0574E-3 2.08784E-3 1.13586E-3 2.88179E-3 2.03505E-3 1.59779E-3 1.89313E-2 6.59048E-3 2.24328E-3 1.48721E-3 9.51523E-4 7.7981E-4 2.50508E-3 6.68459E-3 2.26457E-2 1.23776E-1 1.27376E-1 1.22417E-1 7.05521E-2 1.75671E-1 2.75138E-1 2.67012E-1 4.32554E-1 4.53669E-1 4.50362E-1 3.00339E-1 2.74858E-1 5.59836E-1 7.38916E-1 6.46304E-1 4.31944E-1 3.49941E-1 3.71991E-1 3.14121E-1 2.62745E-1 3.59266E-1 4.26784E-1 5.10403E-1 4.90592E-1 6.30302E-1 -9999 -9999 -9999 -9999 -9999 -9999 5.78172E-1 4.98865E-1 2.21411E-1 9.79462E-2 3.42728E-2 -9999 -9999 -9999 -9999 -9999 -9999 -9999 -9999 -9999 -9999 -9999 -9999 -9999
1.78454E-2 1.07428E-2 3.95706E-3 1.83883E-3 1.90479E-3 1.80592E-3 2.05118E-3 4.51403E-3 2.13481E-3 1.62991E-3 3.41367E-3 1.75967E-2 5.69024E-3 4.35571E-3 4.43317E-3 9.85594E-3 3.39625E-2 8.10562E-2 1.41017E-1 1.19332E-1 1.20633E-1 1.22473E-1 3.94446E-1 3.43125E-1 2.38671E-1 2.86836E-1 3.63248E-1 3.6331E-1 3.16655E-1 3.19494E-1 4.15984E-1 7.9697E-1 6.72216E-1 6.60877E-1 3.72165E-1 5.70135E-1 5.94998E-1 5.69195E-1 4.42551E-1 4.19313E-1 4.85384E-1 5.51744E-1 5.03198E-1 5.45793E-1 -9999 -9999 -9999 -9999 1.42249E-1 2.86388E-1 9.84182E-2 1.03371E-1 6.79027E-2 2.60844E-2 -9999 -9999 -9999 -9999 -9999 -9999 -9999 -9999 -9999 -9999 -9999 -9999 -9999
5.1218E-3 4.33322E-3 1.7607E-3 1.30061E-3 1.37446E-3 2.82644E-3 4.0481E-3 1.88126E-3 2.88814E-3 5.78472E-3 8.92571E-3 1.59719E-2 2.22569E-2 4.26522E-3 5.12247E-3 5.1822E-3 3.76131E-2 6.10511E-2 8.4513E-2 1.28295E-1 1.51073E-1 1.41679E-1 4.27536E-1 3.06494E-1 4.27241E-1 3.23479E-1 2.91594E-1 5.19294E-1 4.00724E-1 4.77012E-1 4.00545E-1 8.99447E-1 7.31744E-1 6.50036E-1 1.13798E-1 1.90275E-1 3.59878E-1 3.64796E-1 3.89896E-1 4.37554E-1 8.46201E-1 4.89205E-1 6.39697E-1 5.89069E-1 6.76882E-1 3.26776E-1 -9999 -9999 2.04899E-1 3.92326E-1 2.29697E-2 7.57396E-3 1.82164E-2 3.61169E-2 -9999 -9999 -9999 -9999 -9999 -9999 -9999 -9999 -9999 -9999 -9999 -9999 -9999
1.17769E-2 1.51959E-2 1.11332E-2 4.74117E-3 2.40482E-3 1.25822E-3 2.20255E-3 9.3225E-3 1.13166E-2 1.91475E-2 1.48171E-2 1.26582E-2 2.97881E-2 8.16304E-3 1.94695E-2 8.21451E-3 6.2003E-2 4.62207E-2 4.78047E-2 1.1841E-1 7.16326E-2 1.0915E-1 3.77236E-1 3.5625E-1 5.45583E-1 2.64954E-1 3.86528E-1 3.62459E-1 5.12835E-1 3.4373E-1 5.29928E-1 9.8798E-1 3.03147E-1 5.82765E-1 4.61973E-1 5.78689E-1 6.13455E-1 5.15992E-1 5.18758E-1 5.32053E-1 3.79484E-1 7.89729E-1 7.64689E-1 7.56198E-1 9.00242E-1 3.7503E-1 2.1508E-1 2.78513E-1 4.21027E-1 2.22747E-1 1.91123E-2 3.06322E-3 1.23203E-2 1.7921E-2 -9999 -9999 -9999 -9999 -9999 -9999 -9999 -9999 -9999 -9999 -9999 -9999 -9999
1.15957E-2 1.75835E-2 1.82012E-2 1.82129E-2 3.30797E-3 1.14677E-3 9.20459E-4 1.4599E-2 6.16591E-3 2.56328E-2 3.06791E-2 1.43602E-2 8.24209E-3 7.26513E-4 4.62563E-3 2.97935E-3 3.00836E-3 1.50024E-2 3.60708E-2 1.35927E-1 8.09292E-2 1.02191E-1 1.0921E-1 2.04135E-1 3.90456E-1 5.56361E-1 3.66034E-1 2.864E-1 5.31962E-1 3.63944E-1 5.57402E-1 8.95645E-1 4.41597E-1 3.92083E-1 5.25145E-1 3.33056E-1 5.18221E-1 6.32418E-1 6.72715E-1 9.84456E-1 6.5501E-1 3.20454E-1 4.01867E-1 3.79525E-1 4.40326E-1 3.3802E-1 2.38788E-1 4.48103E-1 3.59075E-1 2.22288E-1 5.75809E-2 5.48367E-3 2.05303E-2 4.05863E-2 1.62297E-2 -9999 -9999 -9999 -9999 -9999 -9999 -9999 -9999 -9999 -9999 -9999 -9999
5.9551E-3 9.35475E-3 8.98701E-3 1.59083E-2 2.46713E-2 1.319E-2 5.51083E-3 3.99521E-2 2.62697E-2 2.68812E-2 2.55506E-2 1.87981E-2 2.39247E-2 2.0037E-3 3.79706E-3 1.49688E-3 8.56666E-3 4.16518E-2 2.07594E-2 1.09492E-1 1.01722E-1 8.97971E-2 1.69047E-1 1.77876E-1 6.69881E-1 4.68454E-1 2.55255E-1 1.43275E-1 2.28202E-1 4.46257E-1 4.32726E-1 4.8514E-1 4.55643E-1 5.69408E-1 3.97738E-1 5.77546E-1 2.51952E-1 2.26683E-1 4.94651E-1 6.95053E-1 7.03453E-1 5.34619E-1 8.37833E-1 5.29184E-1 2.44703E-1 3.93493E-1 4.45703E-1 4.39076E-1 1.67681E-1 1.29472E-1 4.51503E-2 1.19259E-2 9.86635E-3 2.24271E-2 6.31996E-2 -9999 -9999 -9999 -9999 -9999 -9999 -9999 -9999 -9999 -9999 -9999 -9999
9.0866E-3 4.30667E-2 1.30671E-2 1.30009E-2 1.52008E-2 2.18957E-3 4.13563E-3 3.76594E-2 3.08566E-2 2.15322E-2 1.80992E-2 2.23282E-2 4.55849E-2 2.70977E-3 4.51386E-3 4.49461E-3 1.26069E-2 3.40379E-2 1.07872E-1 9.72346E-2 1.2399E-1 1.40239E-1 2.27203E-1 3.26089E-1 4.73305E-1 5.04855E-1 3.82489E-1 4.59548E-1 4.61775E-1 3.9225E-1 3.54515E-1 2.87923E-1 2.4971E-1 3.79378E-1 4.58363E-1 3.56279E-1 5.47649E-1 4.44703E-1 2.34437E-1 3.14577E-1 4.87138E-1 6.46752E-1 6.6163E-1 6.81424E-1 8.06783E-1 5.19286E-1 2.93859E-1 2.80195E-1 8.28292E-2 5.41985E-2 1.94465E-2 4.44541E-3 3.66639E-3 9.76144E-3 3.41561E-2 1.91755E-2 -9999 -9999 -9999 -9999 -9999 -9999 -9999 -9999 -9999 -9999 -9999
1.18104E-1 8.43618E-2 3.78555E-2 1.5543E-2 3.03793E-2 1.59217E-2 7.81948E-3 4.31004E-2 5.7099E-2 4.30825E-2 1.82968E-2 5.76704E-3 2.44492E-2 1.08494E-2 1.67232E-2 1.70088E-2 1.26905E-2 4.74189E-2 1.66967E-1 1.60558E-1 1.80312E-1 1.83135E-1 2.83318E-1 2.64796E-1 3.07727E-1 3.20084E-1 4.23889E-1 4.2315E-1 2.88094E-1 2.5664E-1 3.86833E-1 4.0792E-1 2.82674E-1 2.96259E-1 3.19408E-1 3.24337E-1 4.23117E-1 3.74737E-1 2.55166E-1 4.12362E-1 4.37279E-1 4.44095E-1 4.02423E-1 7.54664E-1 8.53065E-1 3.47978E-1 1.49179E-1 1.00414E-1 1.33094E-1 4.33123E-2 1.25205E-2 1.62899E-3 1.82558E-3 2.8223E-3 1.21454E-2 2.13786E-2 -9999 -9999 -9999 -9999 -9999 -9999 -9999 2.89865E-1 1.46146E-1 -9999 -9999
8.06972E-2 9.28204E-2 9.28896E-2 3.36394E-2 5.15531E-2 2.96843E-2 1.88403E-2 2.13076E-2 1.86104E-2 1.54981E-2 4.92443E-2 2.09994E-2 7.68187E-3 6.29488E-3 1.50754E-2 2.14063E-2 3.61198E-3 9.38783E-2 1.07195E-1 3.0044E-1 1.89544E-1 1.64779E-1 1.9733E-1 2.13632E-1 2.56817E-1 7.01732E-2 1.23968E-1 1.52152E-1 1.51338E-1 1.91947E-1 2.33735E-1 3.7029E-1 2.96361E-1 2.48684E-1 3.38623E-1 2.82781E-1 4.89988E-1 3.15978E-1 4.21137E-1 3.78569E-1 5.33698E-1 3.72617E-1 2.37198E-1 5.41207E-1 6.81682E-1 5.78588E-1 1.15439E-1 8.25023E-2 5.12261E-2 4.14023E-2 1.28692E-2 3.63579E-3 9.95922E-4 2.23538E-3 1.03355E-2 4.22851E-2 -9999 -9999 -9999 -9999 -9999 -9999 -9999 2.39376E-1 2.23807E-1 5.64747E-2 -9999
6.64505E-2 6.94215E-2 5.9534E-2 3.77908E-2 1.90211E-2 3.21018E-2 1.61426E-2 1.39378E-2 1.01837E-2 1.36168E-2 2.72149E-2 6.12967E-3 6.59304E-3 5.84094E-3 1.60274E-2 5.34055E-3 1.34595E-2 5.21889E-2 9.83513E-2 1.81811E-1 1.75173E-1 1.22845E-1 1.45107E-1 2.09822E-1 1.65007E-1 8.55011E-2 7.62135E-2 1.11804E-1 1.37124E-1 1.65075E-1 1.60053E-1 2.21839E-1 2.82088E-1 2.47242E-1 1.90428E-1 2.79483E-1 4.52535E-1 4.8581E-1 6.67352E-1 3.9029E-1 5.11899E-1 3.46856E-1 2.21739E-1 4.89675E-1 7.2373E-1 4.24528E-1 1.0945E-1 1.38079E-1 7.01837E-2 6.02354E-2 1.13016E-2 3.30432E-3 1.36236E-3 3.09253E-3 6.66127E-3 4.03585E-2 1.30841E-1 -9999 -9999 -9999 -9999 -9999 -9999 -9999 2.02149E-1 5.9741E-2 4.72671E-2
1.63364E-1 9.80518E-2 5.0756E-2 1.3194E-1 3.95031E-2 2.72723E-2 1.82833E-2 1.1875E-2 7.4572E-3 8.49231E-3 2.04895E-2 1.48199E-2 1.00185E-2 1.11089E-2 1.90918E-2 1.9619E-2 6.1987E-2 3.87117E-2 8.80644E-2 1.39654E-1 1.75913E-1 1.73333E-1 1.6215E-1 1.44735E-1 2.23226E-1 1.45931E-1 1.53199E-1 1.46431E-1 1.53414E-1 1.81715E-1 1.93334E-1 2.5856E-1 3.44961E-1 1.81131E-1 2.44074E-1 2.11518E-1 1.86815E-1 2.7194E-1 5.89416E-1 2.92783E-1 3.27021E-1 3.13213E-1 1.74501E-1 3.89524E-1 7.50187E-1 7.55964E-1 1.19203E-1 1.71407E-1 1.00049E-1 4.01191E-2 1.10707E-2 5.14179E-3 1.6659E-3 5.71843E-3 1.1372E-2 1.6857E-2 9.13626E-2 -9999 -9999 -9999 -9999 -9999 -9999 -9999 7.83967E-2 3.46772E-2 7.16333E-2
1.98077E-1 9.43649E-2 6.01587E-2 3.12698E-2 4.6482E-2 1.90268E-2 3.63125E-2 1.17676E-1 4.48919E-2 7.87104E-3 4.90329E-3 7.66322E-3 5.36302E-3 7.96542E-3 2.6887E-2 1.05815E-2 1.27534E-2 4.06439E-2 4.41017E-2 4.01148E-2 1.3608E-1 1.36224E-1 1.5034E-1 1.24359E-1 1.6537E-1 2.03237E-1 1.71585E-1 1.84348E-1 1.4521E-1 1.96326E-1 1.40428E-1 3.11505E-1 3.39819E-1 1.90704E-1 1.37121E-1 1.76637E-1 3.23205E-1 3.17673E-1 3.04444E-1 4.05869E-1 4.07819E-1 3.89497E-1 2.78454E-1 5.28085E-1 7.68415E-1 4.2694E-1 2.46206E-1 2.69659E-1 1.67151E-1 4.67006E-2 6.08394E-3 7.10032E-3 1.36156E-3 5.67035E-3 1.86151E-2 4.84446E-2 2.83369E-2 -9999 -9999 -9999 -9999 -9999 -9999 -9999 -9999 2.55644E-2 9.06338E-2
1.16552E-1 8.6683E-2 2.24642E-2 1.68407E-2 7.00944E-2 2.88426E-2 3.07843E-2 3.79826E-2 1.73551E-2 1.21608E-2 7.04367E-3 3.79274E-3 1.39784E-2 1.13516E-2 3.36034E-2 2.9644E-2 4.15392E-2 2.32836E-2 3.41443E-2 3.7372E-2 5.94095E-2 8.53031E-2 8.04733E-2 1.97988E-1 1.26652E-1 1.47946E-1 1.64412E-1 2.94967E-1 5.30526E-1 5.30819E-1 4.97966E-1 2.59585E-1 2.91547E-1 2.52431E-1 4.39333E-1 4.54833E-1 5.10932E-1 4.78453E-1 5.03265E-1 3.68907E-1 3.66614E-1 3.42192E-1 3.82261E-1 2.13787E-1 4.92025E-1 3.43691E-1 2.46698E-1 2.60527E-1 1.96329E-1 1.00381E-1 2.54407E-2 6.58576E-3 2.21868E-3 5.56531E-3 4.88908E-3 4.23825E-3 1.82176E-2 3.87841E-2 1.23925E-1 -9999 -9999 -9999 -9999 -9999 -9999 -9999 4.11064E-2
