ENM/Final_Models/M_2_F_q_Set_1_E/Gustavia_santanderiensis_Choco_stddev.asc
ncols         367
nrows         963
xllcorner     -78.6
yllcorner     0.65
cellsize      0.00833333333333323
NODATA_value  -9999
[rows 630 to 659 of 963, columns 136 to 203 of 367]
-9999 -9999 -9999 -9999 -9999 -9999 -9999 -9999 -9999 -9999 -9999 -9999 -9999 -9999 -9999 -9999 -9999 -9999 -9999 -9999 -9999 -9999 -9999 -9999 -9999 2.99656E-1 2.99633E-1 2.99551E-1 2.9734E-1 2.98089E-1 2.97647E-1 2.92602E-1 2.98706E-1 2.98871E-1 2.98611E-1 2.96318E-1 2.95376E-1 2.28721E-1 2.29207E-1 2.06418E-1 1.85641E-1 1.73359E-1 1.74017E-1 1.53918E-1 1.74054E-1 1.61282E-1 1.65778E-1 1.52591E-1 2.59091E-1 2.80529E-1 2.81947E-1 2.8287E-1 2.90947E-1 2.71353E-1 2.77493E-1 2.79221E-1 2.73921E-1 2.58649E-1 1.99774E-1 9.82471E-2 9.41231E-2 1.1022E-1 2.02277E-2 2.58183E-3 3.02602E-3 3.95265E-3 8.94108E-4 3.46001E-3
-9999 -9999 -9999 -9999 -9999 -9999 -9999 -9999 -9999 -9999 -9999 -9999 -9999 -9999 -9999 -9999 -9999 -9999 -9999 -9999 -9999 -9999 -9999 -9999 2.99211E-1 2.9921E-1 2.98305E-1 2.97693E-1 2.98E-1 2.98982E-1 2.98848E-1 2.9669E-1 2.99161E-1 2.98582E-1 2.98482E-1 2.98535E-1 2.9776E-1 2.85076E-1 2.70595E-1 2.41811E-1 2.47009E-1 2.35029E-1 1.3756E-1 1.61763E-1 1.68263E-1 2.18091E-1 2.20567E-1 2.1314E-1 2.7829E-1 2.78427E-1 2.70817E-1 2.70305E-1 2.8603E-1 2.82287E-1 2.84877E-1 2.82309E-1 2.88576E-1 2.84866E-1 2.57757E-1 1.63009E-1 2.6201E-1 2.28866E-1 1.32288E-1 8.72807E-3 7.27633E-2 8.61594E-2 4.3295E-2 3.21104E-2
-9999 -9999 -9999 -9999 -9999 -9999 -9999 -9999 -9999 -9999 -9999 -9999 -9999 -9999 -9999 -9999 -9999 -9999 -9999 -9999 -9999 -9999 -9999 -9999 2.99738E-1 2.99504E-1 2.99523E-1 2.99441E-1 2.99342E-1 2.96475E-1 2.969E-1 2.98451E-1 2.98993E-1 2.99052E-1 2.984E-1 2.9547E-1 2.9898E-1 2.76729E-1 2.58738E-1 2.49909E-1 2.24952E-1 2.3005E-1 8.79084E-2 9.37766E-2 1.38842E-1 1.94453E-1 1.77275E-1 2.51983E-1 2.80953E-1 2.8282E-1 2.75749E-1 2.66864E-1 2.76499E-1 2.23328E-1 2.52971E-1 2.89218E-1 2.85449E-1 2.89211E-1 2.79506E-1 2.70475E-1 2.76116E-1 2.70467E-1 2.53755E-1 5.53599E-2 1.75284E-1 2.46948E-1 1.17379E-1 4.61319E-2
-9999 -9999 -9999 -9999 -9999 -9999 -9999 -9999 -9999 -9999 -9999 -9999 -9999 -9999 -9999 -9999 -9999 -9999 -9999 -9999 -9999 -9999 -9999 2.99233E-1 2.99644E-1 2.99525E-1 2.99529E-1 2.9952E-1 2.99472E-1 2.9628E-1 2.96998E-1 2.98617E-1 2.98138E-1 2.95773E-1 2.99252E-1 2.99019E-1 2.98851E-1 2.93654E-1 2.54989E-1 2.52336E-1 2.44345E-1 2.30586E-1 1.02579E-1 1.22447E-1 1.13335E-1 1.75876E-1 1.74362E-1 1.90045E-1 2.69521E-1 2.74553E-1 2.92011E-1 2.62813E-1 2.2625E-1 7.66862E-2 7.11111E-2 2.69473E-1 2.76487E-1 2.78407E-1 2.6661E-1 2.66031E-1 2.06313E-1 2.6397E-1 2.65231E-1 2.70514E-1 2.13946E-1 1.39618E-1 1.317E-2 6.62986E-2
-9999 -9999 -9999 -9999 -9999 -9999 -9999 -9999 -9999 -9999 -9999 -9999 -9999 -9999 -9999 -9999 -9999 -9999 -9999 -9999 -9999 -9999 -9999 2.99245E-1 2.99687E-1 2.99147E-1 2.995E-1 2.99497E-1 2.97647E-1 2.97334E-1 2.96949E-1 2.97148E-1 2.95843E-1 2.95923E-1 2.98442E-1 2.98354E-1 2.99301E-1 2.96553E-1 2.60614E-1 2.5073E-1 2.52063E-1 2.39778E-1 1.18192E-1 1.4234E-1 1.62336E-1 1.59316E-1 1.96623E-1 2.44202E-1 2.69206E-1 2.79529E-1 2.67653E-1 2.78309E-1 2.66115E-1 3.51975E-2 1.29578E-1 2.71718E-1 2.90741E-1 2.96716E-1 2.78673E-1 2.66593E-1 2.31383E-1 2.3325E-1 2.34393E-1 2.31182E-1 1.88619E-1 1.74133E-2 5.76301E-3 7.77692E-3
-9999 -9999 -9999 -9999 -9999 -9999 -9999 -9999 -9999 -9999 -9999 -9999 -9999 -9999 -9999 -9999 -9999 -9999 -9999 -9999 -9999 -9999 -9999 2.99152E-1 2.99637E-1 2.99381E-1 2.99435E-1 2.99472E-1 2.99575E-1 2.97035E-1 2.99691E-1 2.99646E-1 2.96269E-1 2.96885E-1 2.93431E-1 2.92555E-1 2.95609E-1 2.76173E-1 2.41943E-1 2.55193E-1 2.47706E-1 2.37468E-1 2.34208E-1 1.32393E-1 8.7362E-2 2.29233E-1 2.55933E-1 2.89158E-1 2.828E-1 2.88462E-1 2.83741E-1 2.79995E-1 2.80878E-1 2.68763E-1 2.83382E-1 2.88442E-1 2.76773E-1 2.83598E-1 2.72058E-1 2.7713E-1 2.75555E-1 1.80997E-1 1.75615E-1 4.98759E-2 9.31505E-3 7.70568E-3 1.99239E-2 5.08193E-3
-9999 -9999 -9999 -9999 -9999 -9999 -9999 -9999 -9999 -9999 -9999 -9999 -9999 -9999 -9999 -9999 -9999 -9999 -9999 -9999 -9999 -9999 2.99218E-1 2.99753E-1 2.9964E-1 2.99675E-1 2.98874E-1 2.98045E-1 2.98176E-1 2.97579E-1 2.97254E-1 2.99885E-1 2.97289E-1 2.97026E-1 2.93629E-1 2.9654E-1 2.93056E-1 2.66783E-1 2.40902E-1 2.35276E-1 2.36706E-1 2.34593E-1 2.39964E-1 2.22133E-1 1.26184E-1 9.78027E-2 8.86623E-2 2.43301E-1 2.71243E-1 2.84529E-1 2.82724E-1 2.77732E-1 2.74716E-1 2.81629E-1 2.78905E-1 2.97442E-1 2.83929E-1 2.71905E-1 2.65915E-1 2.71327E-1 2.77504E-1 2.7343E-1 2.68883E-1 1.42615E-1 8.60257E-3 8.69601E-3 7.62189E-2 1.24293E-2
-9999 -9999 -9999 -9999 -9999 -9999 -9999 -9999 -9999 -9999 -9999 -9999 -9999 -9999 -9999 -9999 -9999 -9999 -9999 -9999 -9999 2.99336E-1 2.99726E-1 2.9966E-1 2.99491E-1 2.99617E-1 2.99142E-1 2.99199E-1 2.98545E-1 2.97299E-1 2.99164E-1 2.96168E-1 2.96859E-1 2.99601E-1 2.9909E-1 2.98654E-1 2.97708E-1 2.45873E-1 2.40288E-1 2.34678E-1 2.37997E-1 2.54785E-1 2.45357E-1 2.38617E-1 1.47786E-1 1.01477E-1 1.5487E-1 1.10009E-1 2.25108E-1 7.43797E-2 2.62461E-1 2.866E-1 2.95886E-1 2.68886E-1 2.77445E-1 2.8251E-1 2.92396E-1 2.9609E-1 2.80098E-1 2.82513E-1 2.77544E-1 2.71111E-1 2.77647E-1 2.70199E-1 2.4434E-1 7.56972E-2 5.87912E-2 1.71371E-2
-9999 -9999 -9999 -9999 -9999 -9999 -9999 -9999 -9999 -9999 -9999 -9999 -9999 -9999 -9999 -9999 -9999 -9999 -9999 -9999 -9999 2.99706E-1 2.99613E-1 2.99721E-1 2.99458E-1 2.99618E-1 2.99276E-1 2.98849E-1 2.98752E-1 2.99204E-1 2.97877E-1 2.97708E-1 2.98911E-1 2.84311E-1 2.4036E-1 2.04009E-1 2.42001E-1 2.40824E-1 2.4572E-1 2.0824E-1 2.60137E-1 2.4067E-1 2.38797E-1 2.38147E-1 1.96114E-1 2.03275E-1 2.30718E-1 2.28905E-1 2.81881E-1 2.67123E-1 2.8303E-1 2.78851E-1 2.7892E-1 2.4829E-1 3.00303E-1 2.90319E-1 2.97244E-1 2.54613E-1 2.44797E-1 2.80169E-1 2.75603E-1 2.641E-1 2.70501E-1 2.65429E-1 2.58421E-1 1.74141E-1 1.73174E-1 2.81226E-2
-9999 -9999 -9999 -9999 -9999 -9999 -9999 -9999 -9999 -9999 -9999 -9999 -9999 -9999 -9999 -9999 -9999 -9999 -9999 -9999 2.99731E-1 2.99746E-1 2.99616E-1 2.99624E-1 2.99658E-1 2.9831E-1 2.99556E-1 2.98809E-1 2.98182E-1 2.9719E-1 2.96727E-1 2.97853E-1 2.98918E-1 2.81374E-1 2.82672E-1 2.35643E-1 2.24827E-1 1.8989E-1 2.43006E-1 2.34842E-1 2.1269E-1 2.35643E-1 2.36158E-1 2.3563E-1 2.32979E-1 2.36168E-1 2.30774E-1 2.6249E-1 2.81036E-1 2.96354E-1 2.76074E-1 2.71313E-1 2.46768E-1 1.50124E-1 2.30973E-1 2.9659E-1 2.72383E-1 2.78837E-1 1.67008E-1 1.75198E-1 2.69581E-1 2.3369E-1 1.79498E-1 1.08478E-1 4.10359E-2 4.3342E-2 6.12286E-2 2.43003E-2
-9999 -9999 -9999 -9999 -9999 -9999 -9999 -9999 -9999 -9999 -9999 -9999 -9999 -9999 -9999 -9999 -9999 -9999 -9999 2.99324E-1 2.99798E-1 2.99789E-1 2.99726E-1 2.99638E-1 2.99633E-1 2.99608E-1 2.997E-1 2.98801E-1 2.98217E-1 2.94123E-1 2.94254E-1 2.93708E-1 2.99389E-1 2.84802E-1 2.8493E-1 2.39585E-1 2.23884E-1 2.09348E-1 2.22547E-1 2.06198E-1 1.74453E-1 2.02001E-1 2.50033E-1 2.30449E-1 2.64721E-1 2.89394E-1 2.98934E-1 2.90144E-1 2.88563E-1 2.91704E-1 2.75679E-1 1.72553E-2 1.44635E-2 4.61539E-2 1.65326E-1 1.35801E-1 2.5168E-1 2.60597E-1 2.73132E-1 1.71162E-1 9.21776E-2 3.81552E-2 9.07553E-3 6.19423E-3 3.35191E-3 1.84579E-3 3.0912E-3 9.22839E-3
-9999 -9999 -9999 -9999 -9999 -9999 -9999 -9999 -9999 -9999 -9999 -9999 -9999 -9999 -9999 -9999 -9999 -9999 -9999 2.99826E-1 2.99731E-1 2.99728E-1 2.99609E-1 2.98652E-1 2.99592E-1 2.99052E-1 2.99045E-1 2.97225E-1 2.936E-1 2.96648E-1 2.95447E-1 2.9542E-1 2.95436E-1 2.80976E-1 2.80289E-1 2.38796E-1 2.26153E-1 2.18745E-1 2.20367E-1 2.08803E-1 2.17486E-1 2.36189E-1 2.38281E-1 2.37693E-1 2.91321E-1 2.75442E-1 2.85123E-1 2.89592E-1 2.87638E-1 2.69964E-1 2.74893E-1 1.37254E-2 5.24741E-3 2.34706E-3 2.24661E-3 5.74485E-3 4.92013E-3 1.17229E-1 2.56124E-1 2.55767E-1 2.1111E-2 5.60626E-3 2.25268E-3 1.07479E-3 2.81108E-4 1.02264E-3 3.90725E-4 2.76497E-3
-9999 -9999 -9999 -9999 -9999 -9999 -9999 -9999 -9999 -9999 -9999 -9999 -9999 -9999 -9999 -9999 -9999 -9999 2.99768E-1 2.99778E-1 2.9976E-1 2.98828E-1 2.99748E-1 2.99764E-1 2.99631E-1 2.99535E-1 2.9712E-1 2.95428E-1 2.95235E-1 2.97357E-1 2.98197E-1 2.9633E-1 2.92798E-1 2.99013E-1 2.97197E-1 2.3874E-1 2.21981E-1 2.12726E-1 2.22345E-1 2.5291E-1 2.36785E-1 2.37963E-1 2.48771E-1 2.43398E-1 2.83066E-1 2.87721E-1 2.88552E-1 2.9424E-1 2.8448E-1 2.74695E-1 2.74853E-1 2.70138E-1 3.03566E-2 4.70988E-3 2.47758E-3 5.8201E-3 4.17929E-3 5.97963E-3 2.50443E-2 1.35514E-2 3.25511E-3 3.19162E-3 6.38684E-4 4.57387E-4 2.70338E-4 1.35173E-4 3.71269E-4 1.62434E-3
-9999 -9999 -9999 -9999 -9999 -9999 -9999 -9999 -9999 -9999 -9999 -9999 -9999 -9999 -9999 -9999 -9999 -9999 2.9986E-1 2.99789E-1 2.997E-1 2.99763E-1 2.99741E-1 2.99795E-1 2.99103E-1 2.98958E-1 2.95461E-1 2.9835E-1 2.96037E-1 2.97609E-1 2.97755E-1 2.88915E-1 2.51688E-1 2.55283E-1 2.51967E-1 2.19802E-1 2.07798E-1 1.93621E-1 2.14876E-1 2.49881E-1 2.91443E-1 2.92953E-1 2.72314E-1 2.54717E-1 2.91703E-1 2.91648E-1 2.95763E-1 2.92812E-1 2.86541E-1 2.92467E-1 2.88E-1 2.74194E-1 2.68888E-1 7.71281E-2 8.93043E-3 2.12546E-2 4.25984E-2 1.02965E-2 1.7307E-2 8.08285E-3 1.02096E-2 5.03714E-3 6.43939E-4 8.02125E-4 7.37194E-4 6.64079E-4 6.78119E-4 1.80016E-4
-9999 -9999 -9999 -9999 -9999 -9999 -9999 -9999 -9999 -9999 -9999 -9999 -9999 -9999 -9999 -9999 -9999 2.99822E-1 2.9986E-1 2.99856E-1 2.99858E-1 2.99438E-1 2.99004E-1 2.99358E-1 2.98558E-1 2.99401E-1 2.99609E-1 2.98579E-1 2.97189E-1 2.98289E-1 2.80638E-1 2.5697E-1 2.05633E-1 2.16091E-1 2.28355E-1 2.18534E-1 2.23404E-1 2.17974E-1 2.26896E-1 2.38874E-1 2.95271E-1 2.98083E-1 2.41135E-1 2.34485E-1 2.89219E-1 2.95183E-1 2.90497E-1 2.9759E-1 2.96561E-1 2.87606E-1 2.9111E-1 2.88973E-1 2.91406E-1 2.67866E-1 2.72451E-1 2.84007E-1 3.10397E-1 1.37895E-1 3.58407E-2 1.66551E-2 1.50267E-2 7.50487E-3 1.34893E-3 2.53498E-3 4.44515E-4 1.62075E-3 1.07675E-3 8.53296E-4
-9999 -9999 -9999 -9999 -9999 -9999 -9999 -9999 -9999 -9999 -9999 -9999 -9999 -9999 -9999 -9999 -9999 2.98987E-1 2.99793E-1 2.99875E-1 2.99875E-1 2.99775E-1 2.989E-1 2.99632E-1 2.99459E-1 2.99548E-1 2.99711E-1 2.97407E-1 2.97632E-1 2.98667E-1 2.86995E-1 2.52111E-1 1.78213E-1 2.20263E-1 2.54222E-1 2.26865E-1 2.24903E-1 2.2409E-1 2.24261E-1 2.46266E-1 2.94128E-1 2.98865E-1 2.98727E-1 2.82602E-1 2.94065E-1 2.95022E-1 2.84583E-1 2.92139E-1 2.88265E-1 2.89108E-1 2.88594E-1 2.91964E-1 2.99617E-1 2.92869E-1 3.11115E-1 2.91882E-1 2.71309E-1 2.74158E-1 7.15002E-2 1.78946E-2 8.43189E-3 1.82487E-2 4.87312E-3 2.77653E-3 4.10566E-3 1.27216E-2 8.88849E-3 5.19898E-3
-9999 -9999 -9999 -9999 -9999 -9999 -9999 -9999 -9999 -9999 -9999 -9999 -9999 -9999 -9999 -9999 2.99812E-1 2.99175E-1 2.99793E-1 2.998E-1 2.98936E-1 2.99158E-1 2.99135E-1 2.98778E-1 2.98836E-1 2.99159E-1 2.99551E-1 2.98242E-1 2.9729E-1 2.9984E-1 2.94165E-1 2.57384E-1 2.54555E-1 2.48065E-1 2.55155E-1 2.37509E-1 2.58613E-1 2.50283E-1 2.26478E-1 2.23062E-1 2.77682E-1 2.95098E-1 2.99615E-1 2.82435E-1 2.95114E-1 2.93386E-1 2.93897E-1 2.86679E-1 2.96904E-1 2.89928E-1 2.95501E-1 2.98283E-1 3.03231E-1 2.91559E-1 3.07319E-1 2.80797E-1 2.68945E-1 2.18391E-1 7.64303E-2 1.99475E-2 5.82763E-3 1.36199E-2 6.83116E-3 9.57412E-3 1.04408E-2 1.02599E-2 7.70369E-3 3.16822E-3
-9999 -9999 -9999 -9999 -9999 -9999 -9999 -9999 -9999 -9999 -9999 -9999 -9999 -9999 -9999 -9999 2.99174E-1 2.99088E-1 2.98952E-1 2.99057E-1 2.99243E-1 2.99071E-1 2.9885E-1 2.96954E-1 2.99597E-1 2.99768E-1 2.97061E-1 2.98234E-1 2.98511E-1 2.99738E-1 2.94811E-1 2.89654E-1 2.93641E-1 2.73982E-1 2.47122E-1 2.39276E-1 2.43791E-1 2.33302E-1 2.31557E-1 2.42218E-1 2.71616E-1 2.75403E-1 2.97054E-1 2.98724E-1 2.96719E-1 2.99489E-1 2.90028E-1 2.96252E-1 2.96971E-1 2.97575E-1 2.93501E-1 2.96127E-1 2.9538E-1 2.92009E-1 2.98204E-1 3.01471E-1 3.04537E-1 1.7489E-1 1.01043E-2 3.54482E-3 2.91936E-3 1.93587E-3 1.35265E-2 3.50069E-2 1.56888E-2 7.51911E-3 8.29042E-3 9.76758E-3
-9999 -9999 -9999 -9999 -9999 -9999 -9999 -9999 -9999 -9999 -9999 -9999 -9999 -9999 -9999 2.99353E-1 2.99355E-1 2.99219E-1 2.99847E-1 2.99859E-1 2.99832E-1 2.99439E-1 2.99407E-1 2.99071E-1 2.99803E-1 2.99796E-1 2.98322E-1 2.99845E-1 2.98978E-1 2.92251E-1 2.74825E-1 2.99792E-1 2.98621E-1 2.55192E-1 2.47593E-1 2.38732E-1 2.25957E-1 2.35164E-1 2.40914E-1 2.50348E-1 2.36252E-1 2.35746E-1 2.4946E-1 2.85266E-1 2.75305E-1 2.786E-1 2.98607E-1 2.98917E-1 2.84632E-1 2.91146E-1 2.9257E-1 2.96768E-1 2.93041E-1 3.05249E-1 2.97531E-1 2.95035E-1 2.56179E-1 2.36811E-2 3.1863E-2 1.51951E-2 1.21659E-3 1.4496E-3 4.39745E-3 2.88666E-3 1.94629E-3 2.45641E-3 3.97377E-3 1.01234E-2
-9999 -9999 -9999 -9999 -9999 -9999 -9999 -9999 -9999 -9999 -9999 -9999 -9999 -9999 2.9989E-1 2.99747E-1 2.99086E-1 2.99847E-1 2.9981E-1 2.99852E-1 2.99823E-1 2.99279E-1 2.99911E-1 2.99233E-1 2.99861E-1 2.99774E-1 2.99587E-1 2.99035E-1 2.98083E-1 2.9405E-1 2.70724E-1 2.93251E-1 2.90881E-1 2.66077E-1 2.7447E-1 2.49493E-1 2.32643E-1 2.48454E-1 2.55139E-1 2.40308E-1 2.43685E-1 2.30095E-1 2.33056E-1 2.83771E-1 2.80226E-1 2.4038E-1 2.35127E-1 1.67497E-1 2.39334E-1 2.96492E-1 2.97635E-1 2.98033E-1 2.92882E-1 2.91688E-1 2.9424E-1 2.68468E-1 4.576E-2 6.55526E-3 6.22881E-3 3.45786E-3 2.70246E-3 1.90583E-3 1.36442E-3 2.72108E-3 2.77887E-3 6.33925E-3 5.26648E-3 4.53769E-3
-9999 -9999 -9999 -9999 -9999 -9999 -9999 -9999 -9999 -9999 -9999 -9999 -9999 2.99517E-1 2.99888E-1 2.99539E-1 2.99412E-1 2.99857E-1 2.99297E-1 2.9935E-1 2.99212E-1 2.99846E-1 2.99869E-1 2.98919E-1 2.99265E-1 2.99754E-1 2.988E-1 2.99224E-1 2.99016E-1 2.99049E-1 2.65466E-1 2.73378E-1 2.59896E-1 2.77015E-1 2.58323E-1 2.47546E-1 2.70295E-1 2.63299E-1 2.69313E-1 2.38756E-1 2.27394E-1 2.27314E-1 2.50728E-1 2.29828E-1 2.28181E-1 2.71389E-1 2.94914E-1 2.93462E-1 3.05313E-1 2.92118E-1 2.78774E-1 2.882E-1 2.92766E-1 2.86024E-1 2.87637E-1 1.54488E-1 1.41362E-2 7.53213E-3 4.00168E-3 5.377E-3 3.09038E-3 6.12003E-4 3.78062E-4 1.09553E-3 4.07302E-3 1.69317E-3 3.88073E-3 2.04117E-3
-9999 -9999 -9999 -9999 -9999 -9999 -9999 -9999 -9999 -9999 -9999 2.99715E-1 2.99819E-1 2.99604E-1 2.9988E-1 2.99539E-1 2.99448E-1 2.99349E-1 2.99377E-1 2.99386E-1 2.99342E-1 2.9985E-1 2.99878E-1 2.99909E-1 2.99279E-1 2.99067E-1 2.99722E-1 2.9986E-1 2.99282E-1 2.93784E-1 2.71362E-1 2.76945E-1 2.62318E-1 2.62609E-1 2.74776E-1 2.70989E-1 2.67767E-1 2.89346E-1 2.51279E-1 2.68086E-1 2.60374E-1 2.55185E-1 2.59956E-1 2.5503E-1 2.48082E-1 2.95013E-1 2.95859E-1 2.95168E-1 2.79226E-1 2.99326E-1 2.93012E-1 2.71366E-1 3.0435E-1 2.97768E-1 2.97074E-1 3.05481E-1 3.47905E-2 2.93307E-2 1.94406E-2 6.38209E-3 3.21901E-3 5.6804E-3 6.00274E-4 3.12474E-3 2.68323E-2 2.20627E-2 2.8128E-2 3.46514E-2
-9999 -9999 -9999 -9999 -9999 -9999 -9999 -9999 -9999 -9999 2.99933E-1 2.99772E-1 2.99904E-1 2.9987E-1 2.99832E-1 2.99474E-1 2.99567E-1 2.99479E-1 2.99494E-1 2.99311E-1 2.99879E-1 2.99761E-1 2.99863E-1 2.99909E-1 2.99874E-1 2.99339E-1 2.99836E-1 2.98852E-1 2.93899E-1 2.92195E-1 2.61677E-1 2.79158E-1 2.69986E-1 2.68599E-1 2.78181E-1 2.7034E-1 2.88657E-1 2.70488E-1 2.63756E-1 2.61228E-1 2.55503E-1 2.66546E-1 2.52704E-1 2.89883E-1 2.96213E-1 2.96576E-1 2.9704E-1 2.88772E-1 2.69081E-1 2.70623E-1 2.73715E-1 2.77071E-1 2.75651E-1 2.72586E-1 2.8112E-1 2.84136E-1 6.0086E-2 5.46857E-2 4.1344E-2 1.85708E-2 4.75678E-3 5.71609E-3 5.81521E-3 8.67548E-3 1.06843E-2 1.59621E-2 2.76968E-2 2.37497E-2
-9999 -9999 -9999 -9999 -9999 -9999 -9999 -9999 -9999 2.99921E-1 2.99926E-1 2.99917E-1 2.99893E-1 2.99692E-1 2.99497E-1 2.99461E-1 2.99454E-1 2.99264E-1 2.9903E-1 2.99374E-1 2.99328E-1 2.99407E-1 2.99846E-1 2.99871E-1 2.99383E-1 2.99518E-1 2.99854E-1 2.99419E-1 2.64406E-1 2.70579E-1 2.63421E-1 2.80668E-1 2.69515E-1 2.69419E-1 2.65819E-1 2.78299E-1 2.72052E-1 2.90555E-1 2.88263E-1 2.55245E-1 2.62851E-1 2.46773E-1 2.56308E-1 2.91202E-1 2.85147E-1 2.95402E-1 2.94243E-1 2.93244E-1 2.74715E-1 2.40487E-1 1.54814E-1 2.05138E-1 1.23198E-1 1.94969E-1 2.70252E-1 2.77322E-1 1.9882E-2 2.68468E-2 5.39152E-2 3.26082E-2 1.67636E-2 1.33074E-2 7.66505E-3 7.87433E-3 1.19197E-2 1.0292E-2 3.74169E-2 3.27156E-2
-9999 -9999 -9999 -9999 -9999 -9999 -9999 -9999 -9999 2.99939E-1 2.99926E-1 2.99741E-1 2.99979E-1 2.99969E-1 2.99681E-1 2.99614E-1 2.99371E-1 2.99441E-1 2.98991E-1 2.99717E-1 2.99416E-1 2.99358E-1 2.99896E-1 2.99892E-1 2.99919E-1 2.99265E-1 2.99809E-1 2.99671E-1 2.99311E-1 2.99294E-1 2.94402E-1 2.67809E-1 2.72728E-1 2.7354E-1 2.57643E-1 2.56238E-1 2.74718E-1 2.68578E-1 2.85416E-1 2.64534E-1 2.65932E-1 2.88669E-1 2.81657E-1 2.95598E-1 2.83851E-1 2.9691E-1 2.98873E-1 3.05437E-1 2.9318E-1 2.65434E-1 9.09604E-2 2.76724E-2 3.18022E-2 8.25634E-2 5.99872E-2 4.21888E-2 2.35901E-3 1.25718E-2 2.59908E-2 4.54618E-2 2.23309E-2 1.93166E-2 1.81894E-2 7.75836E-3 5.29369E-3 1.0283E-2 5.27169E-2 5.21388E-2
-9999 -9999 -9999 -9999 -9999 -9999 -9999 -9999 -9999 2.99946E-1 2.99951E-1 2.99549E-1 2.99732E-1 2.99551E-1 2.99572E-1 2.99918E-1 2.99882E-1 2.99759E-1 2.9968E-1 2.99651E-1 2.99793E-1 2.99541E-1 2.99995E-1 2.99644E-1 2.99533E-1 2.99635E-1 2.9959E-1 2.94999E-1 2.9534E-1 2.95539E-1 2.93433E-1 2.66687E-1 2.94229E-1 2.80434E-1 2.55543E-1 2.51873E-1 2.62095E-1 2.68289E-1 2.76653E-1 2.70069E-1 2.69728E-1 2.68133E-1 2.67555E-1 2.86486E-1 2.93239E-1 2.97507E-1 2.96217E-1 3.09977E-1 3.11368E-1 2.97478E-1 2.68387E-1 4.45599E-2 1.44615E-2 9.00493E-3 5.19388E-3 1.77339E-3 2.32536E-3 3.02622E-3 1.00657E-2 1.25154E-2 1.64529E-2 2.61546E-2 2.33523E-2 1.05036E-2 1.79476E-2 1.87375E-2 6.05806E-2 6.47556E-2
-9999 -9999 -9999 -9999 -9999 -9999 -9999 2.99786E-1 2.99641E-1 2.99794E-1 2.99788E-1 2.99934E-1 2.99931E-1 2.99931E-1 2.99636E-1 2.99926E-1 2.9994E-1 2.99784E-1 2.99831E-1 2.99874E-1 2.99859E-1 2.99909E-1 2.99447E-1 2.99412E-1 2.99553E-1 2.9948E-1 2.99628E-1 2.99911E-1 2.99902E-1 2.9988E-1 2.80542E-1 2.91827E-1 2.92993E-1 2.93038E-1 2.74489E-1 2.51373E-1 2.6696E-1 2.70974E-1 2.72895E-1 2.74543E-1 2.92715E-1 2.87698E-1 2.87585E-1 2.86201E-1 2.97184E-1 2.95694E-1 2.9715E-1 2.95851E-1 3.00281E-1 3.02259E-1 2.75794E-1 2.71055E-1 2.5378E-1 8.69277E-3 3.67672E-3 4.95424E-3 2.54492E-3 2.50557E-2 2.07857E-2 9.29569E-3 6.3291E-3 7.11285E-3 1.04937E-2 7.44518E-3 1.19684E-2 8.20018E-2 7.2462E-2 7.1097E-2
-9999 -9999 -9999 -9999 -9999 -9999 -9999 2.9996E-1 2.99846E-1 2.99817E-1 2.99952E-1 2.99937E-1 2.99958E-1 2.99834E-1 2.99919E-1 2.99925E-1 2.99923E-1 2.99927E-1 2.99642E-1 2.99831E-1 2.99896E-1 2.99905E-1 2.99916E-1 2.99934E-1 2.99934E-1 2.9971E-1 2.99678E-1 2.9974E-1 2.99768E-1 2.99752E-1 2.95361E-1 2.93791E-1 2.9341E-1 2.99649E-1 2.94637E-1 2.79951E-1 2.80014E-1 2.78292E-1 2.69852E-1 2.68475E-1 2.91406E-1 2.82734E-1 2.64598E-1 2.89507E-1 2.88863E-1 2.96981E-1 2.9826E-1 3.00582E-1 3.12657E-1 2.83185E-1 2.86017E-1 2.82179E-1 2.83167E-1 2.62029E-1 9.69338E-3 1.70521E-2 7.62911E-2 2.68857E-1 8.13379E-2 2.64916E-2 2.09424E-2 9.54469E-3 1.22648E-2 3.24149E-2 1.87092E-2 5.8527E-2 8.70093E-2 7.83678E-2
-9999 -9999 -9999 -9999 -9999 -9999 2.99833E-1 2.99966E-1 2.99876E-1 2.99826E-1 2.99958E-1 2.99961E-1 2.99853E-1 2.99811E-1 2.9995E-1 2.99659E-1 2.99752E-1 2.99931E-1 2.99658E-1 2.99779E-1 2.99777E-1 2.99761E-1 2.99942E-1 2.9994E-1 2.99892E-1 2.99705E-1 2.99822E-1 2.94682E-1 2.99782E-1 2.99886E-1 2.76083E-1 2.74198E-1 2.94303E-1 2.99542E-1 2.66816E-1 2.40235E-1 2.54412E-1 2.78395E-1 2.79365E-1 2.80976E-1 2.71299E-1 2.67488E-1 2.6028E-1 2.74551E-1 2.84993E-1 2.98794E-1 2.99694E-1 2.97168E-1 3.12198E-1 2.90341E-1 3.16316E-1 3.16612E-1 3.01164E-1 3.09698E-1 5.12078E-2 1.0996E-1 2.76972E-1 2.5152E-1 8.22787E-2 3.53894E-2 3.4554E-2 5.36943E-2 2.27577E-1 2.37437E-1 4.04954E-2 7.49501E-2 8.05616E-2 7.74975E-2
-9999 -9999 -9999 -9999 -9999 2.99963E-1 2.99844E-1 2.99968E-1 2.99876E-1 2.99969E-1 2.99958E-1 2.99955E-1 2.99945E-1 2.99845E-1 2.99954E-1 2.99943E-1 2.99721E-1 2.99645E-1 2.99785E-1 2.99983E-1 2.9997E-1 2.99785E-1 2.99785E-1 2.99944E-1 2.99968E-1 2.99725E-1 2.99709E-1 2.99837E-1 2.99842E-1 2.94399E-1 2.83094E-1 2.82853E-1 2.95326E-1 2.94837E-1 2.78043E-1 2.63741E-1 2.63053E-1 2.79265E-1 2.7058E-1 2.67226E-1 2.62582E-1 2.42422E-1 2.4266E-1 2.89436E-1 2.65298E-1 2.99317E-1 2.99838E-1 2.98733E-1 2.97097E-1 3.02736E-1 3.13706E-1 3.08304E-1 3.11768E-1 3.20434E-1 2.75088E-1 2.79721E-1 3.04799E-1 1.39866E-1 4.56831E-2 3.39677E-2 3.41128E-2 1.26234E-1 2.78982E-1 2.39612E-1 7.32821E-2 6.59688E-2 8.53454E-2 5.73047E-2
