ENM/Final_Models/M_2_F_q_Set_1_E/Gustavia_santanderiensis_Choco_max.asc
ncols         367
nrows         963
xllcorner     -78.6
yllcorner     0.65
cellsize      0.00833333333333323
NODATA_value  -9999
[rows 102 to 135 of 963, columns 234 to 311 of 367]
9.7121E-1 8.53725E-1 8.54728E-1 -9999 -9999 -9999 -9999 -9999 -9999 -9999 7.31681E-1 7.66089E-1 8.52046E-1 3.34361E-1 4.25499E-1 2.93442E-1 1.85375E-1 2.72332E-1 2.60872E-1 4.24416E-1 3.78444E-1 4.21366E-1 2.64687E-1 -9999 -9999 -9999 -9999 -9999 -9999 -9999 -9999 -9999 -9999 -9999 -9999 -9999 -9999 -9999 -9999 -9999 -9999 -9999 -9999 -9999 -9999 -9999 -9999 -9999 -9999 -9999 -9999 -9999 -9999 -9999 2.14216E-1 2.73568E-1 2.10307E-1 2.1435E-1 1.91149E-1 3.09301E-1 6.0801E-1 7.22945E-1 5.96556E-1 3.31124E-1 1.8173E-1 1.15109E-1 5.64951E-2 4.49411E-2 3.03436E-2 5.07129E-2 3.80025E-2 1.09031E-2 1.18639E-2 1.53677E-2 1.91403E-2 2.51559E-2 4.27308E-2 1.30118E-1
9.77967E-1 9.52188E-1 8.91483E-1 7.11096E-1 7.239E-1 -9999 -9999 -9999 -9999 -9999 6.19303E-1 6.89384E-1 7.8477E-1 4.32494E-1 3.0724E-1 3.39758E-1 2.85102E-1 3.80163E-1 3.65497E-1 2.36633E-1 2.71292E-1 3.63449E-1 2.21768E-1 -9999 -9999 -9999 -9999 -9999 -9999 -9999 -9999 -9999 -9999 -9999 -9999 -9999 -9999 -9999 -9999 -9999 -9999 -9999 -9999 -9999 -9999 -9999 -9999 -9999 -9999 -9999 -9999 -9999 -9999 -9999 2.15324E-1 1.66412E-1 3.0795E-1 2.83179E-1 1.91161E-1 3.6278E-1 5.76924E-1 5.95899E-1 6.46951E-1 8.00664E-1 2.33723E-1 1.99075E-1 7.05647E-2 4.57453E-2 2.05244E-2 5.09365E-2 4.41858E-2 8.45822E-3 1.16661E-2 1.78453E-2 2.24265E-2 2.98038E-2 2.71163E-2 1.54083E-1
9.50599E-1 8.69204E-1 9.42809E-1 9.01518E-1 6.99019E-1 7.68777E-1 -9999 -9999 -9999 -9999 7.08925E-1 5.33547E-1 3.9258E-1 2.89047E-1 3.56858E-1 2.45874E-1 5.55633E-1 5.6317E-1 4.5221E-1 3.21391E-1 2.29494E-1 5.2301E-1 -9999 -9999 -9999 -9999 -9999 -9999 -9999 -9999 -9999 -9999 -9999 -9999 -9999 -9999 -9999 -9999 -9999 -9999 -9999 -9999 -9999 -9999 -9999 -9999 -9999 -9999 -9999 -9999 -9999 -9999 -9999 -9999 2.98521E-1 2.68459E-1 3.89451E-1 4.145E-1 3.69139E-1 5.34031E-1 8.06782E-1 8.60993E-1 9.2133E-1 8.79822E-1 6.93595E-1 3.12304E-1 8.26254E-2 7.77985E-2 4.99352E-2 3.99407E-2 3.18335E-2 6.25814E-3 1.78601E-2 7.86766E-3 1.74018E-2 1.09395E-2 1.18488E-2 1.94922E-1
9.55545E-1 8.91563E-1 6.75161E-1 4.27798E-1 8.09543E-1 8.0841E-1 7.85273E-1 8.45774E-1 -9999 -9999 -9999 -9999 -9999 1.87568E-1 2.49417E-1 4.73137E-1 6.68209E-1 4.59845E-1 4.24285E-1 4.30748E-1 6.4968E-1 7.02778E-1 -9999 -9999 -9999 -9999 -9999 -9999 -9999 -9999 -9999 -9999 -9999 -9999 -9999 -9999 -9999 -9999 -9999 -9999 -9999 -9999 -9999 -9999 -9999 -9999 -9999 -9999 -9999 -9999 -9999 -9999 -9999 -9999 -9999 -9999 -9999 3.30174E-1 6.52377E-1 5.28989E-1 6.91803E-1 7.30243E-1 8.07999E-1 7.56079E-1 8.59916E-1 4.29469E-1 2.87988E-1 4.15913E-2 1.07625E-1 5.42391E-2 4.95065E-2 1.33205E-2 1.25344E-2 1.56675E-2 1.49928E-2 3.28317E-2 5.56421E-2 1.23284E-1
8.20714E-1 6.96863E-1 5.24705E-1 4.98095E-1 5.554E-1 7.7105E-1 8.22087E-1 9.23072E-1 7.9045E-1 -9999 -9999 -9999 -9999 3.75398E-1 4.03279E-1 6.28938E-1 7.00831E-1 5.1033E-1 4.84957E-1 4.37956E-1 4.6657E-1 4.42699E-1 -9999 -9999 -9999 -9999 -9999 -9999 -9999 -9999 -9999 -9999 -9999 -9999 -9999 -9999 -9999 -9999 -9999 -9999 -9999 -9999 -9999 -9999 -9999 -9999 -9999 -9999 -9999 -9999 -9999 -9999 -9999 -9999 -9999 -9999 -9999 -9999 8.70047E-1 8.52072E-1 5.41604E-1 6.86953E-1 8.4455E-1 8.50301E-1 5.40091E-1 8.76586E-1 3.47639E-1 1.09944E-1 1.10997E-1 5.06522E-2 5.49694E-2 1.35055E-2 3.71127E-2 1.98036E-2 2.37592E-2 1.20859E-2 1.38589E-2 6.63702E-2
7.60551E-1 6.91761E-1 7.35261E-1 6.52224E-1 5.93596E-1 6.65653E-1 7.62696E-1 8.24335E-1 8.37443E-1 9.01031E-1 -9999 -9999 -9999 -9999 -9999 -9999 7.93494E-1 7.54728E-1 4.22013E-1 3.82925E-1 2.03874E-1 -9999 -9999 -9999 -9999 -9999 -9999 -9999 -9999 -9999 -9999 -9999 -9999 -9999 -9999 -9999 -9999 -9999 -9999 -9999 -9999 -9999 -9999 -9999 -9999 -9999 -9999 -9999 -9999 -9999 -9999 -9999 -9999 -9999 -9999 -9999 -9999 -9999 5.62765E-1 8.53668E-1 7.06759E-1 5.28721E-1 6.66335E-1 8.89102E-1 8.84114E-1 6.11721E-1 3.51227E-1 1.1937E-1 8.21447E-2 9.86699E-2 8.59038E-2 2.85495E-2 6.5579E-2 1.47477E-2 3.14103E-2 2.70781E-2 3.84262E-2 3.31392E-2
9.43759E-1 7.00737E-1 9.08281E-1 9.21794E-1 8.65458E-1 7.87189E-1 7.57289E-1 8.34187E-1 8.73801E-1 8.18442E-1 8.8144E-1 -9999 -9999 -9999 -9999 3.7494E-1 6.50839E-1 2.71445E-1 2.68577E-1 2.22204E-1 1.2871E-1 -9999 -9999 -9999 -9999 -9999 -9999 -9999 -9999 -9999 -9999 -9999 -9999 -9999 -9999 -9999 -9999 -9999 -9999 -9999 -9999 -9999 -9999 -9999 -9999 -9999 -9999 -9999 -9999 -9999 -9999 -9999 -9999 -9999 -9999 -9999 -9999 2.60258E-1 3.31897E-1 4.67294E-1 9.50459E-1 6.7543E-1 5.55159E-1 5.3586E-1 4.69244E-1 2.82858E-1 2.14163E-1 2.12831E-1 1.40682E-1 2.0441E-1 2.13472E-1 6.64852E-2 1.09283E-1 5.82924E-2 2.1672E-2 2.43694E-2 9.71297E-3 1.14159E-2
9.47087E-1 3.68033E-1 5.81856E-1 7.07985E-1 6.90545E-1 7.00367E-1 7.57634E-1 9.67184E-1 8.72973E-1 9.07821E-1 9.19221E-1 8.96311E-1 8.36731E-1 -9999 -9999 5.83064E-1 7.30965E-1 1.14379E-1 4.72052E-2 8.00425E-2 1.46185E-1 -9999 -9999 -9999 -9999 -9999 -9999 -9999 -9999 -9999 -9999 -9999 -9999 -9999 -9999 -9999 -9999 -9999 -9999 1.04048E-1 -9999 -9999 -9999 -9999 -9999 -9999 -9999 -9999 -9999 -9999 -9999 -9999 -9999 -9999 -9999 -9999 -9999 1.76821E-1 2.05462E-1 3.22793E-1 4.83264E-1 5.13867E-1 5.51664E-1 4.01649E-1 3.53174E-1 6.7504E-1 4.82309E-1 2.24429E-1 4.23448E-1 4.1281E-1 2.43803E-1 2.4427E-1 1.01741E-1 4.05945E-2 3.41398E-2 1.41107E-2 7.66139E-3 8.11398E-3
9.9035E-1 9.3082E-1 9.03701E-1 9.5428E-1 8.10932E-1 8.18587E-1 8.63268E-1 7.45273E-1 9.73942E-1 9.46544E-1 9.74945E-1 9.85538E-1 8.99034E-1 6.57497E-1 7.84635E-1 6.61569E-1 4.49335E-1 1.31513E-1 2.8869E-2 6.98265E-2 6.46801E-2 -9999 -9999 -9999 -9999 -9999 -9999 -9999 -9999 -9999 -9999 -9999 -9999 -9999 -9999 -9999 6.52057E-2 -9999 -9999 1.11279E-1 -9999 -9999 -9999 -9999 -9999 -9999 -9999 -9999 -9999 -9999 -9999 -9999 -9999 -9999 -9999 -9999 -9999 -9999 1.39259E-1 3.18882E-1 3.75619E-1 7.56484E-1 5.79365E-1 4.72024E-1 5.40235E-1 4.14793E-1 2.4302E-1 3.92752E-1 8.59093E-1 8.28295E-1 2.72254E-1 2.51592E-1 1.57444E-1 1.89579E-1 3.34226E-2 3.50393E-2 4.92214E-3 5.66196E-3
9.07672E-1 9.70595E-1 8.44379E-1 8.79194E-1 9.40591E-1 9.57552E-1 9.99093E-1 9.5783E-1 8.8009E-1 9.2942E-1 8.90184E-1 9.44976E-1 8.52332E-1 6.74326E-1 7.00786E-1 6.13164E-1 5.54727E-1 2.87975E-1 5.48723E-2 1.19312E-1 1.60227E-1 6.70587E-2 -9999 -9999 -9999 -9999 -9999 -9999 -9999 -9999 -9999 -9999 -9999 -9999 -9999 6.07812E-2 4.31582E-2 -9999 -9999 1.90926E-1 -9999 -9999 -9999 -9999 -9999 -9999 -9999 -9999 -9999 -9999 -9999 -9999 -9999 -9999 -9999 -9999 -9999 -9999 -9999 5.80406E-2 7.32406E-2 1.32517E-1 2.60187E-1 2.5017E-1 2.02554E-1 2.39959E-1 1.87519E-1 3.23775E-1 3.77676E-1 5.97853E-1 5.13097E-1 4.02937E-1 2.30968E-1 1.53527E-1 1.67012E-2 1.45874E-2 8.18528E-3 2.80768E-2
9.04632E-1 7.64853E-1 9.00533E-1 7.0593E-1 6.99051E-1 8.19245E-1 9.67801E-1 9.65182E-1 8.55777E-1 9.78931E-1 8.37053E-1 7.08251E-1 8.88957E-1 7.08223E-1 6.67789E-1 3.34383E-1 2.84493E-1 2.14278E-1 1.86478E-1 1.0622E-1 1.57755E-1 3.75112E-1 -9999 -9999 -9999 -9999 -9999 -9999 -9999 -9999 -9999 -9999 -9999 -9999 -9999 1.0792E-1 5.55453E-2 -9999 1.13882E-1 1.16907E-1 -9999 -9999 -9999 -9999 -9999 -9999 -9999 -9999 -9999 -9999 -9999 -9999 -9999 -9999 -9999 -9999 -9999 -9999 -9999 4.24686E-2 5.08587E-2 5.4615E-2 7.96764E-2 8.52993E-2 7.67011E-2 9.86851E-2 1.60756E-1 7.3004E-2 1.00009E-1 7.2654E-2 4.84223E-2 1.00491E-1 4.97596E-2 1.69019E-2 3.66443E-2 3.18277E-2 2.51208E-2 2.08079E-2
7.88432E-1 8.08762E-1 6.99882E-1 8.99336E-1 7.8454E-1 5.63338E-1 7.2475E-1 8.49322E-1 9.00702E-1 8.73061E-1 8.76951E-1 9.60597E-1 8.14388E-1 5.52017E-1 4.87725E-1 2.34205E-1 1.5154E-1 9.74717E-2 6.97243E-2 7.31988E-2 1.13662E-1 3.02425E-1 3.46247E-1 -9999 -9999 -9999 -9999 -9999 -9999 -9999 -9999 -9999 -9999 -9999 1.27715E-1 2.6324E-1 1.08279E-1 1.5679E-1 1.15825E-1 2.13644E-1 -9999 -9999 -9999 -9999 -9999 -9999 -9999 -9999 -9999 -9999 -9999 -9999 -9999 -9999 -9999 -9999 -9999 -9999 -9999 -9999 -9999 -9999 5.69597E-2 3.22732E-2 1.57615E-2 2.10793E-2 4.08812E-2 4.3137E-2 5.0155E-2 2.87095E-2 5.07998E-2 7.31727E-2 4.65179E-2 3.45576E-2 4.27367E-2 3.72931E-2 3.86581E-2 3.66795E-2
7.84098E-1 7.7786E-1 7.38228E-1 8.2103E-1 7.58742E-1 6.06612E-1 7.63894E-1 7.61212E-1 7.87974E-1 6.93989E-1 9.29321E-1 9.71713E-1 6.14724E-1 3.45865E-1 2.4566E-1 2.75553E-1 1.18864E-1 8.57986E-2 4.11252E-2 7.16789E-2 1.03713E-1 2.07E-1 3.57651E-1 -9999 -9999 -9999 -9999 -9999 -9999 -9999 6.96606E-1 5.50598E-1 -9999 -9999 2.23862E-1 1.87755E-1 7.7652E-2 2.525E-1 2.02077E-1 1.69387E-1 2.24708E-1 -9999 -9999 -9999 -9999 -9999 -9999 -9999 -9999 -9999 -9999 -9999 -9999 -9999 -9999 -9999 -9999 -9999 -9999 -9999 -9999 -9999 2.43243E-2 1.66079E-2 5.34686E-2 3.91187E-2 3.44655E-2 3.35259E-2 4.54875E-2 4.71855E-2 3.8862E-2 7.69898E-2 6.49743E-2 6.20103E-2 4.40326E-2 2.61792E-2 1.21563E-1 1.33622E-1
7.17026E-1 7.74618E-1 7.75309E-1 8.42802E-1 7.13786E-1 7.3385E-1 7.72485E-1 8.80747E-1 6.58917E-1 5.22901E-1 8.64269E-1 9.35636E-1 8.2002E-1 2.85873E-1 1.91582E-1 1.4686E-1 1.69466E-1 1.34417E-1 8.62731E-2 6.90896E-2 1.04285E-1 2.36441E-1 3.56853E-1 -9999 -9999 -9999 -9999 -9999 -9999 -9999 5.55461E-1 6.66917E-1 3.16565E-1 -9999 3.22859E-1 2.65773E-1 1.00329E-1 1.70475E-1 7.22906E-2 1.98929E-1 -9999 -9999 -9999 -9999 -9999 -9999 -9999 -9999 -9999 -9999 -9999 -9999 -9999 -9999 -9999 -9999 -9999 -9999 -9999 -9999 -9999 3.05502E-2 2.59734E-2 1.69513E-2 3.4991E-2 3.80256E-2 2.57154E-2 4.28181E-2 7.69253E-2 4.06503E-2 4.40141E-2 5.6354E-2 5.66017E-2 3.85968E-2 6.1426E-2 7.22911E-2 1.60594E-1 1.68428E-1
7.46869E-1 6.07538E-1 7.8943E-1 8.16116E-1 8.22941E-1 9.28719E-1 8.00099E-1 8.56092E-1 6.03465E-1 4.69507E-1 7.84853E-1 9.49208E-1 6.94945E-1 3.06093E-1 3.09186E-1 2.05472E-1 2.5952E-1 1.3666E-1 1.33375E-1 1.01456E-1 1.33765E-1 1.97484E-1 4.5803E-1 6.09822E-1 -9999 -9999 -9999 -9999 -9999 -9999 -9999 6.26601E-1 3.03237E-1 1.8654E-1 4.28928E-1 4.36691E-1 1.03317E-1 1.48449E-1 2.02923E-1 2.64969E-1 -9999 -9999 -9999 -9999 -9999 -9999 -9999 -9999 -9999 -9999 -9999 -9999 -9999 -9999 -9999 -9999 -9999 -9999 -9999 -9999 -9999 3.19828E-2 4.33132E-2 1.74261E-2 3.3882E-2 3.28382E-2 2.47154E-2 2.3481E-2 5.71557E-2 5.38649E-2 7.1115E-2 4.12695E-2 4.9171E-2 6.81867E-2 7.05095E-2 1.08633E-1 2.26109E-1 1.15343E-1
6.04895E-1 7.27353E-1 6.61254E-1 5.90546E-1 7.06758E-1 9.42526E-1 7.08985E-1 7.1134E-1 6.05247E-1 3.86441E-1 6.60249E-1 9.5523E-1 9.1795E-1 3.04449E-1 3.6231E-1 3.69236E-1 1.69841E-1 1.39192E-1 2.64881E-1 1.85052E-1 2.81751E-1 3.7259E-1 2.50239E-1 4.9052E-1 -9999 -9999 -9999 -9999 -9999 -9999 -9999 5.48056E-1 2.30619E-1 2.7285E-1 2.58603E-1 3.28278E-1 1.29783E-1 1.08947E-1 2.02399E-1 7.58057E-2 -9999 -9999 -9999 -9999 -9999 -9999 -9999 -9999 -9999 -9999 -9999 -9999 -9999 -9999 -9999 -9999 -9999 -9999 -9999 -9999 3.15148E-2 2.8367E-2 5.09165E-2 3.52975E-2 2.35891E-2 2.89537E-2 3.78122E-2 3.5807E-2 4.29105E-2 5.7749E-2 6.46106E-2 6.28477E-2 5.4211E-2 6.44104E-2 4.92864E-2 2.64235E-1 2.29437E-1 7.93239E-2
5.08106E-1 4.69331E-1 5.85638E-1 8.15656E-1 7.82781E-1 7.37014E-1 8.21809E-1 7.83337E-1 7.24251E-1 5.00951E-1 7.8732E-1 9.33131E-1 6.47697E-1 5.38101E-1 4.73868E-1 4.71102E-1 2.15121E-1 1.7237E-1 3.95646E-1 1.57571E-1 3.26928E-1 4.66447E-1 5.42563E-1 2.71066E-1 -9999 -9999 -9999 -9999 -9999 -9999 -9999 -9999 2.16654E-1 4.3231E-1 4.73004E-1 6.34499E-1 3.99226E-1 1.80297E-1 2.22304E-1 5.65619E-2 -9999 -9999 -9999 -9999 -9999 -9999 -9999 -9999 -9999 -9999 -9999 -9999 -9999 -9999 -9999 -9999 -9999 -9999 -9999 -9999 -9999 -9999 -9999 -9999 -9999 -9999 5.24632E-2 2.37546E-2 3.34417E-2 1.62301E-2 5.26653E-2 3.43223E-2 8.00967E-2 3.43468E-2 1.18579E-1 5.81799E-2 1.22803E-1 1.8779E-1
6.32284E-1 8.82982E-1 8.94697E-1 8.9496E-1 8.82697E-1 8.28809E-1 7.94455E-1 7.54355E-1 7.07316E-1 5.79892E-1 3.77851E-1 7.63813E-1 5.36091E-1 5.30902E-1 5.57238E-1 5.49616E-1 7.11738E-1 4.58512E-1 2.02422E-1 2.41173E-1 2.3682E-1 1.8949E-1 1.35935E-1 2.75705E-1 1.73777E-1 2.86144E-1 -9999 -9999 -9999 -9999 -9999 -9999 -9999 3.97908E-1 4.40502E-1 5.05905E-1 2.15084E-1 2.66476E-1 2.40032E-1 2.05031E-1 -9999 -9999 -9999 -9999 -9999 -9999 -9999 -9999 -9999 -9999 -9999 -9999 -9999 -9999 -9999 -9999 -9999 -9999 -9999 -9999 -9999 -9999 -9999 -9999 -9999 -9999 -9999 -9999 2.67368E-2 7.41249E-2 2.37396E-2 4.05668E-2 2.7885E-2 3.1777E-2 7.26077E-2 4.67676E-2 1.45853E-1 4.60546E-1
8.79963E-1 8.61407E-1 8.71597E-1 9.26634E-1 8.85843E-1 9.04812E-1 8.17127E-1 8.13299E-1 7.16624E-1 6.11616E-1 3.96183E-1 5.14244E-1 5.64517E-1 4.28115E-1 3.35535E-1 1.84928E-1 2.38219E-1 2.62759E-1 1.4795E-1 1.05775E-1 2.07505E-1 2.53018E-1 2.43576E-1 3.3441E-1 2.44883E-1 3.75631E-1 -9999 -9999 -9999 -9999 -9999 -9999 -9999 4.84449E-1 4.9868E-1 3.0166E-1 3.6806E-1 1.43141E-1 2.80315E-1 1.60904E-1 -9999 -9999 -9999 -9999 -9999 -9999 -9999 -9999 -9999 -9999 -9999 -9999 -9999 -9999 -9999 -9999 -9999 -9999 -9999 -9999 -9999 -9999 -9999 -9999 -9999 -9999 -9999 -9999 4.83707E-2 4.41738E-2 3.36317E-2 4.73101E-2 2.80481E-2 5.68341E-2 1.02104E-1 6.01659E-2 1.35406E-1 4.81375E-1
8.06465E-1 6.87136E-1 7.57448E-1 7.8979E-1 9.33402E-1 8.83695E-1 9.3778E-1 7.71987E-1 5.67663E-1 7.24195E-1 6.32164E-1 5.63927E-1 5.48285E-1 2.53876E-1 2.7653E-1 1.38019E-1 1.225E-1 1.51278E-1 4.33657E-2 9.55756E-2 1.00851E-1 2.92217E-1 2.68073E-1 3.98807E-1 4.36515E-1 2.86529E-1 1.96536E-1 -9999 -9999 -9999 -9999 -9999 -9999 6.09024E-1 4.6453E-1 3.88234E-1 1.29429E-1 1.13037E-1 1.47037E-1 9.87984E-2 -9999 -9999 -9999 -9999 -9999 -9999 -9999 -9999 -9999 -9999 -9999 -9999 -9999 -9999 -9999 -9999 -9999 -9999 -9999 -9999 -9999 -9999 -9999 -9999 -9999 -9999 -9999 5.06293E-2 5.83893E-2 5.40228E-2 3.11939E-2 3.32258E-2 5.78033E-2 5.81867E-2 1.2699E-1 1.13642E-1 1.11485E-1 1.79601E-1
8.42149E-1 6.46248E-1 6.44441E-1 7.95414E-1 8.80357E-1 7.99088E-1 8.26953E-1 6.52734E-1 8.85759E-1 7.67138E-1 6.612E-1 5.68586E-1 3.83007E-1 1.7912E-1 2.43627E-1 2.47679E-1 1.93075E-1 2.61305E-1 1.03E-1 6.54833E-3 1.40995E-1 1.32975E-1 5.25128E-1 3.48996E-1 4.31653E-1 2.2823E-1 8.86278E-2 -9999 -9999 -9999 -9999 -9999 -9999 7.50811E-1 4.89784E-1 4.77216E-1 3.60894E-1 1.42394E-1 2.15895E-1 -9999 -9999 -9999 -9999 4.23313E-1 7.96193E-1 -9999 -9999 -9999 -9999 -9999 -9999 -9999 -9999 -9999 -9999 -9999 -9999 -9999 -9999 -9999 -9999 -9999 -9999 -9999 -9999 -9999 2.74618E-2 4.29748E-2 5.66004E-2 3.255E-2 2.72806E-2 3.59215E-2 5.27244E-2 4.70831E-2 9.74279E-2 9.43404E-2 7.60283E-2 1.23639E-1
8.6756E-1 9.04553E-1 5.34847E-1 5.75931E-1 8.0522E-1 8.28016E-1 8.50861E-1 6.86873E-1 8.80046E-1 7.11664E-1 5.78506E-1 5.48496E-1 1.71395E-1 9.07959E-2 2.36381E-1 2.97412E-1 2.61553E-1 2.73977E-1 9.37197E-2 2.1433E-2 2.24097E-1 2.78128E-1 4.11061E-1 5.0319E-1 2.69575E-1 2.87558E-1 8.95951E-2 8.90853E-2 -9999 -9999 -9999 -9999 -9999 6.23197E-1 4.65736E-1 4.87046E-1 3.57771E-1 2.29659E-1 3.24238E-1 -9999 -9999 -9999 1.6279E-1 2.0953E-1 8.4198E-1 -9999 -9999 -9999 -9999 -9999 -9999 -9999 -9999 -9999 -9999 -9999 -9999 -9999 -9999 -9999 -9999 -9999 -9999 -9999 -9999 -9999 -9999 5.56872E-2 2.90777E-2 4.38964E-2 5.01995E-2 4.35048E-2 9.60374E-2 5.82316E-2 5.5863E-2 4.81114E-2 7.11413E-2 4.16653E-2
8.74044E-1 9.0196E-1 5.25755E-1 4.17676E-1 3.78711E-1 6.18255E-1 8.76794E-1 7.86174E-1 7.30719E-1 6.75842E-1 4.84346E-1 5.59222E-1 1.93746E-1 1.06248E-1 1.73618E-1 1.63727E-1 1.30885E-1 5.8648E-2 1.74982E-2 2.52704E-2 1.04614E-1 2.51423E-1 4.10009E-1 7.78846E-1 3.34596E-1 2.73129E-1 2.95159E-1 4.15243E-1 -9999 -9999 -9999 -9999 -9999 6.13891E-1 6.24581E-1 5.79293E-1 4.07151E-1 3.46817E-1 1.37004E-1 -9999 -9999 -9999 1.64147E-1 7.88352E-2 1.58604E-1 -9999 -9999 -9999 -9999 -9999 -9999 -9999 -9999 -9999 -9999 -9999 -9999 -9999 -9999 -9999 -9999 -9999 -9999 -9999 -9999 -9999 -9999 3.27777E-2 3.34036E-2 4.67009E-2 6.46168E-2 6.12446E-2 4.62363E-2 2.85172E-2 5.59939E-2 7.10257E-2 1.13687E-1 9.54516E-2
9.32756E-1 9.79444E-1 7.90284E-1 5.58869E-1 4.18838E-1 6.96044E-1 8.0095E-1 7.92939E-1 7.37482E-1 4.85389E-1 4.34211E-1 5.55783E-1 5.62317E-1 1.0807E-1 8.63048E-2 1.07696E-1 5.42983E-2 1.69454E-1 5.30853E-2 2.56259E-1 4.48924E-2 4.21642E-1 8.68511E-1 4.74569E-1 4.61492E-1 4.1118E-1 2.04577E-1 2.75019E-1 2.9698E-1 -9999 -9999 -9999 -9999 7.22777E-1 6.37708E-1 6.57303E-1 4.82646E-1 2.01377E-1 1.53214E-1 -9999 -9999 -9999 1.37165E-1 1.04445E-1 4.77107E-2 -9999 -9999 -9999 -9999 -9999 -9999 2.93713E-2 3.89068E-2 -9999 -9999 -9999 -9999 -9999 -9999 -9999 -9999 -9999 -9999 -9999 -9999 -9999 -9999 2.33988E-2 5.63594E-2 4.98931E-2 5.81807E-2 4.57644E-2 3.30966E-2 6.53874E-2 6.49949E-2 5.77546E-2 5.82213E-2 9.10306E-2
9.75147E-1 9.80606E-1 7.88284E-1 7.43797E-1 4.17016E-1 5.1808E-1 6.96139E-1 7.38123E-1 4.93786E-1 4.01247E-1 4.40989E-1 6.80499E-1 2.92098E-1 1.74737E-1 2.81568E-1 1.4674E-1 1.41232E-1 1.00937E-1 2.92675E-1 2.00267E-1 2.77079E-1 5.64528E-1 7.26238E-1 2.71758E-1 2.67774E-1 4.87545E-1 3.22918E-1 4.22646E-1 4.55345E-1 -9999 -9999 -9999 7.57832E-1 7.33477E-1 5.4694E-1 3.13757E-1 3.28779E-1 6.72232E-1 3.93242E-1 -9999 -9999 4.4525E-2 1.06185E-1 1.09354E-1 1.6126E-1 -9999 -9999 -9999 -9999 -9999 -9999 1.27275E-1 5.23709E-2 -9999 -9999 -9999 -9999 -9999 -9999 -9999 -9999 -9999 -9999 -9999 -9999 -9999 -9999 2.9683E-2 1.00977E-1 7.26322E-2 5.3042E-2 2.67433E-2 3.09104E-2 2.37457E-2 6.15768E-2 8.18397E-2 1.58317E-1 1.51602E-1
9.836E-1 9.86978E-1 8.36266E-1 7.34551E-1 6.51581E-1 4.02952E-1 4.28226E-1 4.55768E-1 6.80442E-1 6.15137E-1 4.0989E-1 4.04854E-1 4.80671E-1 3.15123E-1 2.34707E-1 1.78124E-1 1.82936E-1 1.03584E-1 2.4104E-1 1.75124E-1 2.52322E-1 5.19739E-1 7.43404E-1 7.15328E-1 6.03145E-1 3.7552E-1 2.64417E-1 2.84353E-1 3.68718E-1 2.91633E-1 -9999 -9999 7.47075E-1 6.26685E-1 4.8623E-1 2.62028E-1 2.76483E-1 4.2109E-1 4.5452E-1 -9999 -9999 9.79775E-2 8.11627E-2 4.88086E-2 1.27552E-1 -9999 -9999 -9999 -9999 -9999 -9999 2.63804E-1 2.337E-1 -9999 -9999 -9999 -9999 -9999 -9999 -9999 -9999 -9999 -9999 -9999 -9999 -9999 -9999 -9999 4.16375E-2 7.73189E-2 1.26833E-1 7.38885E-2 3.92888E-2 2.09426E-2 2.18015E-2 5.79207E-2 1.20958E-1 1.16884E-1
9.85509E-1 9.89363E-1 8.93555E-1 7.54599E-1 6.05577E-1 4.64829E-1 4.13091E-1 5.08015E-1 4.90953E-1 5.27322E-1 3.53237E-1 5.53872E-1 5.46751E-1 1.39823E-1 2.23688E-1 2.04239E-1 7.2573E-2 9.76844E-2 1.92735E-1 1.40129E-1 3.26195E-1 4.32686E-1 6.13273E-1 7.00101E-1 6.86694E-1 6.85398E-1 4.88739E-1 3.01697E-1 3.78113E-1 2.63386E-1 -9999 -9999 3.6236E-1 5.34342E-1 5.82636E-1 4.96044E-1 4.01616E-1 2.49525E-1 3.95856E-1 2.39316E-1 6.2584E-2 4.61658E-2 5.60917E-2 5.19067E-2 5.01608E-2 -9999 -9999 -9999 -9999 -9999 -9999 4.0886E-1 2.02747E-1 1.38368E-1 -9999 -9999 -9999 -9999 -9999 -9999 -9999 -9999 -9999 -9999 -9999 -9999 -9999 -9999 3.30034E-2 4.61706E-2 9.24304E-2 1.52153E-1 4.25681E-2 4.27575E-2 4.94034E-2 7.02576E-2 1.30502E-1 1.52521E-1
7.8269E-1 9.88458E-1 8.10321E-1 8.50717E-1 8.08408E-1 5.18582E-1 5.41462E-1 3.98934E-1 4.4646E-1 5.54278E-1 4.31758E-1 6.86894E-1 6.63615E-1 2.49449E-1 2.00293E-1 1.81889E-1 1.78582E-1 2.12186E-1 1.46784E-1 3.7807E-1 2.97755E-1 2.4954E-1 4.03037E-1 5.75052E-1 5.02302E-1 4.61151E-1 6.06909E-1 6.31415E-1 4.34474E-1 3.33536E-1 -9999 -9999 3.40456E-1 3.99427E-1 5.34739E-1 5.11448E-1 4.94085E-1 2.92772E-1 4.73914E-1 2.27292E-1 5.05977E-2 6.08862E-2 8.07763E-2 1.85733E-2 1.55737E-2 -9999 -9999 -9999 -9999 -9999 2.89611E-1 3.55198E-1 3.29546E-1 2.32139E-1 -9999 -9999 -9999 -9999 -9999 -9999 -9999 -9999 -9999 -9999 -9999 -9999 -9999 -9999 3.05522E-2 4.33371E-2 7.04487E-2 2.02839E-1 1.12668E-1 4.17128E-2 4.18428E-2 7.98906E-2 1.30519E-1 1.44472E-1
9.36609E-1 9.85644E-1 8.71304E-1 8.27157E-1 7.81182E-1 6.02686E-1 4.97447E-1 6.49566E-1 5.69595E-1 5.72698E-1 4.34485E-1 6.39073E-1 4.95424E-1 2.408E-1 1.19172E-1 1.02716E-1 4.34991E-2 5.90243E-2 6.66597E-2 4.39804E-1 4.84132E-1 2.23507E-1 1.71859E-1 2.68961E-1 4.80516E-1 5.78387E-1 6.54972E-1 5.97362E-1 5.31582E-1 4.30091E-1 2.65987E-1 -9999 2.1669E-1 3.25192E-1 2.72167E-1 2.5039E-1 3.78694E-1 3.35548E-1 3.37003E-1 1.24525E-1 1.40882E-1 8.55469E-2 5.84965E-2 5.59218E-2 5.36031E-2 -9999 -9999 -9999 -9999 -9999 1.61011E-1 6.90153E-1 6.4764E-1 4.68782E-1 2.36482E-1 1.32732E-1 -9999 -9999 -9999 -9999 -9999 -9999 -9999 -9999 -9999 -9999 -9999 -9999 -9999 5.10318E-2 1.74111E-1 1.90201E-1 9.44712E-2 9.13782E-2 1.16806E-1 1.47109E-1 1.8382E-1 1.0737E-1
9.63622E-1 9.13019E-1 9.57529E-1 9.74193E-1 8.52618E-1 6.61902E-1 4.6534E-1 3.69657E-1 4.87368E-1 6.81549E-1 6.02707E-1 7.11732E-1 5.65779E-1 4.14806E-1 1.1558E-1 1.60538E-1 1.06331E-1 6.75678E-2 1.09572E-1 2.2209E-1 1.89794E-1 3.21408E-1 2.5018E-1 2.45964E-1 1.58322E-1 4.35274E-1 6.12647E-1 5.66838E-1 4.41089E-1 3.68088E-1 4.49611E-1 -9999 -9999 4.82078E-1 3.31024E-1 3.16271E-1 3.72851E-1 6.32942E-1 4.74069E-1 1.5997E-1 3.96596E-1 2.69146E-1 1.98563E-1 1.44644E-1 1.61608E-1 -9999 -9999 -9999 -9999 -9999 1.85831E-1 1.52325E-1 9.03546E-1 9.58784E-1 7.99477E-1 2.62077E-1 3.13012E-1 -9999 -9999 -9999 -9999 -9999 -9999 -9999 -9999 -9999 -9999 -9999 -9999 9.48532E-2 1.43082E-1 1.82516E-1 1.70439E-1 1.15705E-1 1.10747E-1 1.20597E-1 1.01968E-1 2.53463E-1
9.63923E-1 9.81269E-1 9.13386E-1 8.50067E-1 8.54065E-1 7.8635E-1 7.80513E-1 7.33647E-1 7.94266E-1 7.74363E-1 7.85317E-1 8.46757E-1 8.35535E-1 3.60605E-1 2.07247E-1 1.01133E-1 1.37213E-1 1.63152E-1 2.56381E-1 2.8317E-1 3.00184E-1 3.12924E-1 6.27207E-1 2.91582E-1 2.81863E-1 1.38455E-1 3.17589E-1 3.56407E-1 6.44607E-1 7.15173E-1 5.45376E-1 6.2564E-1 -9999 5.48521E-1 4.38268E-1 3.69041E-1 4.55263E-1 4.04273E-1 5.82292E-1 3.52774E-1 4.93939E-1 2.36032E-1 3.35476E-1 3.4511E-1 2.6072E-1 -9999 -9999 -9999 -9999 -9999 1.97154E-1 2.89972E-1 1.67089E-1 6.8821E-1 9.3357E-1 6.845E-1 5.65689E-1 -9999 -9999 -9999 -9999 -9999 -9999 -9999 -9999 -9999 -9999 -9999 -9999 4.14963E-2 8.90977E-2 1.04317E-1 1.68733E-1 7.90216E-2 1.79863E-1 1.7703E-1 2.92824E-1 2.61377E-1
9.89044E-1 9.60692E-1 9.07456E-1 9.7111E-1 9.24795E-1 9.28086E-1 8.58331E-1 8.87751E-1 9.35636E-1 7.61379E-1 7.86185E-1 7.38182E-1 8.43001E-1 6.25053E-1 3.28835E-1 1.753E-1 7.27857E-2 1.22119E-1 1.5263E-1 1.67239E-1 1.82199E-1 3.48432E-1 3.2092E-1 5.51519E-1 5.24395E-1 4.19005E-1 2.32684E-1 2.8978E-1 3.60525E-1 7.91072E-1 7.58568E-1 6.52042E-1 -9999 -9999 4.97324E-1 3.612E-1 4.07007E-1 5.14162E-1 3.7776E-1 3.45975E-1 4.47309E-1 4.66849E-1 6.25757E-1 3.95743E-1 4.20435E-1 -9999 -9999 -9999 -9999 -9999 7.73855E-2 6.90283E-2 1.8327E-1 2.63847E-1 5.53781E-1 5.92759E-1 5.27469E-1 -9999 -9999 -9999 -9999 -9999 -9999 -9999 -9999 -9999 -9999 -9999 -9999 8.45362E-2 1.02585E-1 7.18902E-2 1.16571E-1 9.8367E-2 2.61542E-1 2.75539E-1 5.09273E-1 4.33795E-1
9.92853E-1 9.93302E-1 9.57133E-1 9.90597E-1 9.62156E-1 9.49269E-1 9.3269E-1 9.87004E-1 9.56172E-1 7.9897E-1 9.39094E-1 9.488E-1 9.24466E-1 7.9228E-1 2.28356E-1 1.6204E-1 6.57013E-2 5.00001E-2 7.16212E-2 1.12787E-1 1.15309E-1 4.74411E-1 2.25407E-1 4.96003E-1 5.66856E-1 6.31173E-1 2.59027E-1 2.52298E-1 3.15641E-1 7.16577E-1 6.71475E-1 8.59149E-1 -9999 -9999 -9999 3.54723E-1 4.69377E-1 5.35803E-1 5.71489E-1 3.91725E-1 5.14411E-1 3.14876E-1 7.45807E-1 7.18887E-1 5.01166E-1 -9999 -9999 -9999 -9999 -9999 7.10895E-2 7.13558E-2 1.19716E-1 2.42043E-1 2.42262E-1 3.68839E-1 3.0338E-1 -9999 -9999 -9999 -9999 -9999 -9999 1.1126E-1 -9999 -9999 -9999 -9999 -9999 -9999 8.01378E-2 1.98968E-2 7.73625E-2 1.09484E-1 2.46476E-1 3.6254E-1 5.47067E-1 4.94308E-1
9.93141E-1 9.74682E-1 9.24781E-1 9.91533E-1 9.30984E-1 9.11802E-1 9.65287E-1 8.59341E-1 9.93465E-1 8.5666E-1 6.96362E-1 7.29692E-1 7.65833E-1 7.51115E-1 2.6751E-1 1.51434E-1 6.65881E-2 6.79485E-2 3.06656E-2 2.76324E-2 3.40396E-2 8.56323E-2 1.73223E-1 3.99166E-1 4.81477E-1 5.95731E-1 5.80279E-1 3.17727E-1 2.98407E-1 6.59604E-1 7.7351E-1 8.83209E-1 7.71822E-1 -9999 -9999 -9999 6.25752E-1 6.41673E-1 6.11753E-1 3.22381E-1 3.70801E-1 3.16367E-1 5.3981E-1 6.17654E-1 4.84072E-1 -9999 -9999 -9999 -9999 -9999 6.40196E-2 5.15055E-2 9.50225E-2 2.44684E-1 3.57745E-1 4.74906E-1 6.02777E-1 -9999 -9999 -9999 -9999 -9999 -9999 9.18844E-2 1.02073E-1 -9999 -9999 -9999 9.98683E-2 -9999 1.08425E-1 3.99114E-2 1.14394E-1 1.43445E-1 3.34479E-1 3.35758E-1 3.69413E-1 6.92061E-1
